0 1205
1 1241
2 1714
3 1771
4 1924
5 1758
6 1671
7 1731
8 1447
9 1477
10 1895
11 1000
12 1998
13 1387
14 1636
15 1565
16 1265
17 1772
18 1211
19 1571
20 1795
21 1726
22 1555
23 1773
24 1365
25 1108
26 1586
27 1721
28 1732
29 1849
30 1310
31 1603
32 1622
33 1819
34 1813
35 1056
36 1750
37 1728
38 1698
39 1864
40 1872
41 1952
42 1536
43 1757
44 1595
45 1830
46 1161
47 1765
48 1234
49 1281
50 1990
51 1798
52 1178
53 1513
54 1199
55 1382
56 1398
57 1484
58 1404
59 1044
60 1855
61 1491
62 1156
63 1919
64 1804
65 1221
66 1569
67 1610
68 1630
69 1695
70 1873
71 1260
72 1583
73 1905
74 1824
75 1280
76 1025
77 1148
78 1897
79 1143
80 1465
81 1853
82 1982
83 1745
84 1454
85 1647
86 1119
87 1415
88 1546
89 1137
90 1705
91 1092
92 1353
93 1268
94 1006
95 1522
96 1333
97 1747
98 1719
99 1820
100 1191
101 1777
102 1734
103 1996
104 1435
105 1112
106 1032
107 1980
108 1079
109 1473
110 1154
111 1367
112 1580
113 1223
114 1564
115 1405
116 1528
117 1699
118 1039
119 1574
120 1446
121 1496
122 1746
123 1658
124 1155
125 1687
126 1232
127 1590
128 1987
129 1020
130 1403
131 1883
132 1337
133 1559
134 1744
135 1235
136 1729
137 1814
138 1097
139 1792
140 1190
141 1168
142 1877
143 1301
144 1480
145 1664
146 1076
147 1994
148 1523
149 1297
150 1041
151 1796
152 1763
153 1256
154 1213
155 1809
156 1451
157 1697
158 1034
159 1394
160 1628
161 1641
162 1799
163 1930
164 1059
165 1604
166 1896
167 1175
168 1876
169 1289
170 1913
171 1848
172 1270
173 1374
174 1696
175 1931
176 1428
177 1141
178 1550
179 1518
180 1008
181 1052
182 1423
183 1828
184 1254
185 1275
186 1488
187 1843
188 1094
189 1145
190 1346
191 1362
192 1511
193 1785
194 1506
195 1525
196 1532
197 1495
198 1132
199 1801
200 1531
201 1766
202 1862
203 1822
204 1380
205 1730
206 1022
207 1309
208 1290
209 1070
210 1149
211 1091
212 1424
213 1928
214 1099
215 1947
216 1649
217 1487
218 1355
219 1018
220 1685
221 1195
222 1050
223 1349
224 1460
225 1002
226 1716
227 1402
228 1386
229 1817
230 1575
231 1935
232 1027
233 1591
234 1478
235 1065
236 1479
237 1431
238 1429
239 1419
240 1378
241 1162
242 1088
243 1972
244 1589
245 1125
246 1547
247 1874
248 1943
249 1701
250 1588
251 1827
252 1186
253 1663
254 1481
255 1761
256 1315
257 1904
258 1173
259 1754
260 1735
261 1306
262 1845
263 1784
264 1338
265 1866
266 1210
267 1617
268 1718
269 1693
270 1625
271 1902
272 1922
273 1406
274 1713
275 1807
276 1458
277 1308
278 1999
279 1401
280 1643
281 1906
282 1626
283 1408
284 1939
285 1515
286 1955
287 1253
288 1971
289 1596
290 1841
291 1009
292 1863
293 1768
294 1592
295 1806
296 1988
297 1314
298 1470
299 1064
300 1949
301 1722
302 1106
303 1013
304 1859
305 1277
306 1539
307 1240
308 1551
309 1017
310 1783
311 1826
312 1558
313 1069
314 1727
315 1292
316 1737
317 1627
318 1900
319 1654
320 1055
321 1914
322 1410
323 1847
324 1776
325 1846
326 1282
327 1437
328 1673
329 1624
330 1554
331 1331
332 1967
333 1543
334 1703
335 1840
336 1677
337 1973
338 1356
339 1455
340 1031
341 1371
342 1660
343 1500
344 1177
345 1389
346 1655
347 1307
348 1036
349 1150
350 1821
351 1997
352 1837
353 1379
354 1741
355 1174
356 1760
357 1976
358 1850
359 1832
360 1607
361 1385
362 1311
363 1279
364 1593
365 1474
366 1563
367 1708
368 1222
369 1711
370 1966
371 1139
372 1979
373 1320
374 1218
375 1686
376 1068
377 1340
378 1325
379 1514
380 1302
381 1542
382 1632
383 1648
384 1802
385 1530
386 1552
387 1498
388 1261
389 1923
390 1390
391 1026
392 1975
393 1058
394 1535
395 1881
396 1633
397 1953
398 1164
399 1441
400 1825
401 1815
402 1736
403 1612
404 1485
405 1689
406 1393
407 1152
408 1160
409 1917
410 1181
411 1004
412 1621
413 1466
414 1012
415 1925
416 1272
417 1159
418 1544
419 1214
420 1891
421 1748
422 1540
423 1615
424 1471
425 1335
426 1326
427 1920
428 1206
429 1328
430 1363
431 1534
432 1884
433 1561
434 1611
435 1526
436 1399
437 1250
438 1336
439 1063
440 1115
441 1327
442 1384
443 1903
444 1228
445 1875
446 1614
447 1184
448 1676
449 1003
450 1566
451 1510
452 1524
453 1359
454 1334
455 1665
456 1601
457 1113
458 1062
459 1812
460 1219
461 1448
462 1109
463 1956
464 1962
465 1842
466 1215
467 1236
468 1482
469 1682
470 1072
471 1060
472 1678
473 1519
474 1322
475 1724
476 1780
477 1829
478 1445
479 1128
480 1357
481 1453
482 1051
483 1808
484 1950
485 1434
486 1803
487 1786
488 1954
489 1203
490 1871
491 1770
492 1220
493 1312
494 1029
495 1237
496 1457
497 1330
498 1568
499 1767
500 1476
501 1090
502 1981
503 1942
504 1243
505 1901
506 1851
507 1989
508 1645
509 1368
510 1372
511 1584
512 1670
513 1659
514 1202
515 1937
516 1142
517 1053
518 1061
519 1370
520 1533
521 1993
522 1541
523 1284
524 1585
525 1084
526 1769
527 1927
528 1295
529 1867
530 1858
531 1245
532 1274
533 1517
534 1172
535 1276
536 1207
537 1545
538 1629
539 1912
540 1974
541 1577
542 1656
543 1180
544 1413
545 1957
546 1857
547 1255
548 1958
549 1572
550 1965
551 1414
552 1122
553 1986
554 1239
555 1304
556 1890
557 1067
558 1230
559 1823
560 1136
561 1294
562 1360
563 1715
564 1490
565 1944
566 1991
567 1709
568 1035
569 1153
570 1978
571 1345
572 1463
573 1273
574 1755
575 1692
576 1037
577 1358
578 1753
579 1907
580 1127
581 1464
582 1287
583 1970
584 1844
585 1117
586 1167
587 1501
588 1520
589 1909
590 1869
591 1800
592 1040
593 1720
594 1620
595 1440
596 1608
597 1984
598 1932
599 1508
600 1461
601 1503
602 1249
603 1400
604 1977
605 1010
606 1835
607 1885
608 1011
609 1057
610 1412
611 1483
612 1509
613 1226
614 1675
615 1868
616 1669
617 1653
618 1286
619 1015
620 1775
621 1192
622 1438
623 1759
624 1158
625 1316
626 1468
627 1502
628 1264
629 1683
630 1251
631 1023
632 1886
633 1860
634 1662
635 1618
636 1985
637 1080
638 1493
639 1529
640 1078
641 1007
642 1642
643 1140
644 1497
645 1332
646 1639
647 1706
648 1992
649 1774
650 1033
651 1086
652 1787
653 1089
654 1342
655 1042
656 1600
657 1259
658 1151
659 1790
660 1278
661 1684
662 1366
663 1444
664 1749
665 1348
666 1212
667 1838
668 1549
669 1369
670 1411
671 1870
672 1257
673 1305
674 1321
675 1599
676 1269
677 1467
678 1288
679 1134
680 1616
681 1045
682 1888
683 1201
684 1852
685 1725
686 1258
687 1450
688 1082
689 1081
690 1030
691 1296
692 1187
693 1324
694 1107
695 1066
696 1672
697 1341
698 1751
699 1163
700 1073
701 1373
702 1001
703 1169
704 1475
705 1879
706 1283
707 1811
708 1492
709 1263
710 1381
711 1651
712 1679
713 1074
714 1165
715 1354
716 1138
717 1005
718 1188
719 1299
720 1231
721 1889
722 1788
723 1024
724 1361
725 1836
726 1762
727 1898
728 1409
729 1244
730 1472
731 1667
732 1908
733 1516
734 1507
735 1494
736 1959
737 1375
738 1887
739 1171
740 1242
741 1576
742 1014
743 1110
744 1810
745 1105
746 1426
747 1582
748 1417
749 1635
750 1124
751 1597
752 1606
753 1995
754 1594
755 1204
756 1733
757 1071
758 1926
759 1100
760 1427
761 1129
762 1189
763 1196
764 1133
765 1351
766 1439
767 1805
768 1739
769 1352
770 1209
771 1179
772 1893
773 1111
774 1397
775 1233
776 1934
777 1103
778 1557
779 1225
780 1680
781 1166
782 1123
783 1880
784 1690
785 1707
786 1391
787 1963
788 1605
789 1818
790 1038
791 1048
792 1623
793 1452
794 1637
795 1548
796 1613
797 1344
798 1146
799 1176
800 1856
801 1782
802 1104
803 1638
804 1422
805 1043
806 1964
807 1752
808 1135
809 1200
810 1634
811 1193
812 1246
813 1248
814 1882
815 1717
816 1499
817 1430
818 1077
819 1144
820 1915
821 1861
822 1121
823 1537
824 1704
825 1946
826 1114
827 1712
828 1486
829 1049
830 1323
831 1303
832 1556
833 1130
834 1938
835 1562
836 1661
837 1892
838 1694
839 1865
840 1407
841 1688
842 1936
843 1756
844 1021
845 1266
846 1489
847 1779
848 1395
849 1560
850 1418
851 1933
852 1740
853 1609
854 1318
855 1921
856 1960
857 1657
858 1182
859 1285
860 1674
861 1131
862 1098
863 1834
864 1854
865 1047
866 1095
867 1700
868 1505
869 1247
870 1436
871 1116
872 1313
873 1421
874 1293
875 1743
876 1216
877 1147
878 1120
879 1433
880 1681
881 1794
882 1456
883 1567
884 1392
885 1208
886 1878
887 1339
888 1968
889 1916
890 1364
891 1666
892 1469
893 1388
894 1416
895 1911
896 1376
897 1778
898 1300
899 1319
900 1723
901 1083
902 1631
903 1839
904 1217
905 1797
906 1945
907 1046
908 1443
909 1710
910 1093
911 1227
912 1229
913 1016
914 1224
915 1087
916 1198
917 1085
918 1028
919 1793
920 1019
921 1262
922 1789
923 1271
924 1291
925 1578
926 1570
927 1347
928 1940
929 1238
930 1157
931 1383
932 1983
933 1948
934 1194
935 1102
936 1317
937 1791
938 1573
939 1951
940 1691
941 1054
942 1894
943 1185
944 1267
945 1833
946 1504
947 1553
948 1420
949 1521
950 1329
951 1650
952 1668
953 1969
954 1702
955 1781
956 1096
957 1598
958 1619
959 1183
960 1101
961 1644
962 1197
963 1442
964 1764
965 1587
966 1910
967 1816
968 1831
969 1899
970 1602
971 1075
972 1396
973 1929
974 1449
975 1126
976 1646
977 1350
978 1512
979 1538
980 1579
981 1462
982 1738
983 1343
984 1459
985 1298
986 1527
987 1652
988 1252
989 1640
990 1961
991 1432
992 1918
993 1170
994 1377
995 1425
996 1941
997 1118
998 1742
999 1581
