100
100 25 21 20 33 58 65 60 9 43 31 1 93 48 71 67 6 72 81 97 56 35 50 80 13 42 85 63 11 45 51 94 26 78 69 27 84 92 87 99 22 57 83 19 39 59 47 91 82 70 55 89 88 46 96 49 79 95 41 4 10 29 15 76 28 53 90 18 98 66 75 3 73 61 23 34 74 44 17 100 32 54 40 62 37 86 64 16 24 38 77 7 8 5 30 2 12 14 36 52 68 
100 17 19 58 35 52 28 39 46 78 54 49 36 55 95 81 1 8 16 60 26 4 70 32 30 89 68 85 56 40 15 90 42 98 27 72 22 10 94 20 48 79 47 21 12 80 73 29 44 24 59 62 6 41 61 75 87 53 3 43 37 34 33 57 93 77 5 86 99 45 31 83 92 13 14 7 63 23 64 38 9 97 96 66 25 69 76 51 82 84 71 18 2 11 74 91 50 65 100 67 88 
100 86 7 14 41 82 31 80 20 100 83 34 65 81 57 71 37 84 44 62 8 12 73 51 49 56 6 97 16 26 69 30 85 75 13 50 74 64 67 46 33 35 87 89 96 19 9 91 1 21 90 66 32 53 10 61 47 59 5 2 39 4 58 3 17 15 68 52 88 18 78 24 99 45 36 27 25 98 79 76 22 92 28 72 55 60 77 11 70 42 63 38 95 54 23 93 40 48 43 94 29 
100 65 31 67 48 42 99 61 85 3 8 56 50 28 82 62 70 80 73 12 84 89 92 16 4 53 21 100 40 34 79 87 59 37 18 1 39 90 46 44 7 25 49 97 95 5 26 66 55 75 9 27 38 47 14 76 63 91 52 32 54 77 88 94 20 2 68 41 86 45 96 69 81 10 17 15 19 83 13 57 22 6 93 64 36 24 60 43 98 78 29 58 51 74 72 71 23 33 11 35 30 
100 25 35 48 14 30 45 83 4 75 3 69 79 27 73 50 10 87 81 20 46 95 67 98 56 61 9 77 15 99 24 62 74 80 70 39 68 36 82 18 85 88 76 16 28 59 21 17 63 92 90 96 44 42 100 72 91 47 71 34 32 97 66 26 86 7 6 19 54 89 93 52 49 12 64 38 23 22 33 57 29 40 41 37 60 5 53 1 2 94 31 55 11 43 78 13 51 65 8 84 58 
100 87 95 18 4 68 98 65 93 77 90 21 59 38 39 8 66 84 32 97 3 80 33 83 16 41 22 85 96 25 6 99 92 73 69 53 67 52 86 42 47 94 49 5 28 76 10 60 35 45 11 20 26 51 70 36 14 75 55 89 23 30 31 74 57 79 37 17 100 54 24 91 58 50 2 46 12 61 1 15 34 63 7 78 81 29 40 72 13 9 64 56 48 44 43 88 82 71 62 27 19 
100 2 81 79 59 97 25 7 53 90 78 55 16 6 64 21 37 70 80 4 51 86 23 76 36 29 87 89 85 72 42 46 82 50 3 98 35 33 49 67 84 96 47 26 63 92 77 28 43 58 39 83 91 9 100 1 62 74 17 69 54 68 65 10 66 34 93 13 88 60 20 99 18 24 31 12 73 52 75 15 41 95 14 44 30 48 5 19 71 94 56 40 8 11 38 27 61 32 45 57 22 
100 78 70 64 85 65 51 10 14 68 38 9 99 50 80 46 47 29 2 62 27 17 39 69 79 23 87 56 59 98 3 54 21 95 71 96 22 82 41 24 94 28 31 76 86 53 92 37 93 58 33 30 57 32 61 36 40 42 90 81 6 77 20 52 55 26 43 5 72 48 16 19 1 18 100 67 45 34 91 35 74 83 49 4 25 88 8 75 15 73 89 84 7 97 63 60 12 66 11 44 13 
100 94 99 49 75 23 40 1 29 84 17 48 67 52 30 68 22 31 61 7 43 26 6 88 62 79 81 10 11 21 83 32 71 19 36 66 54 72 63 78 96 12 90 82 70 100 15 87 37 85 46 35 58 14 50 76 41 8 47 65 97 18 13 64 20 74 95 3 42 25 80 57 4 98 39 34 89 55 73 5 44 51 33 77 60 9 45 53 38 27 59 69 92 56 91 93 16 24 28 2 86 
100 73 16 92 36 74 100 3 71 11 37 15 82 91 35 80 41 22 77 55 67 57 51 76 21 34 72 96 53 60 59 32 78 84 31 62 69 17 49 56 40 79 42 46 2 7 4 45 44 70 5 8 33 27 50 90 64 61 38 20 14 99 12 29 47 75 10 66 26 94 65 6 86 54 13 23 39 88 95 9 68 24 19 48 81 83 30 97 52 98 25 85 58 43 89 63 87 18 1 93 28 
100 78 19 89 11 82 23 39 38 42 54 93 94 98 43 90 48 81 85 12 61 35 75 88 7 59 46 33 74 79 100 14 47 21 18 69 58 3 25 99 92 76 97 31 84 95 44 6 37 56 9 52 67 45 70 73 27 26 5 13 63 16 32 91 87 72 86 29 53 55 80 71 57 1 51 77 2 34 36 68 20 64 4 8 49 28 17 66 96 22 15 65 30 62 24 10 60 40 50 83 41 
100 46 20 10 91 92 55 26 23 41 66 78 18 84 38 60 48 75 83 17 53 67 69 36 49 3 52 6 98 42 57 72 8 93 28 64 58 5 76 95 71 15 31 70 9 45 13 88 85 11 22 61 74 19 94 51 16 56 97 82 73 89 59 96 24 29 30 1 12 32 63 54 62 39 25 34 2 65 81 44 27 100 86 21 99 7 77 14 43 4 80 47 87 90 40 35 79 68 37 50 33 
100 18 44 31 30 78 12 41 85 69 23 26 33 59 54 24 17 47 84 36 35 66 61 29 19 4 5 79 64 81 88 51 86 49 2 8 74 42 77 90 22 14 89 60 37 62 75 32 40 21 70 39 56 3 13 92 87 94 65 46 43 57 71 96 38 55 27 76 45 97 98 7 80 11 99 73 93 63 95 16 82 1 83 6 20 68 100 91 50 15 28 58 72 9 53 67 25 10 34 48 52 
100 41 62 56 38 16 92 87 40 19 53 35 79 100 70 91 46 54 76 43 50 72 97 73 65 74 45 24 88 12 84 85 66 71 99 1 89 5 31 86 26 2 83 78 61 21 93 15 60 18 82 59 27 77 44 48 37 30 3 63 20 7 36 4 42 90 49 17 13 67 52 57 28 9 96 25 64 80 11 23 14 29 81 68 55 98 95 58 33 34 69 51 6 75 8 94 10 39 22 47 32 
100 60 20 8 50 83 66 14 36 26 90 99 73 57 56 21 87 44 29 18 67 9 97 13 30 4 89 70 43 23 82 27 65 34 84 37 92 76 5 69 32 58 64 78 68 75 79 94 19 71 48 80 25 59 81 2 74 24 12 38 61 33 96 53 11 77 10 49 47 86 6 41 91 55 3 51 22 1 28 62 7 45 35 40 85 98 39 54 15 46 63 93 100 88 31 95 72 52 17 16 42 
100 17 37 24 30 32 47 72 58 54 89 5 87 40 7 59 15 52 2 41 44 64 97 65 63 25 28 38 69 55 29 88 16 92 11 35 75 56 12 68 71 45 43 74 99 66 48 62 83 61 80 9 1 34 46 27 57 73 82 22 70 19 94 77 3 6 21 81 93 20 96 100 78 79 85 4 18 76 49 90 53 36 95 39 98 10 50 60 23 42 26 13 91 33 67 51 84 8 14 86 31 
100 31 96 70 28 64 94 93 50 73 72 69 35 45 88 25 42 74 4 16 27 30 82 17 55 48 38 97 26 59 37 78 19 2 63 49 95 32 58 99 36 54 86 33 44 18 68 1 77 5 84 8 100 29 89 85 23 39 65 67 9 22 90 92 43 20 24 81 34 41 6 14 53 56 98 13 76 52 40 21 66 57 15 62 79 91 7 80 51 12 71 61 3 10 46 75 83 60 47 87 11 
100 72 45 10 76 43 93 95 7 36 56 94 1 3 99 69 90 81 14 26 41 30 82 80 13 11 88 44 16 86 42 89 57 25 97 73 49 84 6 71 61 75 85 23 34 77 35 54 87 21 19 48 91 68 33 38 58 50 96 46 52 60 22 40 31 79 59 55 24 12 4 28 100 70 20 92 39 98 67 74 65 63 15 51 47 17 64 2 53 37 8 18 5 66 32 83 29 62 78 9 27 
100 37 21 87 26 54 39 92 62 59 96 99 77 72 10 20 70 25 85 58 14 55 41 47 12 13 71 36 24 68 76 2 8 90 100 31 42 45 9 73 82 35 53 52 84 95 56 94 51 66 6 60 83 18 17 75 40 61 64 27 28 3 93 69 16 32 15 50 44 11 86 1 19 89 65 34 29 91 7 43 5 57 48 38 98 81 67 22 30 74 46 97 80 4 78 23 49 79 88 63 33 
100 91 86 47 38 51 33 87 66 97 10 15 71 20 41 62 84 69 100 65 19 37 28 14 11 77 83 16 95 1 24 9 22 93 21 98 30 58 82 50 76 25 44 32 57 60 68 12 61 48 3 55 13 4 31 5 73 8 64 35 56 40 67 88 46 7 43 18 89 59 17 75 94 85 54 63 6 81 74 96 53 34 42 72 39 27 23 52 49 90 99 26 92 79 45 36 2 70 29 80 78 
100 37 84 18 59 39 23 62 94 51 26 25 8 53 87 98 52 60 63 86 67 38 75 45 64 22 88 31 12 48 21 61 9 13 73 4 15 69 5 100 65 46 34 11 36 35 66 58 56 6 93 91 24 54 74 99 17 7 42 49 3 29 19 89 81 40 97 79 33 43 76 1 44 47 96 85 2 27 72 83 95 16 55 90 70 32 57 82 77 80 78 68 20 50 10 30 14 71 28 92 41 
100 89 99 88 20 5 64 56 100 36 27 91 60 16 78 30 49 10 59 41 72 75 85 24 18 63 28 50 2 25 7 76 70 83 52 69 8 80 53 87 22 46 94 17 62 58 11 68 44 86 95 82 77 92 43 26 84 81 57 54 74 29 93 9 40 35 38 34 42 71 19 23 37 6 13 66 55 39 33 65 21 14 12 3 73 90 45 48 31 98 97 96 1 4 51 15 32 67 47 79 61 
100 63 10 88 53 82 98 72 99 59 90 93 29 67 19 6 57 74 14 100 1 95 7 64 94 25 60 48 62 85 83 78 27 3 87 71 73 20 15 75 35 30 56 11 50 76 23 5 46 40 77 33 47 39 2 16 69 52 97 49 42 45 51 21 38 84 36 68 4 13 43 28 37 89 61 54 96 9 55 26 24 81 22 12 79 41 80 92 44 65 32 66 17 31 18 34 8 86 91 70 58 
100 94 39 70 31 58 74 38 13 86 26 89 81 90 42 79 64 37 7 2 4 20 14 62 99 75 29 12 52 57 16 56 15 49 36 45 23 93 10 3 5 47 82 41 9 48 40 69 78 35 6 46 96 63 83 77 54 98 68 50 87 43 19 30 65 72 34 76 32 92 8 11 21 71 85 1 84 80 28 18 91 53 97 17 44 25 55 60 22 51 67 59 95 73 88 24 66 100 61 27 33 
100 73 69 35 68 51 7 91 83 15 94 56 93 38 26 21 44 28 1 47 9 75 27 6 76 88 41 10 18 61 98 42 40 62 11 12 53 29 78 66 89 49 16 17 99 95 34 37 90 77 92 3 33 22 58 19 39 54 74 59 43 50 81 64 4 79 55 25 2 32 23 36 86 30 14 63 52 8 65 96 84 13 72 46 24 5 67 82 57 31 70 48 71 85 87 45 20 100 60 97 80 
100 71 84 80 98 90 22 45 93 48 8 15 26 91 85 81 25 11 58 99 72 40 94 20 35 63 62 96 39 82 88 55 13 9 75 49 44 17 29 18 30 52 19 47 43 10 6 53 74 7 64 66 33 87 83 2 12 78 77 79 27 42 57 100 14 56 59 60 5 1 70 41 89 61 97 50 32 4 23 31 16 51 37 76 69 34 73 95 28 67 3 24 36 92 68 38 54 86 65 46 21 
100 55 2 12 99 43 40 11 84 8 28 53 52 4 45 97 48 90 65 78 31 37 15 77 6 75 76 18 61 100 73 88 50 70 63 36 49 46 9 21 59 1 69 29 32 66 82 33 83 41 87 7 51 62 60 57 95 26 72 80 44 47 14 25 17 39 71 85 96 5 79 30 23 92 10 98 16 86 54 27 89 42 34 3 81 91 58 94 93 20 74 35 38 19 22 68 56 13 67 24 64 
100 25 70 99 28 31 29 48 40 91 4 33 18 8 3 55 74 60 39 46 88 15 97 96 72 85 47 11 27 20 13 100 1 71 65 77 2 73 98 86 67 10 61 38 32 59 87 82 5 26 94 42 7 41 51 9 54 19 80 16 21 78 75 14 57 50 23 36 63 76 66 92 45 84 69 30 93 90 44 64 24 43 12 6 53 58 95 22 79 49 81 17 34 37 52 62 83 56 35 89 68 
100 7 64 6 30 69 68 54 8 27 75 98 96 85 21 3 38 57 24 2 34 39 1 22 31 11 18 81 26 42 52 80 19 55 50 20 83 72 82 40 93 100 90 60 41 4 62 91 61 14 23 9 89 84 44 77 99 29 46 74 95 70 5 79 10 63 78 65 88 67 25 45 76 87 16 33 59 35 56 66 47 92 32 12 73 17 97 13 58 28 53 15 37 36 94 43 49 86 71 48 51 
100 100 27 91 81 54 28 7 25 24 94 34 12 51 72 50 92 82 89 18 57 67 77 80 23 63 40 11 30 84 8 52 6 36 93 99 75 90 62 98 16 78 83 47 26 56 66 97 73 87 55 96 76 32 46 65 58 70 35 14 53 38 9 42 79 43 19 71 10 45 1 44 74 33 88 21 5 31 60 61 48 49 86 64 69 37 22 59 15 17 20 2 39 85 3 95 68 13 41 4 29 
100 7 15 29 51 13 40 69 89 54 93 87 78 77 96 74 42 86 5 97 55 64 92 100 34 59 17 73 35 70 4 98 48 39 1 25 46 72 80 91 45 56 41 43 71 21 82 24 67 2 23 81 37 95 6 62 79 18 30 76 38 47 12 90 33 84 19 85 26 58 88 3 11 61 83 65 9 8 28 75 60 31 32 14 68 44 66 10 99 27 16 22 36 57 53 50 63 94 20 52 49 
100 15 47 70 91 4 90 9 21 8 73 36 29 14 68 100 42 74 50 92 86 62 72 93 10 97 51 27 61 22 38 57 13 3 82 31 25 56 96 48 5 79 24 77 41 16 60 18 26 28 44 84 34 37 66 43 19 75 20 76 39 49 7 30 65 35 71 1 85 59 69 64 12 95 78 67 45 32 89 83 94 99 23 88 2 40 52 54 11 98 6 58 87 33 63 46 81 80 53 55 17 
100 51 60 68 42 92 40 10 53 29 41 4 48 50 67 90 22 28 61 87 89 19 33 78 83 20 97 94 35 44 2 79 85 17 47 71 70 80 18 77 95 27 30 34 99 26 65 54 13 73 52 45 76 72 14 3 16 69 36 57 63 24 7 46 55 21 37 6 62 9 32 1 43 8 91 86 98 75 81 100 88 11 39 58 25 5 56 23 59 82 15 66 96 12 64 49 31 74 84 93 38 
100 61 39 24 35 77 62 85 78 82 98 70 99 84 25 32 73 64 88 8 49 94 96 87 37 33 5 52 89 50 46 53 31 54 71 83 55 65 57 95 22 41 81 92 7 51 72 34 9 27 79 17 75 3 74 10 91 100 19 66 56 80 29 42 6 2 68 69 45 93 86 26 14 97 13 60 12 4 38 16 36 47 76 18 1 43 44 11 21 15 90 48 59 30 40 28 58 23 20 67 63 
100 12 52 51 87 86 21 19 49 55 14 94 32 63 92 75 76 73 78 53 82 50 1 70 31 74 20 90 29 69 80 17 9 88 26 42 93 47 2 64 11 61 81 91 97 48 40 83 13 56 7 67 3 8 4 68 65 28 54 96 89 30 95 24 25 18 71 15 34 43 98 39 35 37 5 46 38 57 10 85 36 59 41 84 45 58 22 60 6 72 62 77 33 66 44 79 27 100 99 23 16 
100 66 84 39 24 38 65 74 3 68 75 72 1 71 58 23 95 7 82 41 54 28 87 15 55 22 40 36 88 94 62 86 85 8 32 33 63 12 30 17 2 13 25 18 78 6 93 96 50 100 4 14 52 64 47 61 69 53 49 44 10 29 42 26 99 11 20 43 97 70 59 19 34 83 48 27 80 67 56 89 16 9 90 81 35 5 46 60 73 77 21 45 91 98 76 37 51 79 92 31 57 
100 90 41 28 96 33 84 34 12 43 36 60 48 24 26 21 11 55 56 59 35 49 16 69 1 99 30 85 23 77 68 73 81 83 58 14 42 91 22 29 51 62 47 25 45 95 98 5 66 87 2 64 74 52 17 94 92 39 44 79 70 6 86 40 27 13 38 71 88 57 78 65 76 80 63 7 50 19 3 75 10 53 61 54 31 15 8 20 89 4 9 67 37 82 100 93 72 97 18 46 32 
100 38 26 84 86 79 30 1 15 3 32 46 95 99 22 61 39 44 94 92 89 23 48 85 73 4 69 40 80 7 43 14 96 13 49 19 53 97 37 27 31 62 87 9 33 90 18 75 64 16 77 60 29 45 17 72 28 100 10 41 74 67 70 21 71 36 78 35 11 76 8 68 65 42 57 58 66 83 82 52 54 24 56 93 81 2 6 20 12 91 50 34 51 25 98 88 63 5 47 55 59 
100 40 52 73 7 15 69 78 5 51 75 84 49 10 1 29 82 97 32 61 59 54 57 72 2 66 44 88 99 80 77 98 46 42 31 43 70 35 62 38 14 91 94 64 58 19 22 17 30 50 56 37 68 41 71 34 86 67 11 33 60 18 55 85 83 20 81 39 24 16 100 26 27 89 74 47 48 79 53 28 3 90 21 13 4 9 8 25 96 87 65 6 93 45 63 23 95 12 92 36 76 
100 28 10 31 2 60 87 11 3 70 58 84 99 85 56 49 46 63 89 51 57 71 54 64 21 7 100 29 15 81 22 88 41 8 61 78 67 26 83 47 4 74 80 32 50 18 55 48 13 79 45 16 92 53 73 20 68 86 82 90 72 77 93 52 9 34 35 30 19 98 75 65 5 62 27 24 69 94 59 91 33 66 38 25 43 97 44 42 96 17 37 36 12 40 14 95 23 6 1 76 39 
100 10 3 70 20 28 43 46 2 63 54 1 72 75 29 92 65 68 71 19 37 84 91 12 83 78 31 21 38 82 15 5 55 16 99 60 80 66 88 17 25 13 96 33 45 34 49 100 27 14 11 76 93 39 42 61 48 22 6 26 9 18 8 87 44 74 90 85 41 36 62 58 69 35 86 79 40 59 89 30 32 73 81 77 4 95 51 50 7 56 98 53 64 52 24 47 57 94 67 23 97 
100 97 1 25 19 37 55 69 98 91 32 80 36 31 87 27 10 23 11 79 85 34 86 53 77 65 44 35 62 93 82 14 71 75 40 12 41 16 20 56 100 61 3 8 89 51 49 47 4 52 76 50 72 94 38 46 81 9 59 15 13 88 63 42 78 92 66 90 6 26 73 21 29 22 64 30 95 17 54 68 58 60 70 83 96 74 45 39 24 2 18 28 84 48 57 33 43 7 99 67 5 
100 43 27 10 46 61 33 13 53 72 32 69 75 68 22 17 52 88 45 98 71 60 91 66 8 81 74 20 56 73 34 24 37 18 12 44 70 100 39 2 30 51 84 31 64 90 79 40 50 89 42 83 96 21 29 82 28 23 86 95 58 63 14 78 57 80 1 76 67 59 25 85 16 94 48 11 92 62 38 49 19 15 9 54 47 7 35 97 3 99 55 77 4 93 36 87 6 5 65 41 26 
100 91 33 53 2 37 46 56 92 13 77 29 94 25 67 76 82 71 85 49 69 59 17 68 40 84 14 88 96 24 64 62 51 75 80 38 48 43 23 31 30 36 47 63 26 16 90 74 98 54 34 99 7 65 73 86 15 11 19 4 22 57 32 70 21 20 10 27 87 12 72 3 45 78 50 79 100 55 61 8 89 83 42 97 52 9 58 39 41 81 44 28 5 18 6 1 35 66 60 95 93 
100 91 26 74 52 73 98 93 23 46 76 18 11 21 86 29 69 17 61 70 64 57 41 68 80 25 75 85 59 66 44 48 13 31 53 92 36 83 12 55 51 7 14 49 35 5 1 33 24 77 4 94 72 6 60 71 56 79 47 22 16 99 81 27 78 88 10 65 82 96 100 40 43 30 89 62 38 84 58 97 34 19 32 63 45 3 90 15 9 50 37 39 28 2 8 54 42 95 87 20 67 
100 60 12 72 7 81 97 67 26 78 92 44 50 29 27 21 89 90 48 55 85 8 42 94 19 9 31 11 68 28 5 4 36 22 57 58 80 40 54 98 13 61 86 32 100 43 35 51 70 38 93 65 15 91 49 62 30 82 88 17 69 18 56 96 14 95 23 45 87 64 25 2 74 37 75 52 39 73 84 1 66 53 59 34 79 3 99 33 76 6 20 10 83 47 41 71 16 63 24 46 77 
100 10 9 91 56 27 3 1 74 6 54 46 13 38 11 69 7 29 79 77 99 59 12 4 70 53 63 78 68 33 23 82 30 26 32 37 83 65 14 67 48 31 2 42 71 66 98 62 58 81 40 44 19 20 34 73 87 84 72 86 22 94 18 64 8 39 28 75 43 50 16 88 57 55 61 95 25 5 89 36 92 41 35 15 47 93 80 21 97 76 60 51 24 96 100 85 17 45 49 90 52 
100 39 16 1 61 93 28 67 98 36 27 34 70 10 29 22 46 7 13 68 92 19 71 64 73 24 65 95 47 66 100 54 97 62 14 44 60 11 20 55 9 18 53 49 56 94 86 89 6 26 42 82 31 43 21 5 84 50 8 17 78 32 83 4 51 87 90 77 59 96 76 63 40 75 74 30 85 80 15 12 57 33 25 99 88 45 41 58 35 3 79 72 37 91 48 2 69 81 23 38 52 
100 68 11 46 82 98 33 65 27 64 43 14 30 74 13 35 47 61 70 57 92 21 84 63 78 23 5 39 15 66 58 22 38 56 37 75 67 40 76 45 89 86 100 26 44 3 2 71 77 1 96 50 7 18 81 25 32 60 20 28 52 54 48 31 34 4 73 53 72 91 99 94 17 62 55 12 19 42 41 69 49 8 80 10 24 87 93 83 85 95 88 51 29 90 36 97 16 59 6 9 79 
100 50 98 86 29 44 95 40 28 77 73 21 91 26 88 42 1 68 45 59 32 33 17 71 89 87 81 43 4 36 14 41 12 90 38 25 92 58 18 8 5 93 72 49 31 100 20 53 57 22 9 16 34 55 75 11 83 56 70 63 39 61 54 84 24 99 13 97 47 64 74 10 82 67 3 30 7 66 60 79 48 37 2 46 69 78 27 96 76 94 51 19 52 80 85 6 15 23 65 35 62 
100 60 48 33 71 42 3 25 37 62 9 1 94 14 15 56 41 43 22 45 51 35 52 28 10 100 74 82 72 36 54 24 86 50 26 30 97 64 39 17 93 61 55 34 66 4 73 63 67 84 11 21 12 90 29 95 98 79 58 75 46 91 40 59 16 81 18 23 78 68 47 96 20 5 77 7 19 65 76 53 6 87 89 8 92 88 80 27 57 32 99 83 49 38 69 85 2 13 70 44 31 
100 69 16 49 61 68 95 28 78 77 12 87 19 10 7 27 47 2 29 65 52 32 8 64 70 6 38 82 84 51 89 11 37 71 20 66 46 43 1 99 35 13 58 62 63 39 96 53 23 92 91 90 42 45 24 26 30 48 57 22 75 83 18 72 88 98 97 54 67 60 74 94 3 80 17 40 76 79 15 9 4 14 5 85 25 73 50 86 55 31 59 93 81 34 56 100 21 33 36 44 41 
100 35 100 86 80 2 31 23 88 91 41 75 37 7 97 24 65 93 25 55 13 20 21 40 17 46 27 9 61 66 82 73 15 4 19 39 71 49 32 89 92 96 34 84 58 28 29 74 95 42 70 69 63 14 60 85 38 67 81 12 98 33 72 62 6 48 16 52 44 3 76 10 22 90 83 57 8 56 51 77 59 78 64 36 68 5 11 54 30 87 47 99 26 79 43 45 18 50 53 1 94 
100 61 30 44 23 99 92 89 3 57 62 46 71 60 11 81 53 95 20 85 39 73 5 84 8 78 91 100 4 69 18 12 54 29 82 38 27 9 52 43 26 48 14 67 24 7 45 58 42 32 68 40 6 37 98 75 63 41 31 77 21 1 80 66 86 94 90 56 55 96 15 35 36 13 25 16 72 2 87 10 28 34 17 49 97 70 88 79 74 47 64 33 22 65 50 51 93 83 59 76 19 
100 90 36 9 47 61 15 71 54 27 92 24 31 38 2 58 72 97 41 53 6 94 51 70 66 19 89 40 42 63 44 78 50 45 65 46 5 48 21 43 4 23 57 25 77 86 14 84 7 12 13 98 33 73 83 29 17 91 85 95 22 10 62 88 79 96 39 3 34 100 80 81 64 20 74 67 69 1 82 75 30 16 37 56 11 52 68 60 8 93 87 55 26 32 28 18 49 99 76 35 59 
100 47 69 7 67 5 73 18 60 34 15 91 58 54 92 17 89 76 33 36 8 94 53 28 62 63 74 13 43 71 11 24 61 41 97 42 72 4 52 19 39 79 2 100 23 22 85 12 10 80 48 40 20 9 70 56 64 30 1 78 27 65 86 59 66 46 14 3 51 26 87 38 84 90 37 49 96 88 29 25 83 45 50 44 6 98 68 99 77 82 81 21 75 35 55 57 32 93 95 31 16 
100 92 38 52 47 8 80 61 68 95 66 40 18 55 31 71 91 12 87 3 99 69 16 34 11 90 17 53 74 24 83 19 97 35 7 60 89 96 59 46 86 58 20 21 30 9 42 33 94 81 88 2 26 13 76 82 36 15 57 64 85 6 77 45 37 41 84 100 75 44 29 14 32 48 73 28 79 43 98 65 56 78 93 49 39 67 54 72 63 70 51 5 50 62 1 22 23 4 25 27 10 
100 92 27 22 88 91 11 82 26 43 31 45 98 99 65 47 6 62 81 63 69 4 32 34 90 44 52 100 33 7 10 79 77 20 57 8 9 48 66 12 18 73 95 5 70 23 39 96 38 37 51 94 29 2 50 25 41 87 40 13 68 84 1 53 78 59 30 46 67 54 3 36 72 71 15 17 16 76 97 86 80 42 75 49 19 83 14 35 64 55 58 24 74 61 28 21 85 56 93 60 89 
100 91 89 42 8 98 55 28 34 71 13 79 37 59 65 61 100 96 53 6 45 50 62 29 57 77 95 75 12 54 97 88 56 82 47 99 73 63 38 51 14 60 66 93 10 67 39 24 41 20 80 32 81 46 83 27 64 5 33 49 87 1 30 85 2 25 36 40 23 7 26 52 3 76 4 58 70 90 78 43 16 9 18 31 19 17 86 15 44 48 92 69 22 35 11 21 68 94 74 72 84 
100 36 91 63 48 22 88 11 58 24 82 37 26 67 13 81 59 23 10 6 18 44 38 16 69 99 42 92 53 77 98 66 71 2 89 49 32 70 57 65 14 55 25 73 90 8 84 75 17 35 3 68 94 76 21 78 83 61 41 74 86 62 15 80 50 19 9 45 40 43 60 47 30 95 64 39 7 31 12 97 1 34 87 29 27 33 4 46 52 28 54 56 72 100 93 51 5 96 85 20 79 
100 4 5 45 7 95 10 35 99 77 69 2 65 71 6 83 21 9 70 68 86 74 90 91 33 41 44 42 8 23 31 34 20 75 82 72 46 88 39 40 14 27 80 24 57 60 100 48 61 19 52 73 98 50 25 32 17 51 11 92 28 29 43 26 22 37 18 97 78 58 59 36 76 38 93 16 84 67 15 81 64 49 1 56 66 94 30 3 63 53 96 13 89 85 12 54 47 55 87 79 62 
100 20 63 69 12 27 36 97 32 95 86 7 22 62 13 15 3 66 61 56 6 100 81 88 37 26 25 4 74 8 93 35 84 21 10 98 89 43 77 28 31 67 30 54 46 92 42 45 16 2 64 75 24 70 72 34 38 9 40 82 94 57 99 49 14 83 18 23 52 51 39 96 47 29 50 73 5 59 58 41 91 60 85 48 33 19 71 78 68 80 55 65 53 76 11 44 90 17 87 79 1 
100 73 21 47 84 42 36 43 80 83 62 92 93 32 9 51 23 7 97 59 50 82 5 8 89 38 75 20 26 58 35 78 71 16 34 66 44 15 67 63 13 90 86 27 53 11 19 30 48 94 24 6 79 88 74 18 31 76 12 87 64 72 3 37 100 46 4 33 41 55 96 85 60 40 65 25 70 68 22 54 14 61 45 77 91 81 17 1 49 69 28 29 10 57 56 2 95 39 99 98 52 
100 52 22 19 77 7 4 43 36 62 14 96 21 55 68 84 80 34 38 98 56 32 70 92 61 88 31 81 20 86 89 49 67 17 100 57 41 82 75 27 76 95 90 30 59 33 78 35 54 24 39 44 10 79 50 87 64 37 5 83 73 58 46 16 91 12 93 25 29 51 2 8 97 3 18 99 53 72 40 42 23 71 26 13 28 60 6 1 47 74 66 45 63 9 94 65 69 85 15 11 48 
100 93 58 16 50 2 97 95 81 13 51 68 21 4 39 19 46 74 72 34 76 62 24 88 83 23 31 56 98 71 86 78 44 38 73 18 9 15 80 77 82 41 49 27 85 3 48 32 1 89 28 30 8 35 87 90 11 60 91 22 99 61 45 70 6 96 10 52 42 57 66 14 67 55 69 65 33 94 12 54 92 26 63 5 47 37 36 53 59 17 75 29 7 64 25 40 84 100 20 79 43 
100 76 96 21 51 40 16 88 79 28 36 15 20 72 73 24 98 8 69 80 47 43 95 4 64 30 90 71 52 44 26 25 78 11 14 55 89 18 62 68 12 53 22 49 9 50 77 31 19 100 82 63 1 41 87 34 33 59 13 32 46 86 5 7 70 81 67 94 93 74 23 17 10 65 38 99 85 35 37 83 66 92 39 42 6 91 48 27 29 54 56 2 58 45 97 75 3 61 84 60 57 
100 16 45 30 75 28 23 92 42 79 19 84 66 15 56 53 34 69 37 57 50 98 33 44 68 21 25 95 64 49 35 52 80 26 82 32 97 29 60 39 83 67 96 86 41 9 38 12 74 31 58 93 99 13 72 5 91 14 62 10 4 46 71 47 18 2 48 89 70 24 40 73 55 54 85 11 65 90 7 3 81 94 61 1 59 8 51 100 78 87 22 63 6 88 27 36 76 43 77 20 17 
100 99 3 82 86 47 12 48 90 21 37 19 76 88 5 50 35 46 49 91 57 71 28 100 29 15 51 39 18 14 16 73 78 11 96 74 68 64 55 75 67 62 33 56 97 27 6 98 36 60 63 52 34 4 41 58 66 95 9 20 70 32 84 85 1 89 2 81 93 26 87 22 79 72 45 10 61 23 80 65 94 38 54 44 53 17 83 42 25 8 43 40 92 24 59 13 30 77 7 69 31 
100 9 96 93 89 28 23 35 29 81 77 99 79 63 42 61 36 84 27 95 34 53 38 40 37 97 32 8 83 4 50 59 67 80 56 41 30 22 92 10 68 94 14 16 48 69 85 18 90 46 91 25 26 21 60 78 24 12 57 62 15 33 17 31 98 51 86 87 39 5 75 45 47 88 65 20 82 11 76 44 58 3 66 6 52 49 74 43 54 7 64 71 100 72 19 70 1 55 73 2 13 
100 66 33 48 84 55 82 20 67 73 59 58 70 38 61 64 63 13 78 39 50 53 98 45 22 69 97 17 49 85 19 16 94 37 65 57 8 9 88 36 90 14 15 72 68 35 96 26 6 2 91 62 83 30 21 42 54 27 18 47 24 79 25 7 34 75 1 81 41 46 28 80 52 86 5 11 31 60 76 51 56 95 87 3 100 23 44 93 4 92 40 89 99 74 29 71 43 77 10 32 12 
100 34 11 85 96 95 73 32 64 55 67 97 10 41 24 14 83 4 100 99 46 92 78 44 87 50 23 77 62 98 47 79 66 65 27 38 72 43 51 19 90 54 58 22 5 30 69 88 59 75 86 61 36 31 74 28 35 3 9 16 21 48 18 82 49 63 39 84 42 53 81 40 33 7 37 20 94 45 29 71 93 8 60 12 13 52 89 15 91 26 76 80 6 56 68 17 1 70 2 57 25 
100 56 71 59 46 90 61 45 22 7 26 31 3 64 36 70 100 76 86 52 81 40 15 84 80 87 2 18 58 75 43 99 12 13 82 68 27 57 10 60 83 91 20 16 95 11 94 77 65 98 89 5 8 51 9 73 53 96 54 50 14 37 34 47 33 85 88 32 79 55 63 23 42 17 1 21 74 38 49 62 24 48 44 41 93 69 67 72 35 29 66 78 39 19 6 25 97 92 4 28 30 
100 27 47 43 8 100 21 39 7 64 13 17 48 95 32 42 71 44 10 73 29 15 99 77 55 90 75 5 65 2 31 83 54 96 45 70 92 62 11 53 1 41 78 91 4 40 85 76 63 37 57 38 33 93 94 26 35 14 6 16 79 20 67 3 88 66 36 87 19 74 28 23 24 25 98 51 82 46 22 97 68 60 56 72 12 80 84 89 34 50 86 61 9 18 81 30 49 58 69 52 59 
100 26 28 2 61 91 63 17 89 71 43 23 76 39 42 88 94 56 84 41 20 100 73 8 1 5 46 62 68 53 90 24 48 7 29 25 37 77 87 67 98 34 93 64 97 15 66 65 74 50 54 95 45 85 21 72 12 58 38 52 49 40 92 44 81 55 27 30 78 60 86 51 3 31 13 4 82 75 6 18 16 11 70 35 19 36 96 47 83 14 57 79 80 69 99 32 10 59 22 33 9 
100 64 14 82 20 75 22 88 81 42 29 1 86 35 21 69 49 60 94 30 68 5 85 9 84 26 89 10 2 97 80 78 15 4 73 23 50 12 54 67 83 28 37 87 16 57 74 11 13 56 43 34 63 59 53 38 41 90 96 17 55 3 31 95 44 91 27 62 93 92 51 40 32 71 72 77 70 98 47 58 36 25 6 99 65 19 45 18 46 24 66 7 48 61 79 76 52 100 33 39 8 
100 5 27 4 97 16 10 46 21 91 87 59 69 93 33 57 53 22 32 43 15 94 81 72 3 11 65 49 55 99 35 95 100 92 74 80 45 2 48 77 63 26 89 86 84 56 41 96 7 62 67 78 17 58 25 66 9 79 50 14 42 12 71 13 24 82 19 28 64 37 47 76 30 39 70 88 31 51 36 1 6 68 83 8 54 90 60 23 44 85 52 18 73 38 34 20 61 75 29 40 98 
100 96 16 65 85 66 84 57 36 88 54 13 31 60 86 56 77 20 1 42 29 79 83 46 3 49 38 59 78 52 90 63 99 64 58 15 50 89 27 93 37 32 97 43 11 94 14 7 22 72 76 39 87 9 30 92 55 5 47 41 73 75 21 17 10 45 8 34 67 62 70 68 51 25 35 48 6 100 80 24 98 12 19 82 26 53 91 18 61 23 71 81 95 69 4 40 2 74 28 33 44 
100 85 27 74 70 8 91 83 24 80 100 71 95 60 47 88 82 59 97 89 53 68 44 34 76 84 18 28 65 38 42 98 39 92 15 63 31 21 30 90 32 20 5 99 52 3 4 6 56 50 7 29 67 16 93 78 22 23 51 87 43 10 41 77 17 33 14 46 75 36 86 11 66 25 45 64 96 79 62 73 37 61 54 81 26 9 49 94 2 58 57 35 1 40 13 69 72 12 48 19 55 
100 35 75 10 83 69 3 92 18 47 98 4 48 22 57 97 93 82 34 90 32 63 100 76 13 84 91 39 67 64 85 94 1 65 2 58 27 52 24 5 25 49 23 51 37 46 66 87 41 86 8 79 54 77 55 68 9 53 78 36 56 6 40 38 14 60 16 44 61 89 81 33 7 21 59 20 96 43 31 42 50 12 74 80 17 26 88 19 28 11 29 45 15 71 62 72 70 99 30 73 95 
100 76 94 48 54 47 57 35 32 87 95 67 36 86 72 88 75 45 44 55 46 27 99 37 69 56 29 52 7 58 90 19 9 18 93 85 71 68 5 43 26 80 74 49 1 82 96 6 15 40 50 83 77 59 4 24 84 28 91 16 62 61 23 64 8 2 12 22 97 39 10 14 42 63 33 79 34 100 60 20 92 51 30 81 38 65 3 17 21 89 66 31 13 98 53 11 73 78 70 25 41 
100 97 57 35 43 12 58 61 49 1 22 84 24 60 93 95 79 81 9 83 56 72 28 16 2 37 31 99 70 42 13 86 25 50 53 7 6 40 30 73 10 78 65 5 48 18 62 38 94 26 92 14 63 23 96 34 82 20 55 39 45 69 32 68 8 66 64 19 80 85 33 47 98 29 100 46 17 54 59 74 11 77 67 44 51 91 89 71 88 75 4 21 36 90 15 3 87 52 27 76 41 
100 3 83 97 32 41 39 90 19 85 11 27 72 57 42 37 78 52 14 24 71 95 44 99 56 94 62 59 1 79 70 34 51 8 45 16 22 87 76 29 96 6 92 21 68 31 80 36 63 7 100 47 40 74 25 30 17 46 15 55 73 43 77 66 50 60 10 88 4 64 2 26 93 58 81 69 48 23 67 20 5 49 61 13 82 35 18 12 89 53 33 86 84 54 9 75 98 91 65 38 28 
100 6 66 32 45 44 27 8 48 88 55 99 73 82 37 81 31 57 76 83 46 28 10 69 25 60 29 39 59 78 100 33 97 61 87 67 75 86 96 21 65 1 17 68 36 16 43 72 30 4 20 63 93 51 53 77 62 35 58 91 38 13 74 11 12 47 41 71 40 89 7 3 70 19 50 5 34 14 90 23 64 84 52 80 98 54 18 22 85 95 2 49 42 15 56 94 92 9 79 24 26 
100 97 57 100 10 59 68 45 32 30 50 52 40 28 73 70 86 7 63 93 49 12 48 81 79 31 90 92 23 94 80 22 44 17 77 89 43 19 61 74 20 67 24 4 13 84 69 53 37 56 6 33 14 98 65 88 38 95 18 78 8 64 66 39 54 21 71 25 91 2 35 11 96 82 42 99 1 87 27 46 72 5 75 16 60 76 55 62 83 34 9 47 15 36 3 51 29 58 85 26 41 
100 69 97 55 29 54 61 25 99 83 36 30 75 2 87 20 63 81 4 92 86 85 64 8 82 31 19 23 13 49 93 79 16 98 48 41 44 58 53 21 88 90 22 3 47 6 28 74 56 51 70 45 33 59 60 27 9 38 73 10 32 43 71 42 50 72 14 46 7 40 35 24 37 1 39 18 15 95 100 12 77 34 89 62 65 84 80 78 96 67 17 5 66 52 76 91 26 68 94 11 57 
100 42 61 16 72 2 58 26 38 100 29 89 45 6 19 81 99 46 91 48 18 96 78 47 59 53 93 13 52 67 75 56 4 27 50 10 77 80 83 32 39 57 62 21 37 20 23 97 69 95 5 66 90 14 71 15 9 86 35 70 31 17 63 24 49 51 11 33 76 36 1 74 7 25 30 92 60 73 64 40 84 3 82 87 44 55 22 54 8 28 65 98 41 88 85 79 34 94 68 43 12 
100 68 98 96 89 22 7 29 48 15 55 93 63 86 52 4 12 27 1 33 83 16 24 18 80 41 54 2 62 87 100 44 43 92 23 6 36 28 65 66 88 71 59 67 45 11 79 13 74 56 39 99 8 40 75 25 72 38 94 90 47 51 97 42 69 57 17 49 84 32 21 85 61 77 50 70 37 14 30 82 81 53 10 58 76 3 64 5 26 35 95 19 91 9 78 34 73 46 31 20 60 
100 51 91 71 60 30 29 88 22 50 76 2 7 66 35 16 19 41 90 74 26 78 17 37 86 61 87 93 12 73 64 15 44 63 95 31 9 80 59 54 84 100 21 48 55 20 49 45 96 46 52 68 39 3 67 94 89 23 85 99 10 8 72 34 18 38 69 53 62 6 13 42 56 77 79 65 98 70 47 14 27 58 97 43 32 5 82 33 57 11 36 4 81 25 75 1 92 24 40 83 28 
100 84 50 62 100 97 78 63 66 48 69 28 37 77 29 20 33 80 36 5 34 82 39 22 54 79 88 94 18 70 98 91 15 73 6 86 14 53 83 17 11 57 75 96 47 65 1 52 23 21 7 95 43 59 74 30 27 71 40 19 35 72 25 67 99 12 76 4 13 46 45 49 2 32 38 51 16 8 26 92 81 60 10 87 3 24 89 56 55 9 85 64 42 31 41 68 44 61 93 58 90 
100 66 59 28 75 50 96 84 93 9 17 35 77 53 79 85 3 60 44 90 32 41 25 12 81 8 52 56 61 54 92 7 38 46 62 67 45 58 87 95 55 6 99 13 31 83 74 40 29 34 2 11 39 82 1 64 49 68 36 80 65 71 42 5 10 86 100 73 94 57 48 23 88 98 15 43 30 14 37 47 78 27 24 26 89 51 20 76 4 18 97 33 22 16 19 63 91 72 69 21 70 
100 97 5 93 12 42 20 80 30 89 3 28 43 78 98 7 34 44 62 23 37 6 55 87 90 85 57 100 88 76 79 60 25 50 45 35 24 17 4 9 59 95 54 51 74 72 39 58 92 46 1 29 22 73 13 65 19 71 47 33 11 26 91 14 61 8 10 41 52 75 83 67 48 96 68 32 49 16 53 77 63 36 27 64 70 40 84 86 56 21 66 31 38 99 81 15 2 82 69 94 18 
100 73 29 61 8 51 22 63 27 77 72 12 65 68 100 83 35 60 17 37 87 58 84 15 91 92 20 7 76 70 33 10 47 14 90 40 95 16 26 55 6 34 1 78 43 44 79 49 28 3 42 81 5 50 67 74 4 62 89 99 59 39 86 82 11 48 56 88 46 25 98 53 71 64 24 2 13 94 9 97 96 38 41 75 36 23 21 69 30 18 80 52 54 66 45 57 93 32 31 19 85 
100 47 30 66 2 11 41 15 58 38 56 46 61 19 80 27 24 79 51 20 86 21 25 63 36 89 76 88 65 54 40 81 22 72 82 70 33 37 59 99 74 29 73 48 69 77 42 49 71 93 6 52 31 8 5 78 39 64 94 62 91 84 55 85 92 13 34 32 98 45 50 83 95 28 60 9 57 44 53 75 4 43 68 3 87 100 67 7 35 14 90 12 17 10 16 23 18 1 26 97 96 
100 28 4 68 3 61 6 5 47 7 96 45 57 1 72 80 66 59 86 41 30 62 64 43 9 76 92 97 65 16 48 42 100 20 85 10 93 52 58 13 81 44 23 99 82 11 60 56 91 18 50 40 19 35 90 95 22 15 94 89 84 79 88 36 38 51 53 73 39 37 83 17 74 2 98 63 14 31 26 21 25 32 29 55 46 27 8 78 70 33 67 71 87 75 54 24 12 77 49 69 34 
100 81 19 70 15 77 5 35 56 67 57 10 89 16 21 44 46 1 51 59 34 95 41 14 88 48 25 17 85 37 52 26 55 4 33 23 73 31 9 71 100 65 93 20 99 28 32 75 58 78 83 74 11 64 49 7 6 86 43 72 2 97 90 66 54 98 13 84 29 39 47 38 12 24 53 42 40 45 87 69 18 36 8 50 62 22 96 80 68 3 91 63 27 94 61 76 30 60 82 92 79 
100 15 52 23 51 88 71 93 2 37 85 32 14 74 44 33 22 53 48 91 68 81 42 49 20 9 43 99 38 59 72 19 55 16 58 4 65 7 41 21 28 63 98 8 13 92 67 34 82 56 61 97 50 95 24 29 84 96 73 83 6 46 45 64 3 47 79 89 76 86 90 75 11 10 54 77 17 70 35 26 94 78 12 40 36 62 60 39 100 87 30 25 31 66 80 27 5 18 57 1 69 
100 16 20 55 85 90 15 80 61 74 68 19 100 34 41 88 64 51 17 29 92 8 47 31 59 4 43 21 94 82 67 33 3 50 48 86 89 76 49 52 99 75 37 73 22 96 72 79 95 23 27 32 78 63 38 36 7 25 69 97 10 62 26 11 42 2 6 35 65 91 98 39 14 70 9 1 56 44 45 54 12 81 28 13 5 71 77 83 24 46 58 57 60 18 40 93 30 84 53 66 87 
100 41 44 27 7 5 73 17 100 28 15 31 18 8 64 47 42 74 61 29 87 66 68 80 90 12 39 84 79 58 71 4 94 75 72 1 51 89 78 67 95 13 55 52 23 93 38 11 37 50 92 19 2 63 34 40 21 56 62 86 46 65 85 9 3 88 96 91 35 49 70 99 33 36 16 98 53 57 81 32 6 43 14 60 83 54 77 45 25 30 24 82 69 10 20 76 48 97 22 59 26 
100 13 98 57 92 5 43 25 96 54 79 66 61 29 68 73 67 41 30 83 59 42 65 89 7 53 47 90 8 63 32 82 76 2 78 12 6 36 21 52 31 69 19 91 14 84 44 24 93 26 48 37 46 95 71 86 77 60 88 50 49 87 18 20 72 16 35 75 94 97 33 56 55 15 28 74 62 58 17 100 51 39 1 11 3 99 45 38 70 4 81 9 22 34 64 23 80 40 27 10 85 
100 100 83 27 40 59 90 86 56 73 10 84 53 98 94 29 92 18 48 25 49 76 4 63 32 57 41 28 88 50 5 68 69 8 52 9 70 36 58 13 60 72 42 26 19 44 38 96 12 74 85 71 82 1 14 46 45 23 34 89 15 95 62 20 16 43 99 51 35 91 61 64 87 77 31 39 54 47 22 66 33 78 81 79 55 21 75 11 24 17 97 3 30 2 37 6 65 93 80 7 67 
100 24 1 36 25 82 11 92 69 9 34 70 43 71 37 85 63 76 58 84 65 90 97 53 40 54 15 68 98 17 16 20 38 61 19 93 74 28 31 60 14 18 49 45 41 75 32 52 56 88 50 29 59 48 89 62 80 66 73 4 33 99 51 83 35 91 30 26 86 55 7 5 47 87 44 57 94 23 67 100 21 78 3 46 72 79 13 77 6 2 81 22 42 27 39 64 8 96 95 12 10 
100 24 1 36 25 82 11 92 69 9 34 70 43 71 37 85 63 76 58 84 65 90 97 53 40 54 15 68 98 17 16 20 38 61 19 93 74 28 31 60 14 18 49 45 41 75 32 52 56 88 50 29 59 48 89 62 80 66 73 4 33 99 51 83 35 91 30 26 86 55 7 5 47 87 44 57 94 23 67 100 21 78 3 46 72 79 13 77 6 2 81 22 42 27 39 64 8 96 95 12 10 
100 24 1 36 25 82 11 92 69 9 34 70 43 71 37 85 63 76 58 84 65 90 97 53 40 54 15 68 98 17 16 20 38 61 19 93 74 28 31 60 14 18 49 45 41 75 32 52 56 88 50 29 59 48 89 62 80 66 73 4 33 99 51 83 35 91 30 26 86 55 7 5 47 87 44 57 94 23 67 100 21 78 3 46 72 79 13 77 6 2 81 22 42 27 39 64 8 96 95 12 10 
100 24 1 36 25 82 11 92 69 9 34 70 43 71 37 85 63 76 58 84 65 90 97 53 40 54 15 68 98 17 16 20 38 61 19 93 74 28 31 60 14 18 49 45 41 75 32 52 56 88 50 29 59 48 89 62 80 66 73 4 33 99 51 83 35 91 30 26 86 55 7 5 47 87 44 57 94 23 67 100 21 78 3 46 72 79 13 77 6 2 81 22 42 27 39 64 8 96 95 12 10 
100 24 1 36 25 82 11 92 69 9 34 70 43 71 37 85 63 76 58 84 65 90 97 53 40 54 15 68 98 17 16 20 38 61 19 93 74 28 31 60 14 18 49 45 41 75 32 52 56 88 50 29 59 48 89 62 80 66 73 4 33 99 51 83 35 91 30 26 86 55 7 5 47 87 44 57 94 23 67 100 21 78 3 46 72 79 13 77 6 2 81 22 42 27 39 64 8 96 95 12 10 
100 24 1 36 25 82 11 92 69 9 34 70 43 71 37 85 63 76 58 84 65 90 97 53 40 54 15 68 98 17 16 20 38 61 19 93 74 28 31 60 14 18 49 45 41 75 32 52 56 88 50 29 59 48 89 62 80 66 73 4 33 99 51 83 35 91 30 26 86 55 7 5 47 87 44 57 94 23 67 100 21 78 3 46 72 79 13 77 6 2 81 22 42 27 39 64 8 96 95 12 10 
100 24 1 36 25 82 11 92 69 9 34 70 43 71 37 85 63 76 58 84 65 90 97 53 40 54 15 68 98 17 16 20 38 61 19 93 74 28 31 60 14 18 49 45 41 75 32 52 56 88 50 29 59 48 89 62 80 66 73 4 33 99 51 83 35 91 30 26 86 55 7 5 47 87 44 57 94 23 67 100 21 78 3 46 72 79 13 77 6 2 81 22 42 27 39 64 8 96 95 12 10 
100 24 1 36 25 82 11 92 69 9 34 70 43 71 37 85 63 76 58 84 65 90 97 53 40 54 15 68 98 17 16 20 38 61 19 93 74 28 31 60 14 18 49 45 41 75 32 52 56 88 50 29 59 48 89 62 80 66 73 4 33 99 51 83 35 91 30 26 86 55 7 5 47 87 44 57 94 23 67 100 21 78 3 46 72 79 13 77 6 2 81 22 42 27 39 64 8 96 95 12 10 
100 24 1 36 25 82 11 92 69 9 34 70 43 71 37 85 63 76 58 84 65 90 97 53 40 54 15 68 98 17 16 20 38 61 19 93 74 28 31 60 14 18 49 45 41 75 32 52 56 88 50 29 59 48 89 62 80 66 73 4 33 99 51 83 35 91 30 26 86 55 7 5 47 87 44 57 94 23 67 100 21 78 3 46 72 79 13 77 6 2 81 22 42 27 39 64 8 96 95 12 10 
100 24 1 36 25 82 11 92 69 9 34 70 43 71 37 85 63 76 58 84 65 90 97 53 40 54 15 68 98 17 16 20 38 61 19 93 74 28 31 60 14 18 49 45 41 75 32 52 56 88 50 29 59 48 89 62 80 66 73 4 33 99 51 83 35 91 30 26 86 55 7 5 47 87 44 57 94 23 67 100 21 78 3 46 72 79 13 77 6 2 81 22 42 27 39 64 8 96 95 12 10 
100 24 1 36 25 82 11 92 69 9 34 70 43 71 37 85 63 76 58 84 65 90 97 53 40 54 15 68 98 17 16 20 38 61 19 93 74 28 31 60 14 18 49 45 41 75 32 52 56 88 50 29 59 48 89 62 80 66 73 4 33 99 51 83 35 91 30 26 86 55 7 5 47 87 44 57 94 23 67 100 21 78 3 46 72 79 13 77 6 2 81 22 42 27 39 64 8 96 95 12 10 
100 24 1 36 25 82 11 92 69 9 34 70 43 71 37 85 63 76 58 84 65 90 97 53 40 54 15 68 98 17 16 20 38 61 19 93 74 28 31 60 14 18 49 45 41 75 32 52 56 88 50 29 59 48 89 62 80 66 73 4 33 99 51 83 35 91 30 26 86 55 7 5 47 87 44 57 94 23 67 100 21 78 3 46 72 79 13 77 6 2 81 22 42 27 39 64 8 96 95 12 10 
100 24 1 36 25 82 11 92 69 9 34 70 43 71 37 85 63 76 58 84 65 90 97 53 40 54 15 68 98 17 16 20 38 61 19 93 74 28 31 60 14 18 49 45 41 75 32 52 56 88 50 29 59 48 89 62 80 66 73 4 33 99 51 83 35 91 30 26 86 55 7 5 47 87 44 57 94 23 67 100 21 78 3 46 72 79 13 77 6 2 81 22 42 27 39 64 8 96 95 12 10 
100 24 1 36 25 82 11 92 69 9 34 70 43 71 37 85 63 76 58 84 65 90 97 53 40 54 15 68 98 17 16 20 38 61 19 93 74 28 31 60 14 18 49 45 41 75 32 52 56 88 50 29 59 48 89 62 80 66 73 4 33 99 51 83 35 91 30 26 86 55 7 5 47 87 44 57 94 23 67 100 21 78 3 46 72 79 13 77 6 2 81 22 42 27 39 64 8 96 95 12 10 
100 24 1 36 25 82 11 92 69 9 34 70 43 71 37 85 63 76 58 84 65 90 97 53 40 54 15 68 98 17 16 20 38 61 19 93 74 28 31 60 14 18 49 45 41 75 32 52 56 88 50 29 59 48 89 62 80 66 73 4 33 99 51 83 35 91 30 26 86 55 7 5 47 87 44 57 94 23 67 100 21 78 3 46 72 79 13 77 6 2 81 22 42 27 39 64 8 96 95 12 10 
100 24 1 36 25 82 11 92 69 9 34 70 43 71 37 85 63 76 58 84 65 90 97 53 40 54 15 68 98 17 16 20 38 61 19 93 74 28 31 60 14 18 49 45 41 75 32 52 56 88 50 29 59 48 89 62 80 66 73 4 33 99 51 83 35 91 30 26 86 55 7 5 47 87 44 57 94 23 67 100 21 78 3 46 72 79 13 77 6 2 81 22 42 27 39 64 8 96 95 12 10 
100 24 1 36 25 82 11 92 69 9 34 70 43 71 37 85 63 76 58 84 65 90 97 53 40 54 15 68 98 17 16 20 38 61 19 93 74 28 31 60 14 18 49 45 41 75 32 52 56 88 50 29 59 48 89 62 80 66 73 4 33 99 51 83 35 91 30 26 86 55 7 5 47 87 44 57 94 23 67 100 21 78 3 46 72 79 13 77 6 2 81 22 42 27 39 64 8 96 95 12 10 
100 24 1 36 25 82 11 92 69 9 34 70 43 71 37 85 63 76 58 84 65 90 97 53 40 54 15 68 98 17 16 20 38 61 19 93 74 28 31 60 14 18 49 45 41 75 32 52 56 88 50 29 59 48 89 62 80 66 73 4 33 99 51 83 35 91 30 26 86 55 7 5 47 87 44 57 94 23 67 100 21 78 3 46 72 79 13 77 6 2 81 22 42 27 39 64 8 96 95 12 10 
100 24 1 36 25 82 11 92 69 9 34 70 43 71 37 85 63 76 58 84 65 90 97 53 40 54 15 68 98 17 16 20 38 61 19 93 74 28 31 60 14 18 49 45 41 75 32 52 56 88 50 29 59 48 89 62 80 66 73 4 33 99 51 83 35 91 30 26 86 55 7 5 47 87 44 57 94 23 67 100 21 78 3 46 72 79 13 77 6 2 81 22 42 27 39 64 8 96 95 12 10 
100 24 1 36 25 82 11 92 69 9 34 70 43 71 37 85 63 76 58 84 65 90 97 53 40 54 15 68 98 17 16 20 38 61 19 93 74 28 31 60 14 18 49 45 41 75 32 52 56 88 50 29 59 48 89 62 80 66 73 4 33 99 51 83 35 91 30 26 86 55 7 5 47 87 44 57 94 23 67 100 21 78 3 46 72 79 13 77 6 2 81 22 42 27 39 64 8 96 95 12 10 
100 24 1 36 25 82 11 92 69 9 34 70 43 71 37 85 63 76 58 84 65 90 97 53 40 54 15 68 98 17 16 20 38 61 19 93 74 28 31 60 14 18 49 45 41 75 32 52 56 88 50 29 59 48 89 62 80 66 73 4 33 99 51 83 35 91 30 26 86 55 7 5 47 87 44 57 94 23 67 100 21 78 3 46 72 79 13 77 6 2 81 22 42 27 39 64 8 96 95 12 10 
100 24 1 36 25 82 11 92 69 9 34 70 43 71 37 85 63 76 58 84 65 90 97 53 40 54 15 68 98 17 16 20 38 61 19 93 74 28 31 60 14 18 49 45 41 75 32 52 56 88 50 29 59 48 89 62 80 66 73 4 33 99 51 83 35 91 30 26 86 55 7 5 47 87 44 57 94 23 67 100 21 78 3 46 72 79 13 77 6 2 81 22 42 27 39 64 8 96 95 12 10 
100 24 1 36 25 82 11 92 69 9 34 70 43 71 37 85 63 76 58 84 65 90 97 53 40 54 15 68 98 17 16 20 38 61 19 93 74 28 31 60 14 18 49 45 41 75 32 52 56 88 50 29 59 48 89 62 80 66 73 4 33 99 51 83 35 91 30 26 86 55 7 5 47 87 44 57 94 23 67 100 21 78 3 46 72 79 13 77 6 2 81 22 42 27 39 64 8 96 95 12 10 
100 24 1 36 25 82 11 92 69 9 34 70 43 71 37 85 63 76 58 84 65 90 97 53 40 54 15 68 98 17 16 20 38 61 19 93 74 28 31 60 14 18 49 45 41 75 32 52 56 88 50 29 59 48 89 62 80 66 73 4 33 99 51 83 35 91 30 26 86 55 7 5 47 87 44 57 94 23 67 100 21 78 3 46 72 79 13 77 6 2 81 22 42 27 39 64 8 96 95 12 10 
100 24 1 36 25 82 11 92 69 9 34 70 43 71 37 85 63 76 58 84 65 90 97 53 40 54 15 68 98 17 16 20 38 61 19 93 74 28 31 60 14 18 49 45 41 75 32 52 56 88 50 29 59 48 89 62 80 66 73 4 33 99 51 83 35 91 30 26 86 55 7 5 47 87 44 57 94 23 67 100 21 78 3 46 72 79 13 77 6 2 81 22 42 27 39 64 8 96 95 12 10 
100 24 1 36 25 82 11 92 69 9 34 70 43 71 37 85 63 76 58 84 65 90 97 53 40 54 15 68 98 17 16 20 38 61 19 93 74 28 31 60 14 18 49 45 41 75 32 52 56 88 50 29 59 48 89 62 80 66 73 4 33 99 51 83 35 91 30 26 86 55 7 5 47 87 44 57 94 23 67 100 21 78 3 46 72 79 13 77 6 2 81 22 42 27 39 64 8 96 95 12 10 
100 24 1 36 25 82 11 92 69 9 34 70 43 71 37 85 63 76 58 84 65 90 97 53 40 54 15 68 98 17 16 20 38 61 19 93 74 28 31 60 14 18 49 45 41 75 32 52 56 88 50 29 59 48 89 62 80 66 73 4 33 99 51 83 35 91 30 26 86 55 7 5 47 87 44 57 94 23 67 100 21 78 3 46 72 79 13 77 6 2 81 22 42 27 39 64 8 96 95 12 10 
100 24 1 36 25 82 11 92 69 9 34 70 43 71 37 85 63 76 58 84 65 90 97 53 40 54 15 68 98 17 16 20 38 61 19 93 74 28 31 60 14 18 49 45 41 75 32 52 56 88 50 29 59 48 89 62 80 66 73 4 33 99 51 83 35 91 30 26 86 55 7 5 47 87 44 57 94 23 67 100 21 78 3 46 72 79 13 77 6 2 81 22 42 27 39 64 8 96 95 12 10 
100 24 1 36 25 82 11 92 69 9 34 70 43 71 37 85 63 76 58 84 65 90 97 53 40 54 15 68 98 17 16 20 38 61 19 93 74 28 31 60 14 18 49 45 41 75 32 52 56 88 50 29 59 48 89 62 80 66 73 4 33 99 51 83 35 91 30 26 86 55 7 5 47 87 44 57 94 23 67 100 21 78 3 46 72 79 13 77 6 2 81 22 42 27 39 64 8 96 95 12 10 
100 24 1 36 25 82 11 92 69 9 34 70 43 71 37 85 63 76 58 84 65 90 97 53 40 54 15 68 98 17 16 20 38 61 19 93 74 28 31 60 14 18 49 45 41 75 32 52 56 88 50 29 59 48 89 62 80 66 73 4 33 99 51 83 35 91 30 26 86 55 7 5 47 87 44 57 94 23 67 100 21 78 3 46 72 79 13 77 6 2 81 22 42 27 39 64 8 96 95 12 10 
100 24 1 36 25 82 11 92 69 9 34 70 43 71 37 85 63 76 58 84 65 90 97 53 40 54 15 68 98 17 16 20 38 61 19 93 74 28 31 60 14 18 49 45 41 75 32 52 56 88 50 29 59 48 89 62 80 66 73 4 33 99 51 83 35 91 30 26 86 55 7 5 47 87 44 57 94 23 67 100 21 78 3 46 72 79 13 77 6 2 81 22 42 27 39 64 8 96 95 12 10 
100 24 1 36 25 82 11 92 69 9 34 70 43 71 37 85 63 76 58 84 65 90 97 53 40 54 15 68 98 17 16 20 38 61 19 93 74 28 31 60 14 18 49 45 41 75 32 52 56 88 50 29 59 48 89 62 80 66 73 4 33 99 51 83 35 91 30 26 86 55 7 5 47 87 44 57 94 23 67 100 21 78 3 46 72 79 13 77 6 2 81 22 42 27 39 64 8 96 95 12 10 
100 24 1 36 25 82 11 92 69 9 34 70 43 71 37 85 63 76 58 84 65 90 97 53 40 54 15 68 98 17 16 20 38 61 19 93 74 28 31 60 14 18 49 45 41 75 32 52 56 88 50 29 59 48 89 62 80 66 73 4 33 99 51 83 35 91 30 26 86 55 7 5 47 87 44 57 94 23 67 100 21 78 3 46 72 79 13 77 6 2 81 22 42 27 39 64 8 96 95 12 10 
100 24 1 36 25 82 11 92 69 9 34 70 43 71 37 85 63 76 58 84 65 90 97 53 40 54 15 68 98 17 16 20 38 61 19 93 74 28 31 60 14 18 49 45 41 75 32 52 56 88 50 29 59 48 89 62 80 66 73 4 33 99 51 83 35 91 30 26 86 55 7 5 47 87 44 57 94 23 67 100 21 78 3 46 72 79 13 77 6 2 81 22 42 27 39 64 8 96 95 12 10 
100 24 1 36 25 82 11 92 69 9 34 70 43 71 37 85 63 76 58 84 65 90 97 53 40 54 15 68 98 17 16 20 38 61 19 93 74 28 31 60 14 18 49 45 41 75 32 52 56 88 50 29 59 48 89 62 80 66 73 4 33 99 51 83 35 91 30 26 86 55 7 5 47 87 44 57 94 23 67 100 21 78 3 46 72 79 13 77 6 2 81 22 42 27 39 64 8 96 95 12 10 
100 24 1 36 25 82 11 92 69 9 34 70 43 71 37 85 63 76 58 84 65 90 97 53 40 54 15 68 98 17 16 20 38 61 19 93 74 28 31 60 14 18 49 45 41 75 32 52 56 88 50 29 59 48 89 62 80 66 73 4 33 99 51 83 35 91 30 26 86 55 7 5 47 87 44 57 94 23 67 100 21 78 3 46 72 79 13 77 6 2 81 22 42 27 39 64 8 96 95 12 10 
100 24 1 36 25 82 11 92 69 9 34 70 43 71 37 85 63 76 58 84 65 90 97 53 40 54 15 68 98 17 16 20 38 61 19 93 74 28 31 60 14 18 49 45 41 75 32 52 56 88 50 29 59 48 89 62 80 66 73 4 33 99 51 83 35 91 30 26 86 55 7 5 47 87 44 57 94 23 67 100 21 78 3 46 72 79 13 77 6 2 81 22 42 27 39 64 8 96 95 12 10 
100 24 1 36 25 82 11 92 69 9 34 70 43 71 37 85 63 76 58 84 65 90 97 53 40 54 15 68 98 17 16 20 38 61 19 93 74 28 31 60 14 18 49 45 41 75 32 52 56 88 50 29 59 48 89 62 80 66 73 4 33 99 51 83 35 91 30 26 86 55 7 5 47 87 44 57 94 23 67 100 21 78 3 46 72 79 13 77 6 2 81 22 42 27 39 64 8 96 95 12 10 
100 24 1 36 25 82 11 92 69 9 34 70 43 71 37 85 63 76 58 84 65 90 97 53 40 54 15 68 98 17 16 20 38 61 19 93 74 28 31 60 14 18 49 45 41 75 32 52 56 88 50 29 59 48 89 62 80 66 73 4 33 99 51 83 35 91 30 26 86 55 7 5 47 87 44 57 94 23 67 100 21 78 3 46 72 79 13 77 6 2 81 22 42 27 39 64 8 96 95 12 10 
100 24 1 36 25 82 11 92 69 9 34 70 43 71 37 85 63 76 58 84 65 90 97 53 40 54 15 68 98 17 16 20 38 61 19 93 74 28 31 60 14 18 49 45 41 75 32 52 56 88 50 29 59 48 89 62 80 66 73 4 33 99 51 83 35 91 30 26 86 55 7 5 47 87 44 57 94 23 67 100 21 78 3 46 72 79 13 77 6 2 81 22 42 27 39 64 8 96 95 12 10 
100 24 1 36 25 82 11 92 69 9 34 70 43 71 37 85 63 76 58 84 65 90 97 53 40 54 15 68 98 17 16 20 38 61 19 93 74 28 31 60 14 18 49 45 41 75 32 52 56 88 50 29 59 48 89 62 80 66 73 4 33 99 51 83 35 91 30 26 86 55 7 5 47 87 44 57 94 23 67 100 21 78 3 46 72 79 13 77 6 2 81 22 42 27 39 64 8 96 95 12 10 
100 24 1 36 25 82 11 92 69 9 34 70 43 71 37 85 63 76 58 84 65 90 97 53 40 54 15 68 98 17 16 20 38 61 19 93 74 28 31 60 14 18 49 45 41 75 32 52 56 88 50 29 59 48 89 62 80 66 73 4 33 99 51 83 35 91 30 26 86 55 7 5 47 87 44 57 94 23 67 100 21 78 3 46 72 79 13 77 6 2 81 22 42 27 39 64 8 96 95 12 10 
100 24 1 36 25 82 11 92 69 9 34 70 43 71 37 85 63 76 58 84 65 90 97 53 40 54 15 68 98 17 16 20 38 61 19 93 74 28 31 60 14 18 49 45 41 75 32 52 56 88 50 29 59 48 89 62 80 66 73 4 33 99 51 83 35 91 30 26 86 55 7 5 47 87 44 57 94 23 67 100 21 78 3 46 72 79 13 77 6 2 81 22 42 27 39 64 8 96 95 12 10 
100 24 1 36 25 82 11 92 69 9 34 70 43 71 37 85 63 76 58 84 65 90 97 53 40 54 15 68 98 17 16 20 38 61 19 93 74 28 31 60 14 18 49 45 41 75 32 52 56 88 50 29 59 48 89 62 80 66 73 4 33 99 51 83 35 91 30 26 86 55 7 5 47 87 44 57 94 23 67 100 21 78 3 46 72 79 13 77 6 2 81 22 42 27 39 64 8 96 95 12 10 
100 24 1 36 25 82 11 92 69 9 34 70 43 71 37 85 63 76 58 84 65 90 97 53 40 54 15 68 98 17 16 20 38 61 19 93 74 28 31 60 14 18 49 45 41 75 32 52 56 88 50 29 59 48 89 62 80 66 73 4 33 99 51 83 35 91 30 26 86 55 7 5 47 87 44 57 94 23 67 100 21 78 3 46 72 79 13 77 6 2 81 22 42 27 39 64 8 96 95 12 10 
100 24 1 36 25 82 11 92 69 9 34 70 43 71 37 85 63 76 58 84 65 90 97 53 40 54 15 68 98 17 16 20 38 61 19 93 74 28 31 60 14 18 49 45 41 75 32 52 56 88 50 29 59 48 89 62 80 66 73 4 33 99 51 83 35 91 30 26 86 55 7 5 47 87 44 57 94 23 67 100 21 78 3 46 72 79 13 77 6 2 81 22 42 27 39 64 8 96 95 12 10 
100 24 1 36 25 82 11 92 69 9 34 70 43 71 37 85 63 76 58 84 65 90 97 53 40 54 15 68 98 17 16 20 38 61 19 93 74 28 31 60 14 18 49 45 41 75 32 52 56 88 50 29 59 48 89 62 80 66 73 4 33 99 51 83 35 91 30 26 86 55 7 5 47 87 44 57 94 23 67 100 21 78 3 46 72 79 13 77 6 2 81 22 42 27 39 64 8 96 95 12 10 
100 24 1 36 25 82 11 92 69 9 34 70 43 71 37 85 63 76 58 84 65 90 97 53 40 54 15 68 98 17 16 20 38 61 19 93 74 28 31 60 14 18 49 45 41 75 32 52 56 88 50 29 59 48 89 62 80 66 73 4 33 99 51 83 35 91 30 26 86 55 7 5 47 87 44 57 94 23 67 100 21 78 3 46 72 79 13 77 6 2 81 22 42 27 39 64 8 96 95 12 10 
100 24 1 36 25 82 11 92 69 9 34 70 43 71 37 85 63 76 58 84 65 90 97 53 40 54 15 68 98 17 16 20 38 61 19 93 74 28 31 60 14 18 49 45 41 75 32 52 56 88 50 29 59 48 89 62 80 66 73 4 33 99 51 83 35 91 30 26 86 55 7 5 47 87 44 57 94 23 67 100 21 78 3 46 72 79 13 77 6 2 81 22 42 27 39 64 8 96 95 12 10 
100 24 1 36 25 82 11 92 69 9 34 70 43 71 37 85 63 76 58 84 65 90 97 53 40 54 15 68 98 17 16 20 38 61 19 93 74 28 31 60 14 18 49 45 41 75 32 52 56 88 50 29 59 48 89 62 80 66 73 4 33 99 51 83 35 91 30 26 86 55 7 5 47 87 44 57 94 23 67 100 21 78 3 46 72 79 13 77 6 2 81 22 42 27 39 64 8 96 95 12 10 
100 24 1 36 25 82 11 92 69 9 34 70 43 71 37 85 63 76 58 84 65 90 97 53 40 54 15 68 98 17 16 20 38 61 19 93 74 28 31 60 14 18 49 45 41 75 32 52 56 88 50 29 59 48 89 62 80 66 73 4 33 99 51 83 35 91 30 26 86 55 7 5 47 87 44 57 94 23 67 100 21 78 3 46 72 79 13 77 6 2 81 22 42 27 39 64 8 96 95 12 10 
100 24 1 36 25 82 11 92 69 9 34 70 43 71 37 85 63 76 58 84 65 90 97 53 40 54 15 68 98 17 16 20 38 61 19 93 74 28 31 60 14 18 49 45 41 75 32 52 56 88 50 29 59 48 89 62 80 66 73 4 33 99 51 83 35 91 30 26 86 55 7 5 47 87 44 57 94 23 67 100 21 78 3 46 72 79 13 77 6 2 81 22 42 27 39 64 8 96 95 12 10 
100 24 1 36 25 82 11 92 69 9 34 70 43 71 37 85 63 76 58 84 65 90 97 53 40 54 15 68 98 17 16 20 38 61 19 93 74 28 31 60 14 18 49 45 41 75 32 52 56 88 50 29 59 48 89 62 80 66 73 4 33 99 51 83 35 91 30 26 86 55 7 5 47 87 44 57 94 23 67 100 21 78 3 46 72 79 13 77 6 2 81 22 42 27 39 64 8 96 95 12 10 
100 24 1 36 25 82 11 92 69 9 34 70 43 71 37 85 63 76 58 84 65 90 97 53 40 54 15 68 98 17 16 20 38 61 19 93 74 28 31 60 14 18 49 45 41 75 32 52 56 88 50 29 59 48 89 62 80 66 73 4 33 99 51 83 35 91 30 26 86 55 7 5 47 87 44 57 94 23 67 100 21 78 3 46 72 79 13 77 6 2 81 22 42 27 39 64 8 96 95 12 10 
100 24 1 36 25 82 11 92 69 9 34 70 43 71 37 85 63 76 58 84 65 90 97 53 40 54 15 68 98 17 16 20 38 61 19 93 74 28 31 60 14 18 49 45 41 75 32 52 56 88 50 29 59 48 89 62 80 66 73 4 33 99 51 83 35 91 30 26 86 55 7 5 47 87 44 57 94 23 67 100 21 78 3 46 72 79 13 77 6 2 81 22 42 27 39 64 8 96 95 12 10 
100 24 1 36 25 82 11 92 69 9 34 70 43 71 37 85 63 76 58 84 65 90 97 53 40 54 15 68 98 17 16 20 38 61 19 93 74 28 31 60 14 18 49 45 41 75 32 52 56 88 50 29 59 48 89 62 80 66 73 4 33 99 51 83 35 91 30 26 86 55 7 5 47 87 44 57 94 23 67 100 21 78 3 46 72 79 13 77 6 2 81 22 42 27 39 64 8 96 95 12 10 
100 24 1 36 25 82 11 92 69 9 34 70 43 71 37 85 63 76 58 84 65 90 97 53 40 54 15 68 98 17 16 20 38 61 19 93 74 28 31 60 14 18 49 45 41 75 32 52 56 88 50 29 59 48 89 62 80 66 73 4 33 99 51 83 35 91 30 26 86 55 7 5 47 87 44 57 94 23 67 100 21 78 3 46 72 79 13 77 6 2 81 22 42 27 39 64 8 96 95 12 10 
100 24 1 36 25 82 11 92 69 9 34 70 43 71 37 85 63 76 58 84 65 90 97 53 40 54 15 68 98 17 16 20 38 61 19 93 74 28 31 60 14 18 49 45 41 75 32 52 56 88 50 29 59 48 89 62 80 66 73 4 33 99 51 83 35 91 30 26 86 55 7 5 47 87 44 57 94 23 67 100 21 78 3 46 72 79 13 77 6 2 81 22 42 27 39 64 8 96 95 12 10 
100 24 1 36 25 82 11 92 69 9 34 70 43 71 37 85 63 76 58 84 65 90 97 53 40 54 15 68 98 17 16 20 38 61 19 93 74 28 31 60 14 18 49 45 41 75 32 52 56 88 50 29 59 48 89 62 80 66 73 4 33 99 51 83 35 91 30 26 86 55 7 5 47 87 44 57 94 23 67 100 21 78 3 46 72 79 13 77 6 2 81 22 42 27 39 64 8 96 95 12 10 
100 24 1 36 25 82 11 92 69 9 34 70 43 71 37 85 63 76 58 84 65 90 97 53 40 54 15 68 98 17 16 20 38 61 19 93 74 28 31 60 14 18 49 45 41 75 32 52 56 88 50 29 59 48 89 62 80 66 73 4 33 99 51 83 35 91 30 26 86 55 7 5 47 87 44 57 94 23 67 100 21 78 3 46 72 79 13 77 6 2 81 22 42 27 39 64 8 96 95 12 10 
100 24 1 36 25 82 11 92 69 9 34 70 43 71 37 85 63 76 58 84 65 90 97 53 40 54 15 68 98 17 16 20 38 61 19 93 74 28 31 60 14 18 49 45 41 75 32 52 56 88 50 29 59 48 89 62 80 66 73 4 33 99 51 83 35 91 30 26 86 55 7 5 47 87 44 57 94 23 67 100 21 78 3 46 72 79 13 77 6 2 81 22 42 27 39 64 8 96 95 12 10 
100 24 1 36 25 82 11 92 69 9 34 70 43 71 37 85 63 76 58 84 65 90 97 53 40 54 15 68 98 17 16 20 38 61 19 93 74 28 31 60 14 18 49 45 41 75 32 52 56 88 50 29 59 48 89 62 80 66 73 4 33 99 51 83 35 91 30 26 86 55 7 5 47 87 44 57 94 23 67 100 21 78 3 46 72 79 13 77 6 2 81 22 42 27 39 64 8 96 95 12 10 
100 24 1 36 25 82 11 92 69 9 34 70 43 71 37 85 63 76 58 84 65 90 97 53 40 54 15 68 98 17 16 20 38 61 19 93 74 28 31 60 14 18 49 45 41 75 32 52 56 88 50 29 59 48 89 62 80 66 73 4 33 99 51 83 35 91 30 26 86 55 7 5 47 87 44 57 94 23 67 100 21 78 3 46 72 79 13 77 6 2 81 22 42 27 39 64 8 96 95 12 10 
100 24 1 36 25 82 11 92 69 9 34 70 43 71 37 85 63 76 58 84 65 90 97 53 40 54 15 68 98 17 16 20 38 61 19 93 74 28 31 60 14 18 49 45 41 75 32 52 56 88 50 29 59 48 89 62 80 66 73 4 33 99 51 83 35 91 30 26 86 55 7 5 47 87 44 57 94 23 67 100 21 78 3 46 72 79 13 77 6 2 81 22 42 27 39 64 8 96 95 12 10 
100 24 1 36 25 82 11 92 69 9 34 70 43 71 37 85 63 76 58 84 65 90 97 53 40 54 15 68 98 17 16 20 38 61 19 93 74 28 31 60 14 18 49 45 41 75 32 52 56 88 50 29 59 48 89 62 80 66 73 4 33 99 51 83 35 91 30 26 86 55 7 5 47 87 44 57 94 23 67 100 21 78 3 46 72 79 13 77 6 2 81 22 42 27 39 64 8 96 95 12 10 
100 24 1 36 25 82 11 92 69 9 34 70 43 71 37 85 63 76 58 84 65 90 97 53 40 54 15 68 98 17 16 20 38 61 19 93 74 28 31 60 14 18 49 45 41 75 32 52 56 88 50 29 59 48 89 62 80 66 73 4 33 99 51 83 35 91 30 26 86 55 7 5 47 87 44 57 94 23 67 100 21 78 3 46 72 79 13 77 6 2 81 22 42 27 39 64 8 96 95 12 10 
100 24 1 36 25 82 11 92 69 9 34 70 43 71 37 85 63 76 58 84 65 90 97 53 40 54 15 68 98 17 16 20 38 61 19 93 74 28 31 60 14 18 49 45 41 75 32 52 56 88 50 29 59 48 89 62 80 66 73 4 33 99 51 83 35 91 30 26 86 55 7 5 47 87 44 57 94 23 67 100 21 78 3 46 72 79 13 77 6 2 81 22 42 27 39 64 8 96 95 12 10 
100 24 1 36 25 82 11 92 69 9 34 70 43 71 37 85 63 76 58 84 65 90 97 53 40 54 15 68 98 17 16 20 38 61 19 93 74 28 31 60 14 18 49 45 41 75 32 52 56 88 50 29 59 48 89 62 80 66 73 4 33 99 51 83 35 91 30 26 86 55 7 5 47 87 44 57 94 23 67 100 21 78 3 46 72 79 13 77 6 2 81 22 42 27 39 64 8 96 95 12 10 
100 24 1 36 25 82 11 92 69 9 34 70 43 71 37 85 63 76 58 84 65 90 97 53 40 54 15 68 98 17 16 20 38 61 19 93 74 28 31 60 14 18 49 45 41 75 32 52 56 88 50 29 59 48 89 62 80 66 73 4 33 99 51 83 35 91 30 26 86 55 7 5 47 87 44 57 94 23 67 100 21 78 3 46 72 79 13 77 6 2 81 22 42 27 39 64 8 96 95 12 10 
100 24 1 36 25 82 11 92 69 9 34 70 43 71 37 85 63 76 58 84 65 90 97 53 40 54 15 68 98 17 16 20 38 61 19 93 74 28 31 60 14 18 49 45 41 75 32 52 56 88 50 29 59 48 89 62 80 66 73 4 33 99 51 83 35 91 30 26 86 55 7 5 47 87 44 57 94 23 67 100 21 78 3 46 72 79 13 77 6 2 81 22 42 27 39 64 8 96 95 12 10 
100 24 1 36 25 82 11 92 69 9 34 70 43 71 37 85 63 76 58 84 65 90 97 53 40 54 15 68 98 17 16 20 38 61 19 93 74 28 31 60 14 18 49 45 41 75 32 52 56 88 50 29 59 48 89 62 80 66 73 4 33 99 51 83 35 91 30 26 86 55 7 5 47 87 44 57 94 23 67 100 21 78 3 46 72 79 13 77 6 2 81 22 42 27 39 64 8 96 95 12 10 
100 24 1 36 25 82 11 92 69 9 34 70 43 71 37 85 63 76 58 84 65 90 97 53 40 54 15 68 98 17 16 20 38 61 19 93 74 28 31 60 14 18 49 45 41 75 32 52 56 88 50 29 59 48 89 62 80 66 73 4 33 99 51 83 35 91 30 26 86 55 7 5 47 87 44 57 94 23 67 100 21 78 3 46 72 79 13 77 6 2 81 22 42 27 39 64 8 96 95 12 10 
100 24 1 36 25 82 11 92 69 9 34 70 43 71 37 85 63 76 58 84 65 90 97 53 40 54 15 68 98 17 16 20 38 61 19 93 74 28 31 60 14 18 49 45 41 75 32 52 56 88 50 29 59 48 89 62 80 66 73 4 33 99 51 83 35 91 30 26 86 55 7 5 47 87 44 57 94 23 67 100 21 78 3 46 72 79 13 77 6 2 81 22 42 27 39 64 8 96 95 12 10 
100 24 1 36 25 82 11 92 69 9 34 70 43 71 37 85 63 76 58 84 65 90 97 53 40 54 15 68 98 17 16 20 38 61 19 93 74 28 31 60 14 18 49 45 41 75 32 52 56 88 50 29 59 48 89 62 80 66 73 4 33 99 51 83 35 91 30 26 86 55 7 5 47 87 44 57 94 23 67 100 21 78 3 46 72 79 13 77 6 2 81 22 42 27 39 64 8 96 95 12 10 
100 24 1 36 25 82 11 92 69 9 34 70 43 71 37 85 63 76 58 84 65 90 97 53 40 54 15 68 98 17 16 20 38 61 19 93 74 28 31 60 14 18 49 45 41 75 32 52 56 88 50 29 59 48 89 62 80 66 73 4 33 99 51 83 35 91 30 26 86 55 7 5 47 87 44 57 94 23 67 100 21 78 3 46 72 79 13 77 6 2 81 22 42 27 39 64 8 96 95 12 10 
100 24 1 36 25 82 11 92 69 9 34 70 43 71 37 85 63 76 58 84 65 90 97 53 40 54 15 68 98 17 16 20 38 61 19 93 74 28 31 60 14 18 49 45 41 75 32 52 56 88 50 29 59 48 89 62 80 66 73 4 33 99 51 83 35 91 30 26 86 55 7 5 47 87 44 57 94 23 67 100 21 78 3 46 72 79 13 77 6 2 81 22 42 27 39 64 8 96 95 12 10 
100 24 1 36 25 82 11 92 69 9 34 70 43 71 37 85 63 76 58 84 65 90 97 53 40 54 15 68 98 17 16 20 38 61 19 93 74 28 31 60 14 18 49 45 41 75 32 52 56 88 50 29 59 48 89 62 80 66 73 4 33 99 51 83 35 91 30 26 86 55 7 5 47 87 44 57 94 23 67 100 21 78 3 46 72 79 13 77 6 2 81 22 42 27 39 64 8 96 95 12 10 
100 24 1 36 25 82 11 92 69 9 34 70 43 71 37 85 63 76 58 84 65 90 97 53 40 54 15 68 98 17 16 20 38 61 19 93 74 28 31 60 14 18 49 45 41 75 32 52 56 88 50 29 59 48 89 62 80 66 73 4 33 99 51 83 35 91 30 26 86 55 7 5 47 87 44 57 94 23 67 100 21 78 3 46 72 79 13 77 6 2 81 22 42 27 39 64 8 96 95 12 10 
100 24 1 36 25 82 11 92 69 9 34 70 43 71 37 85 63 76 58 84 65 90 97 53 40 54 15 68 98 17 16 20 38 61 19 93 74 28 31 60 14 18 49 45 41 75 32 52 56 88 50 29 59 48 89 62 80 66 73 4 33 99 51 83 35 91 30 26 86 55 7 5 47 87 44 57 94 23 67 100 21 78 3 46 72 79 13 77 6 2 81 22 42 27 39 64 8 96 95 12 10 
100 24 1 36 25 82 11 92 69 9 34 70 43 71 37 85 63 76 58 84 65 90 97 53 40 54 15 68 98 17 16 20 38 61 19 93 74 28 31 60 14 18 49 45 41 75 32 52 56 88 50 29 59 48 89 62 80 66 73 4 33 99 51 83 35 91 30 26 86 55 7 5 47 87 44 57 94 23 67 100 21 78 3 46 72 79 13 77 6 2 81 22 42 27 39 64 8 96 95 12 10 
100 24 1 36 25 82 11 92 69 9 34 70 43 71 37 85 63 76 58 84 65 90 97 53 40 54 15 68 98 17 16 20 38 61 19 93 74 28 31 60 14 18 49 45 41 75 32 52 56 88 50 29 59 48 89 62 80 66 73 4 33 99 51 83 35 91 30 26 86 55 7 5 47 87 44 57 94 23 67 100 21 78 3 46 72 79 13 77 6 2 81 22 42 27 39 64 8 96 95 12 10 
100 24 1 36 25 82 11 92 69 9 34 70 43 71 37 85 63 76 58 84 65 90 97 53 40 54 15 68 98 17 16 20 38 61 19 93 74 28 31 60 14 18 49 45 41 75 32 52 56 88 50 29 59 48 89 62 80 66 73 4 33 99 51 83 35 91 30 26 86 55 7 5 47 87 44 57 94 23 67 100 21 78 3 46 72 79 13 77 6 2 81 22 42 27 39 64 8 96 95 12 10 
100 24 1 36 25 82 11 92 69 9 34 70 43 71 37 85 63 76 58 84 65 90 97 53 40 54 15 68 98 17 16 20 38 61 19 93 74 28 31 60 14 18 49 45 41 75 32 52 56 88 50 29 59 48 89 62 80 66 73 4 33 99 51 83 35 91 30 26 86 55 7 5 47 87 44 57 94 23 67 100 21 78 3 46 72 79 13 77 6 2 81 22 42 27 39 64 8 96 95 12 10 
100 24 1 36 25 82 11 92 69 9 34 70 43 71 37 85 63 76 58 84 65 90 97 53 40 54 15 68 98 17 16 20 38 61 19 93 74 28 31 60 14 18 49 45 41 75 32 52 56 88 50 29 59 48 89 62 80 66 73 4 33 99 51 83 35 91 30 26 86 55 7 5 47 87 44 57 94 23 67 100 21 78 3 46 72 79 13 77 6 2 81 22 42 27 39 64 8 96 95 12 10 
100 24 1 36 25 82 11 92 69 9 34 70 43 71 37 85 63 76 58 84 65 90 97 53 40 54 15 68 98 17 16 20 38 61 19 93 74 28 31 60 14 18 49 45 41 75 32 52 56 88 50 29 59 48 89 62 80 66 73 4 33 99 51 83 35 91 30 26 86 55 7 5 47 87 44 57 94 23 67 100 21 78 3 46 72 79 13 77 6 2 81 22 42 27 39 64 8 96 95 12 10 
100 24 1 36 25 82 11 92 69 9 34 70 43 71 37 85 63 76 58 84 65 90 97 53 40 54 15 68 98 17 16 20 38 61 19 93 74 28 31 60 14 18 49 45 41 75 32 52 56 88 50 29 59 48 89 62 80 66 73 4 33 99 51 83 35 91 30 26 86 55 7 5 47 87 44 57 94 23 67 100 21 78 3 46 72 79 13 77 6 2 81 22 42 27 39 64 8 96 95 12 10 
100 24 1 36 25 82 11 92 69 9 34 70 43 71 37 85 63 76 58 84 65 90 97 53 40 54 15 68 98 17 16 20 38 61 19 93 74 28 31 60 14 18 49 45 41 75 32 52 56 88 50 29 59 48 89 62 80 66 73 4 33 99 51 83 35 91 30 26 86 55 7 5 47 87 44 57 94 23 67 100 21 78 3 46 72 79 13 77 6 2 81 22 42 27 39 64 8 96 95 12 10 
100 24 1 36 25 82 11 92 69 9 34 70 43 71 37 85 63 76 58 84 65 90 97 53 40 54 15 68 98 17 16 20 38 61 19 93 74 28 31 60 14 18 49 45 41 75 32 52 56 88 50 29 59 48 89 62 80 66 73 4 33 99 51 83 35 91 30 26 86 55 7 5 47 87 44 57 94 23 67 100 21 78 3 46 72 79 13 77 6 2 81 22 42 27 39 64 8 96 95 12 10 
100 24 1 36 25 82 11 92 69 9 34 70 43 71 37 85 63 76 58 84 65 90 97 53 40 54 15 68 98 17 16 20 38 61 19 93 74 28 31 60 14 18 49 45 41 75 32 52 56 88 50 29 59 48 89 62 80 66 73 4 33 99 51 83 35 91 30 26 86 55 7 5 47 87 44 57 94 23 67 100 21 78 3 46 72 79 13 77 6 2 81 22 42 27 39 64 8 96 95 12 10 
100 24 1 36 25 82 11 92 69 9 34 70 43 71 37 85 63 76 58 84 65 90 97 53 40 54 15 68 98 17 16 20 38 61 19 93 74 28 31 60 14 18 49 45 41 75 32 52 56 88 50 29 59 48 89 62 80 66 73 4 33 99 51 83 35 91 30 26 86 55 7 5 47 87 44 57 94 23 67 100 21 78 3 46 72 79 13 77 6 2 81 22 42 27 39 64 8 96 95 12 10 
100 24 1 36 25 82 11 92 69 9 34 70 43 71 37 85 63 76 58 84 65 90 97 53 40 54 15 68 98 17 16 20 38 61 19 93 74 28 31 60 14 18 49 45 41 75 32 52 56 88 50 29 59 48 89 62 80 66 73 4 33 99 51 83 35 91 30 26 86 55 7 5 47 87 44 57 94 23 67 100 21 78 3 46 72 79 13 77 6 2 81 22 42 27 39 64 8 96 95 12 10 
100 24 1 36 25 82 11 92 69 9 34 70 43 71 37 85 63 76 58 84 65 90 97 53 40 54 15 68 98 17 16 20 38 61 19 93 74 28 31 60 14 18 49 45 41 75 32 52 56 88 50 29 59 48 89 62 80 66 73 4 33 99 51 83 35 91 30 26 86 55 7 5 47 87 44 57 94 23 67 100 21 78 3 46 72 79 13 77 6 2 81 22 42 27 39 64 8 96 95 12 10 
100 24 1 36 25 82 11 92 69 9 34 70 43 71 37 85 63 76 58 84 65 90 97 53 40 54 15 68 98 17 16 20 38 61 19 93 74 28 31 60 14 18 49 45 41 75 32 52 56 88 50 29 59 48 89 62 80 66 73 4 33 99 51 83 35 91 30 26 86 55 7 5 47 87 44 57 94 23 67 100 21 78 3 46 72 79 13 77 6 2 81 22 42 27 39 64 8 96 95 12 10 
100 24 1 36 25 82 11 92 69 9 34 70 43 71 37 85 63 76 58 84 65 90 97 53 40 54 15 68 98 17 16 20 38 61 19 93 74 28 31 60 14 18 49 45 41 75 32 52 56 88 50 29 59 48 89 62 80 66 73 4 33 99 51 83 35 91 30 26 86 55 7 5 47 87 44 57 94 23 67 100 21 78 3 46 72 79 13 77 6 2 81 22 42 27 39 64 8 96 95 12 10 
100 24 1 36 25 82 11 92 69 9 34 70 43 71 37 85 63 76 58 84 65 90 97 53 40 54 15 68 98 17 16 20 38 61 19 93 74 28 31 60 14 18 49 45 41 75 32 52 56 88 50 29 59 48 89 62 80 66 73 4 33 99 51 83 35 91 30 26 86 55 7 5 47 87 44 57 94 23 67 100 21 78 3 46 72 79 13 77 6 2 81 22 42 27 39 64 8 96 95 12 10 
100 24 1 36 25 82 11 92 69 9 34 70 43 71 37 85 63 76 58 84 65 90 97 53 40 54 15 68 98 17 16 20 38 61 19 93 74 28 31 60 14 18 49 45 41 75 32 52 56 88 50 29 59 48 89 62 80 66 73 4 33 99 51 83 35 91 30 26 86 55 7 5 47 87 44 57 94 23 67 100 21 78 3 46 72 79 13 77 6 2 81 22 42 27 39 64 8 96 95 12 10 
100 24 1 36 25 82 11 92 69 9 34 70 43 71 37 85 63 76 58 84 65 90 97 53 40 54 15 68 98 17 16 20 38 61 19 93 74 28 31 60 14 18 49 45 41 75 32 52 56 88 50 29 59 48 89 62 80 66 73 4 33 99 51 83 35 91 30 26 86 55 7 5 47 87 44 57 94 23 67 100 21 78 3 46 72 79 13 77 6 2 81 22 42 27 39 64 8 96 95 12 10 
100 24 1 36 25 82 11 92 69 9 34 70 43 71 37 85 63 76 58 84 65 90 97 53 40 54 15 68 98 17 16 20 38 61 19 93 74 28 31 60 14 18 49 45 41 75 32 52 56 88 50 29 59 48 89 62 80 66 73 4 33 99 51 83 35 91 30 26 86 55 7 5 47 87 44 57 94 23 67 100 21 78 3 46 72 79 13 77 6 2 81 22 42 27 39 64 8 96 95 12 10 
100 24 1 36 25 82 11 92 69 9 34 70 43 71 37 85 63 76 58 84 65 90 97 53 40 54 15 68 98 17 16 20 38 61 19 93 74 28 31 60 14 18 49 45 41 75 32 52 56 88 50 29 59 48 89 62 80 66 73 4 33 99 51 83 35 91 30 26 86 55 7 5 47 87 44 57 94 23 67 100 21 78 3 46 72 79 13 77 6 2 81 22 42 27 39 64 8 96 95 12 10 
100 24 1 36 25 82 11 92 69 9 34 70 43 71 37 85 63 76 58 84 65 90 97 53 40 54 15 68 98 17 16 20 38 61 19 93 74 28 31 60 14 18 49 45 41 75 32 52 56 88 50 29 59 48 89 62 80 66 73 4 33 99 51 83 35 91 30 26 86 55 7 5 47 87 44 57 94 23 67 100 21 78 3 46 72 79 13 77 6 2 81 22 42 27 39 64 8 96 95 12 10 
