100
100 54 39 76 61 85 23 40 97 32 6 82 64 48 3 81 67 36 66 18 56 59 88 51 75 45 96 94 93 65 11 87 34 38 12 37 8 26 69 68 72 74 7 24 30 4 55 60 27 22 89 52 19 91 53 73 28 17 43 83 5 2 92 49 16 70 95 14 100 99 13 44 79 20 21 86 62 47 58 71 78 15 80 29 98 1 77 31 46 10 90 25 33 50 57 9 42 63 35 84 41 
100 36 24 72 27 95 62 48 55 9 59 51 34 41 19 30 22 8 47 11 84 75 28 65 43 100 31 94 2 49 83 91 63 39 12 68 54 78 79 10 98 13 35 50 87 70 37 21 66 88 56 42 99 81 1 80 67 89 14 4 85 6 38 82 69 92 23 46 57 86 97 52 17 76 90 96 53 61 93 77 40 25 58 16 74 45 29 64 26 44 32 18 73 15 3 60 7 33 5 20 71 
100 62 7 96 94 19 80 92 25 86 43 91 70 90 53 61 87 18 1 13 69 16 78 99 74 24 66 95 4 50 71 17 79 82 30 85 38 37 75 39 32 51 55 45 10 52 54 8 26 72 76 12 81 60 77 21 35 59 40 57 11 68 33 100 46 73 29 58 44 41 98 48 15 9 36 28 14 97 63 49 20 23 27 47 22 93 3 42 88 34 67 5 6 89 83 65 31 56 2 84 64 
100 77 2 5 27 93 38 52 18 84 13 36 25 48 72 8 22 75 95 34 98 54 47 43 66 29 88 74 49 76 71 46 31 41 67 16 4 61 6 7 50 92 83 81 65 82 12 28 58 90 94 55 60 11 45 33 23 37 91 9 87 53 57 1 39 17 78 30 69 100 97 68 26 15 62 99 19 64 35 70 14 89 59 44 51 80 85 24 32 21 42 20 3 56 96 73 86 10 63 79 40 
100 80 77 13 14 84 23 62 43 61 55 94 67 49 74 53 19 37 3 99 47 22 7 96 11 46 60 68 29 41 10 91 75 27 51 88 63 6 58 2 42 100 83 71 66 5 21 31 76 98 1 24 52 26 79 56 48 73 40 8 36 9 95 82 50 89 16 17 25 57 93 54 18 92 39 90 20 12 59 86 34 69 35 32 38 33 15 4 72 78 81 87 65 30 28 64 70 97 44 85 45 
100 60 96 3 87 42 54 78 57 43 32 64 22 76 24 9 72 10 66 47 94 99 28 82 18 98 48 70 91 7 33 59 38 90 79 95 68 19 69 27 65 75 37 12 31 58 93 61 8 77 62 46 51 14 13 88 49 74 55 53 23 83 39 21 63 50 1 2 41 44 81 85 86 15 34 35 89 52 84 92 29 36 26 71 97 20 5 17 73 56 16 45 6 11 67 40 100 25 4 30 80 
100 90 6 80 78 56 92 97 48 36 12 51 34 81 68 86 77 64 47 28 41 87 50 16 4 7 53 74 10 8 17 60 84 9 40 91 42 67 82 52 66 76 45 33 79 55 57 99 98 20 39 29 24 65 21 23 32 58 70 95 5 3 61 59 73 14 22 44 27 100 88 11 63 30 49 18 37 25 85 15 75 46 2 71 54 94 19 43 93 83 13 69 31 1 38 62 35 89 96 72 26 
100 51 88 97 50 32 74 72 65 10 94 62 25 9 36 99 95 86 11 13 79 98 43 55 29 8 31 52 90 45 70 77 76 63 18 68 56 1 69 30 89 87 100 80 93 71 5 91 47 14 2 46 34 6 37 73 84 78 49 4 53 54 57 12 41 92 27 15 21 67 16 7 28 40 26 33 59 44 3 66 20 42 75 81 58 64 39 24 82 61 19 60 48 38 85 17 23 83 96 35 22 
100 63 26 94 85 80 42 3 13 96 90 78 52 65 66 84 8 36 46 15 14 57 69 87 47 89 58 39 92 64 34 20 11 24 21 4 16 41 74 76 51 61 75 72 40 59 70 9 67 18 91 44 83 35 55 32 43 79 6 48 97 53 77 100 71 73 10 38 29 30 12 86 5 82 37 22 28 62 54 88 33 50 99 17 45 27 7 1 56 31 60 2 49 23 98 68 25 93 19 95 81 
100 36 99 90 82 13 79 54 72 9 21 19 100 29 65 46 60 62 49 80 7 30 2 1 66 64 71 50 6 56 61 63 37 70 39 97 35 84 81 57 89 28 8 93 87 86 77 34 76 42 43 55 51 10 58 27 23 67 83 78 14 47 85 44 73 53 32 12 22 48 26 92 25 24 16 91 4 38 33 40 31 98 94 52 96 18 95 88 75 41 45 5 15 69 17 3 59 20 68 11 74 
100 6 76 58 22 39 52 66 40 16 86 19 62 28 51 9 70 53 29 71 95 38 18 92 64 88 23 100 45 61 75 17 56 97 54 80 47 44 2 14 93 65 4 26 99 3 87 94 72 20 73 21 37 84 48 12 63 96 60 5 24 36 83 34 7 8 41 1 69 15 25 77 89 42 46 90 13 50 49 78 74 91 68 82 85 30 35 81 33 11 10 27 31 59 79 43 98 32 67 55 57 
100 88 32 55 13 76 5 9 4 86 16 21 71 7 41 25 12 73 45 14 10 39 28 59 78 65 19 6 50 84 22 63 66 47 49 75 74 52 99 43 53 18 57 81 44 62 33 35 98 26 89 23 95 77 20 79 72 51 94 15 91 3 60 61 93 85 38 48 31 90 24 1 68 92 64 83 29 27 40 2 17 37 8 56 96 69 97 46 67 80 82 100 58 70 36 42 54 34 87 11 30 
100 72 57 16 23 30 18 12 38 77 65 36 40 98 1 26 20 8 33 32 48 17 95 27 67 46 24 100 73 61 70 31 63 10 62 4 35 78 89 11 39 60 50 87 29 58 56 14 9 69 92 47 5 85 75 6 34 13 93 64 52 86 41 53 21 3 7 80 25 59 43 82 97 76 44 83 71 54 96 42 88 94 15 37 51 66 81 74 55 19 90 84 68 99 45 49 79 91 28 22 2 
100 36 67 43 58 56 7 32 72 44 66 93 87 92 19 52 35 49 20 38 100 86 33 50 11 53 74 47 90 57 77 15 16 23 89 73 78 28 96 9 95 3 94 51 29 41 99 25 14 45 22 5 10 85 68 17 13 97 39 34 91 82 70 18 98 12 46 40 62 8 69 71 26 79 75 83 61 24 88 65 54 59 55 4 31 42 76 48 37 84 64 60 63 30 2 21 80 81 27 1 6 
100 94 33 27 35 28 5 68 25 3 72 45 2 6 85 55 1 36 77 54 10 44 90 93 34 11 40 83 31 86 96 92 69 56 38 97 13 91 52 61 88 95 73 19 66 63 51 15 12 29 26 67 23 98 22 24 81 79 76 100 58 17 42 64 47 99 21 53 20 74 49 48 89 71 16 80 8 30 70 7 37 65 39 14 60 41 50 87 46 43 57 84 82 75 18 9 4 78 62 59 32 
100 21 87 98 5 83 60 56 3 40 39 74 82 52 59 77 66 85 76 31 80 45 35 29 58 61 64 12 32 11 79 54 94 71 70 90 95 2 44 92 27 38 81 41 16 99 78 47 55 23 30 6 19 62 8 26 97 49 69 15 43 50 20 4 25 13 46 84 1 24 89 34 93 63 10 42 53 36 33 17 96 88 91 48 100 37 68 51 86 57 18 65 28 9 22 72 7 73 14 67 75 
100 1 100 53 6 54 47 24 98 23 45 37 63 80 39 52 30 72 17 65 10 78 8 79 85 95 73 76 91 26 33 41 13 35 20 16 12 69 48 25 97 61 84 83 11 2 90 64 60 67 92 62 18 3 71 46 32 93 22 55 14 82 15 74 5 42 87 51 4 81 36 27 21 59 49 43 96 38 66 99 9 34 19 94 28 89 58 29 31 57 68 40 7 50 75 70 88 44 56 86 77 
100 10 52 13 2 97 61 26 11 32 7 27 87 22 29 34 14 1 70 41 15 76 67 69 31 54 17 16 68 88 81 99 75 98 23 45 80 71 5 96 63 42 50 19 48 20 59 9 79 89 40 39 84 53 37 62 86 95 12 43 55 49 24 46 72 38 73 65 25 83 85 90 3 44 64 92 28 94 93 78 91 21 30 57 74 35 18 60 36 82 100 47 77 8 6 4 51 66 33 58 56 
100 100 41 55 34 39 3 50 33 57 79 76 18 10 12 36 91 63 31 19 40 80 15 25 62 29 87 96 49 21 92 53 43 23 4 82 70 90 17 88 86 94 69 26 84 30 20 42 22 48 45 83 52 67 95 38 5 65 32 73 8 74 58 35 98 16 93 56 2 81 6 27 97 54 77 89 61 46 99 14 72 66 78 75 13 47 64 7 68 51 9 28 11 1 44 59 85 37 60 71 24 
100 69 49 54 83 42 21 80 29 90 2 38 76 26 77 40 61 4 39 65 18 23 13 62 8 10 73 94 19 55 17 56 11 97 78 58 91 86 50 89 22 3 98 41 6 51 45 12 43 74 87 63 92 100 34 60 57 32 68 72 20 53 5 85 59 96 79 30 15 88 9 93 33 47 84 27 24 66 37 48 31 81 70 7 99 82 25 28 35 46 36 1 44 95 16 71 52 14 64 67 75 
100 50 95 86 69 21 68 51 48 10 13 61 34 11 8 83 3 76 39 43 44 97 58 7 40 24 54 70 60 82 45 32 99 55 46 81 6 38 1 98 73 77 14 96 36 63 59 37 22 78 53 31 29 67 79 2 64 80 9 74 100 87 4 62 33 71 17 25 20 91 89 92 41 66 88 12 75 94 85 23 72 5 57 47 16 15 42 49 90 18 27 93 26 84 52 65 28 56 30 19 35 
100 90 27 89 96 21 36 80 18 84 98 86 30 14 58 8 32 24 83 74 52 65 81 22 71 28 49 56 85 69 60 48 72 67 41 40 64 54 62 13 20 55 76 39 12 3 37 4 51 91 34 73 78 7 43 11 33 1 88 63 57 82 92 75 79 53 66 25 15 29 38 17 94 97 45 26 2 100 99 68 87 10 50 31 93 70 46 19 77 59 6 5 23 44 95 16 9 35 42 61 47 
100 83 53 60 54 94 15 93 36 62 63 34 81 29 6 22 59 97 25 79 64 50 46 89 84 37 33 85 99 35 21 39 9 68 2 70 19 87 23 28 38 4 76 57 24 31 66 48 69 92 43 26 73 45 88 1 78 98 95 11 16 49 3 13 61 10 18 65 41 8 80 56 5 12 75 82 7 44 58 67 100 77 30 40 32 17 72 14 20 27 51 96 47 42 74 91 86 55 71 52 90 
100 49 62 71 95 86 35 37 1 8 39 23 52 41 80 54 14 4 90 59 76 70 46 28 65 96 48 12 58 44 22 38 42 26 64 11 20 100 77 31 74 24 79 83 84 98 66 10 40 17 9 51 67 60 6 55 30 19 21 45 16 33 29 56 61 27 36 32 94 47 7 25 78 57 75 73 15 18 99 43 89 5 91 92 87 3 68 63 13 50 82 85 53 93 88 81 72 97 69 2 34 
100 61 69 96 97 22 14 100 99 78 82 51 57 13 8 95 39 63 79 40 72 56 18 25 91 42 30 58 3 53 88 76 74 66 71 48 47 65 4 77 1 87 6 50 90 17 16 52 80 27 31 62 92 24 21 29 98 23 28 45 10 43 84 86 49 54 73 34 9 19 44 70 12 81 46 32 83 37 5 41 67 11 15 38 26 89 68 93 75 35 33 94 85 55 7 60 2 64 36 59 20 
100 84 67 21 51 97 28 87 78 8 89 73 16 15 66 98 62 42 14 52 65 13 76 45 70 61 91 72 33 35 71 85 32 46 40 23 58 82 9 57 54 38 22 59 99 18 37 31 81 49 2 60 5 47 50 44 7 80 75 69 55 63 86 20 12 6 30 79 92 1 83 94 77 43 3 68 90 64 34 10 25 26 41 24 39 29 100 96 36 93 17 19 27 53 88 74 4 48 95 11 56 
100 87 52 82 95 43 65 45 30 67 3 63 23 40 92 33 81 79 25 29 49 15 69 64 77 56 86 11 93 73 13 16 57 9 89 7 8 98 70 74 84 4 10 54 53 28 72 59 50 90 60 58 22 24 26 66 61 62 75 96 20 36 39 97 37 83 99 41 6 27 76 88 21 51 18 2 44 32 17 68 80 78 47 31 71 100 38 46 1 42 91 34 85 5 94 12 35 19 55 48 14 
100 43 76 74 4 67 48 7 29 65 31 5 90 55 60 86 11 30 96 84 50 99 100 44 75 6 70 12 17 94 82 49 27 62 10 14 63 57 22 34 59 35 98 72 58 73 52 54 28 97 15 91 64 24 9 39 56 79 93 92 71 88 47 45 38 41 87 40 19 81 3 16 18 80 32 42 53 46 77 85 95 83 78 25 33 20 1 36 66 89 61 23 37 26 21 8 2 51 69 68 13 
100 22 21 73 24 64 49 82 67 37 26 17 36 12 44 75 66 88 41 97 40 80 19 58 42 51 31 34 81 84 43 9 6 68 28 53 4 91 46 30 69 2 92 72 100 85 47 32 71 78 18 57 60 77 7 14 39 65 29 61 95 33 86 23 13 11 89 48 56 16 50 59 87 63 15 99 25 79 20 27 1 94 93 5 10 90 83 55 3 54 52 96 45 74 70 8 38 62 76 35 98 
100 13 27 29 6 21 93 31 40 36 59 70 63 65 90 49 9 5 3 100 51 55 56 24 10 2 76 46 53 92 69 99 83 94 26 23 84 71 25 89 91 34 17 33 80 77 73 68 98 64 11 18 38 61 82 14 62 66 79 41 60 95 58 96 15 50 78 7 97 22 86 4 43 47 28 87 39 44 42 20 52 81 45 19 72 57 54 88 48 67 1 16 32 75 85 37 30 74 35 12 8 
100 84 11 31 42 75 52 48 78 4 15 7 36 6 30 28 74 37 38 47 70 63 94 14 22 87 90 45 71 26 82 39 58 79 49 34 68 19 60 3 76 99 2 1 29 43 16 5 64 33 100 91 93 27 96 73 81 53 9 88 72 35 85 12 80 23 50 83 13 92 95 86 20 66 61 10 62 59 46 44 77 54 98 89 69 41 18 17 97 56 32 8 21 67 25 51 40 65 57 55 24 
100 13 53 66 98 18 10 32 1 27 7 40 19 48 47 75 31 99 39 63 100 94 81 26 76 90 67 6 54 86 74 3 24 2 89 84 95 29 14 33 21 23 50 12 68 59 4 36 9 87 20 70 5 85 96 93 28 42 8 37 58 71 57 17 30 38 55 64 80 35 45 83 43 52 49 92 65 44 34 82 91 51 61 72 41 15 56 79 77 69 73 22 62 25 16 11 46 97 78 88 60 
100 19 75 52 10 54 22 21 47 40 53 9 98 5 29 6 23 16 67 13 48 1 14 57 3 77 32 44 96 79 26 72 43 78 36 58 92 87 24 46 49 39 7 17 37 4 64 30 45 18 88 82 90 83 74 8 69 12 31 73 91 93 62 60 84 86 59 85 97 34 50 20 51 100 15 71 55 35 94 63 61 99 33 42 66 81 89 2 11 95 68 25 28 65 56 80 27 70 38 76 41 
100 6 12 14 21 82 86 60 3 7 33 32 66 81 30 10 27 20 29 74 5 46 71 85 64 68 78 89 73 4 96 42 100 61 75 88 57 62 72 16 38 87 58 1 48 47 56 93 49 63 23 40 44 19 92 41 11 9 99 13 22 26 67 35 24 28 36 54 8 18 94 80 59 45 91 17 65 53 70 2 90 15 84 51 34 83 69 50 37 98 97 39 43 95 55 79 25 31 77 52 76 
100 23 37 55 95 31 96 8 4 46 86 90 69 29 93 35 11 70 27 30 81 71 74 97 100 72 66 10 34 75 47 42 12 98 3 68 45 84 44 61 73 62 13 99 26 52 56 64 16 9 19 60 50 20 17 78 39 33 24 82 18 48 7 41 43 63 2 94 92 76 22 14 88 1 25 28 89 58 87 38 65 85 49 51 80 53 32 15 91 57 40 5 77 54 59 79 67 6 21 83 36 
100 69 49 63 10 58 32 5 65 21 50 87 72 82 41 59 24 20 81 80 35 1 9 16 57 51 28 15 4 93 60 3 53 26 88 68 11 30 79 78 13 86 55 22 62 96 37 6 75 70 2 67 66 76 45 97 43 39 40 34 7 33 91 94 36 44 25 98 90 85 99 74 71 48 83 27 100 14 52 8 47 12 18 54 95 89 46 42 19 92 31 61 23 64 77 29 38 17 56 73 84 
100 1 9 81 52 71 40 12 26 27 45 18 70 63 79 62 19 75 36 77 92 13 64 28 73 68 80 60 98 83 55 95 94 17 30 65 61 91 33 82 47 22 54 10 87 51 89 99 43 2 15 14 3 56 39 66 74 85 11 97 72 20 84 38 46 59 88 31 42 29 8 35 57 21 34 100 32 16 86 25 76 50 5 58 49 53 6 96 4 90 78 67 7 44 48 23 41 24 93 37 69 
100 29 62 94 99 36 35 7 22 95 47 72 91 82 78 33 75 55 64 1 83 54 81 74 26 39 42 67 11 98 84 4 56 51 28 97 16 60 12 34 49 9 61 32 46 3 17 92 31 96 76 73 38 80 90 93 70 53 52 50 2 13 86 68 88 100 69 14 15 85 30 77 43 79 63 21 19 58 24 20 8 40 71 44 57 45 65 18 37 6 5 41 59 87 27 89 23 10 66 25 48 
100 65 19 45 79 82 59 13 100 89 10 39 49 5 21 56 22 75 7 25 33 72 67 47 20 4 1 44 6 31 61 64 85 84 41 73 12 88 48 11 9 43 83 3 15 32 76 36 80 51 26 66 62 69 77 35 96 74 30 54 78 63 87 53 60 23 97 86 98 55 40 27 81 52 42 34 58 99 18 50 94 57 8 71 46 2 38 70 16 24 92 37 68 14 95 90 17 93 29 28 91 
100 90 33 60 11 17 97 46 29 95 12 49 84 78 34 67 45 30 61 53 41 20 52 28 85 14 94 25 31 40 3 37 81 83 87 98 58 23 2 66 70 86 22 89 57 77 26 9 91 72 7 80 19 35 24 62 82 100 69 48 71 56 5 76 21 50 68 59 54 99 93 18 43 42 63 74 8 13 15 4 73 6 32 96 39 92 65 10 55 44 16 75 27 51 36 47 79 88 64 38 1 
100 100 66 5 98 6 43 94 78 40 71 95 11 4 35 76 60 37 45 8 84 81 47 56 42 55 64 86 70 31 75 9 62 57 36 85 61 79 87 23 48 39 74 19 1 96 16 2 21 30 89 3 12 53 29 69 72 15 77 58 41 7 82 34 80 90 65 54 97 38 73 68 50 22 59 99 83 88 25 46 24 44 27 32 91 51 17 93 49 10 13 28 67 26 18 92 63 33 20 14 52 
100 69 50 70 96 88 24 19 65 38 84 5 52 26 35 98 74 62 90 20 64 76 12 23 28 14 67 47 82 4 56 92 61 6 3 31 55 86 16 17 11 42 22 99 75 33 1 27 48 2 71 60 39 36 83 25 57 66 8 37 81 32 78 51 63 15 34 72 85 68 21 49 45 73 13 59 40 7 100 95 80 93 18 97 10 41 79 54 87 58 9 91 43 89 94 53 30 77 46 44 29 
100 87 98 70 24 30 59 100 58 54 9 28 34 16 53 73 80 64 84 85 39 51 78 62 13 40 91 2 77 36 35 5 31 50 20 52 56 76 94 55 93 22 6 43 95 42 96 25 29 33 46 19 86 11 81 3 45 10 49 38 88 65 89 79 82 14 17 44 32 75 67 99 18 69 68 63 1 72 21 48 4 90 92 8 61 23 60 71 83 27 26 12 15 37 74 7 66 57 41 47 97 
100 11 35 70 5 65 66 78 27 8 42 6 30 28 17 89 46 86 39 38 31 100 75 22 33 25 44 93 98 92 23 63 85 52 81 79 9 97 48 72 1 84 45 43 16 47 37 12 53 88 20 49 13 57 76 54 68 94 55 99 96 18 69 58 32 67 62 59 91 80 64 7 90 34 15 74 24 51 4 10 29 21 73 41 82 71 56 83 50 77 60 40 14 3 87 26 36 19 61 95 2 
100 54 16 24 38 93 71 86 44 87 40 45 74 29 66 72 8 84 99 26 68 12 63 23 18 64 2 13 94 42 6 69 11 22 19 78 34 7 27 43 25 100 57 55 41 4 32 53 60 17 90 56 50 46 35 96 47 75 89 5 15 36 95 67 37 82 85 59 1 80 9 83 65 31 30 52 51 3 62 58 92 20 73 33 39 98 70 10 97 28 77 49 76 91 81 61 79 21 14 48 88 
100 63 34 16 60 41 71 70 50 6 40 95 73 28 90 94 96 35 59 84 85 31 56 43 25 82 83 17 86 23 76 68 4 100 30 91 45 52 67 13 58 46 98 9 77 97 19 36 18 54 72 61 99 7 12 93 57 65 20 33 49 14 3 10 42 62 55 38 78 5 88 8 89 37 80 39 24 47 79 69 53 27 2 74 11 75 1 44 21 81 48 66 92 32 87 29 22 26 15 51 64 
100 30 43 33 98 51 26 74 11 54 46 81 72 65 1 91 53 82 31 62 36 35 2 59 32 28 92 17 39 19 61 50 7 67 96 93 38 56 85 73 83 63 37 57 24 95 16 75 22 66 60 41 9 84 48 4 3 49 70 45 89 40 79 12 64 13 77 100 94 44 76 5 52 86 99 80 8 15 6 69 47 42 27 29 18 58 10 23 68 90 21 34 55 97 25 14 88 71 78 20 87 
100 51 2 85 13 88 10 77 26 40 44 52 59 3 92 60 38 24 100 6 34 80 4 87 20 16 43 21 82 25 72 89 66 48 49 8 67 91 81 7 86 41 98 30 75 58 31 76 95 68 99 61 93 64 15 90 33 54 22 83 28 5 19 56 42 97 73 36 74 9 11 94 57 29 35 50 63 70 79 53 65 14 69 55 78 39 84 96 32 46 27 37 62 47 17 12 45 18 23 71 1 
100 48 1 40 27 41 45 21 91 38 85 19 23 99 47 98 2 13 87 44 67 14 36 33 62 81 59 77 53 5 97 8 26 34 43 57 83 12 60 63 20 96 54 6 65 92 30 46 94 15 52 89 49 55 9 17 66 16 58 78 10 51 25 22 95 64 68 3 7 28 76 74 18 100 72 42 29 37 75 69 70 90 56 24 31 39 73 88 84 93 79 35 50 82 11 61 4 86 71 32 80 
100 91 16 5 38 82 49 70 47 10 99 75 57 6 35 20 29 78 56 37 11 53 25 7 68 1 89 13 28 17 46 72 69 54 40 73 33 12 9 2 45 88 79 50 51 4 21 36 97 14 61 93 31 77 18 66 8 87 71 41 96 81 3 39 32 34 63 19 59 55 94 83 43 26 98 64 76 27 24 90 60 42 86 62 22 30 58 92 15 80 44 52 85 95 84 48 100 23 67 74 65 
100 9 88 21 3 53 81 87 78 14 19 13 16 17 72 30 93 84 8 4 63 92 24 100 2 28 91 36 27 50 45 56 12 5 11 10 18 15 46 76 48 52 54 1 47 60 94 95 49 82 22 96 75 74 68 61 64 80 20 55 97 70 79 35 33 62 38 69 39 57 23 73 86 43 71 67 44 65 98 37 31 51 42 83 59 90 66 34 89 26 99 32 29 77 58 6 85 25 41 7 40 
100 63 85 24 7 70 47 77 13 100 17 80 35 49 5 38 27 23 18 36 95 31 84 74 4 30 67 87 97 62 54 28 3 48 6 8 25 45 20 37 22 93 52 79 29 65 39 89 66 55 61 71 42 76 73 96 72 15 43 58 14 83 51 99 2 82 19 57 16 53 78 75 46 60 90 98 11 91 21 1 69 88 26 94 56 50 68 86 81 44 59 64 32 40 33 10 34 41 9 12 92 
100 90 45 61 9 42 44 30 65 23 7 76 96 99 6 97 54 24 14 20 92 67 37 75 95 80 71 74 84 17 12 60 35 16 63 43 28 31 94 1 40 33 50 53 11 47 3 93 21 87 88 8 69 34 81 73 32 52 4 79 46 82 62 83 38 18 64 85 49 86 19 25 89 41 68 5 2 29 91 57 36 55 48 26 72 10 66 22 98 13 58 27 78 77 59 15 51 70 56 100 39 
100 51 22 7 8 46 56 38 26 97 70 58 75 88 49 1 69 50 25 77 17 23 18 36 45 76 6 61 86 62 87 84 35 82 37 14 81 28 68 64 12 11 47 42 63 44 4 33 74 15 54 98 16 80 91 67 30 34 13 48 29 57 79 100 39 52 66 99 3 59 40 72 96 43 32 65 94 73 78 2 93 85 9 24 41 5 60 53 92 21 83 95 89 19 20 90 31 55 71 10 27 
100 98 53 80 13 97 27 70 15 64 86 58 76 32 88 83 11 39 74 69 47 78 67 41 91 75 12 61 34 96 90 56 42 50 66 79 62 19 26 82 63 45 22 1 36 43 71 10 14 60 31 16 6 68 21 85 18 54 55 92 46 51 38 28 7 100 40 2 35 5 72 95 37 8 17 52 4 3 25 93 57 23 48 87 29 81 49 30 9 44 20 84 89 94 73 77 24 99 65 33 59 
100 31 99 37 26 3 69 94 2 66 63 87 58 46 25 56 11 18 52 15 30 79 57 17 74 85 81 97 70 53 86 14 4 95 64 49 21 75 77 45 9 93 13 29 10 98 19 6 20 41 100 48 84 83 16 7 42 27 54 1 28 33 73 55 47 43 44 88 23 34 51 35 67 68 90 36 82 65 38 12 50 39 61 72 96 71 60 32 91 76 40 59 89 24 5 80 8 92 22 78 62 
100 15 59 81 74 28 95 1 6 85 10 86 66 73 46 96 27 88 19 38 56 63 52 23 44 47 20 71 26 5 60 24 31 13 58 70 7 76 49 48 89 50 83 80 32 40 37 43 55 78 61 25 69 9 99 97 42 82 33 22 14 100 29 51 3 36 16 64 93 35 54 17 4 65 2 84 34 67 45 94 92 53 98 11 41 30 79 90 91 57 62 87 21 72 8 39 12 75 18 77 68 
100 98 90 100 97 17 26 70 79 45 73 28 89 42 34 40 68 64 48 5 12 82 69 39 38 33 55 83 75 57 6 53 72 87 52 77 65 60 96 14 76 32 63 88 20 59 2 62 81 61 36 91 54 49 27 31 11 22 58 47 86 37 25 1 8 74 50 99 41 67 46 66 18 78 92 9 4 30 23 44 16 93 3 51 94 56 13 21 29 80 35 24 43 85 95 71 15 19 84 10 7 
100 15 42 48 69 74 31 94 97 12 37 13 68 78 57 79 32 19 47 70 82 30 92 81 51 26 90 4 89 28 7 6 11 50 54 85 46 24 61 3 10 17 16 5 8 62 95 73 98 39 23 34 100 86 49 35 38 56 65 21 53 58 66 67 33 75 84 77 80 52 71 91 18 44 43 25 20 83 41 1 36 2 55 59 96 45 9 60 93 72 14 29 87 63 99 40 88 64 27 76 22 
100 44 4 9 73 20 16 6 22 50 26 36 45 66 37 56 7 83 46 30 79 100 98 19 63 84 41 96 15 47 69 38 34 70 25 51 43 49 21 77 76 17 62 67 92 78 85 29 91 35 61 32 60 64 57 31 39 87 58 74 33 13 23 71 14 95 94 42 11 80 3 54 90 24 40 8 86 97 18 93 10 48 1 55 68 99 82 5 28 81 88 53 52 2 89 72 75 27 12 59 65 
100 32 7 72 4 60 87 22 68 21 1 58 81 89 91 37 26 27 13 24 29 92 82 44 31 86 97 78 42 77 2 51 10 20 88 8 62 41 43 23 12 34 25 66 17 54 16 65 30 40 83 75 100 35 45 36 46 85 69 76 95 6 61 28 90 59 80 33 94 71 93 64 84 67 57 38 79 74 50 14 3 63 52 99 55 96 9 49 15 19 5 47 73 39 48 53 11 18 70 98 56 
100 17 59 36 49 75 9 32 47 4 12 68 87 34 35 37 22 98 21 3 72 20 99 14 26 70 92 33 27 10 65 11 18 79 82 8 58 23 76 15 25 28 6 5 77 53 57 7 100 31 90 74 29 83 51 80 54 13 62 56 96 43 19 52 45 44 67 1 38 63 88 69 39 66 61 40 81 55 64 84 50 24 73 60 71 46 42 89 30 91 85 41 48 93 97 16 78 86 95 2 94 
100 93 44 70 69 31 86 74 83 62 42 12 38 54 95 52 49 27 29 98 66 77 75 90 68 92 72 18 80 5 47 100 21 22 25 16 2 34 82 24 7 76 13 71 91 30 99 4 73 81 36 20 85 46 48 59 41 94 23 19 26 33 58 32 45 57 15 37 40 55 51 53 89 56 8 97 10 6 96 3 14 87 43 17 11 9 65 79 39 35 63 1 61 84 60 64 78 28 67 88 50 
100 88 81 6 60 94 71 54 44 80 46 96 97 62 47 19 45 70 59 64 3 58 49 35 25 75 12 10 34 43 39 27 63 91 17 78 40 66 73 42 68 87 61 79 55 14 16 67 50 18 13 41 33 92 1 48 28 72 65 24 57 93 89 5 15 84 4 21 26 51 85 38 20 2 30 11 52 29 98 69 7 9 90 53 37 83 77 95 82 74 32 56 8 76 31 36 86 100 22 99 23 
100 79 20 5 55 66 25 75 52 26 40 36 63 85 93 43 98 30 78 83 69 96 59 71 99 34 29 95 22 35 33 60 9 88 51 91 17 12 6 94 2 77 39 16 46 18 80 38 56 74 70 14 10 57 65 72 73 11 32 53 81 24 8 54 4 76 42 92 45 82 58 49 64 47 89 23 84 7 31 19 15 13 21 37 100 3 90 1 67 87 50 97 27 68 86 62 28 41 48 44 61 
100 11 19 5 4 49 96 85 71 10 51 22 76 86 52 35 100 2 89 58 50 92 79 77 81 20 46 91 75 38 7 43 94 47 29 3 26 24 62 70 72 8 73 97 80 34 57 55 95 6 60 82 56 23 48 98 45 1 68 42 99 31 54 90 16 41 30 66 14 93 83 9 78 32 15 67 64 74 21 88 33 12 53 61 65 39 27 84 17 13 87 37 63 69 59 25 44 28 40 18 36 
100 55 31 34 20 48 59 99 11 65 18 49 19 57 66 50 3 9 30 16 53 98 74 58 46 43 5 63 13 45 84 6 91 64 89 44 10 80 79 87 82 24 67 68 26 8 37 35 76 52 2 85 60 92 51 72 12 32 93 70 7 42 17 56 36 33 61 81 40 47 97 23 95 96 54 27 71 14 62 1 21 77 41 69 29 86 75 78 100 83 94 73 15 39 28 22 88 4 25 90 38 
100 74 28 17 59 60 54 88 69 81 58 29 65 11 55 73 34 78 13 50 83 40 6 15 35 93 36 96 76 95 18 85 21 92 19 12 33 2 70 64 49 9 25 98 48 46 61 66 63 86 27 3 44 68 94 20 71 4 16 87 91 75 89 26 56 42 45 14 72 32 80 38 7 82 62 67 37 51 79 57 77 23 99 30 8 53 24 90 52 39 43 1 41 31 100 84 22 5 10 47 97 
100 47 32 64 12 19 82 54 43 49 48 55 4 72 16 63 9 67 34 69 88 45 83 98 1 2 42 80 52 44 53 29 73 7 71 93 57 89 50 26 41 40 97 38 14 84 21 75 6 92 61 87 68 31 99 79 76 22 66 51 94 65 5 36 17 46 95 20 56 13 86 28 30 24 35 58 96 77 70 85 11 10 33 62 81 25 59 15 90 23 37 18 3 39 78 100 8 60 91 74 27 
100 63 24 46 81 82 76 98 93 44 92 57 10 70 62 4 89 83 47 74 45 54 33 77 99 43 69 1 50 40 97 7 84 37 26 20 71 56 91 12 6 100 68 21 41 72 2 95 9 8 32 49 51 11 52 16 13 29 15 55 60 86 27 34 78 22 67 61 25 39 23 19 90 64 35 58 65 5 31 14 87 94 75 59 18 38 88 53 66 48 80 79 96 28 3 17 85 36 30 73 42 
100 50 32 14 49 99 69 29 52 86 87 61 76 55 58 36 22 20 66 96 30 89 7 46 59 53 18 2 72 4 39 97 63 98 34 8 9 24 93 57 95 90 68 37 19 56 51 12 11 17 62 1 31 71 91 88 79 65 78 16 41 48 54 81 92 27 64 35 100 44 21 74 82 28 5 25 47 43 94 83 10 73 33 60 26 84 85 6 38 42 15 67 75 77 40 80 3 45 23 13 70 
100 87 59 3 94 55 85 47 46 56 8 97 21 71 88 44 41 60 11 58 61 90 24 17 54 33 35 78 30 76 7 79 77 9 45 50 42 16 36 31 48 1 68 98 32 13 37 52 49 82 72 92 91 43 28 67 10 84 5 39 40 93 25 34 2 95 53 81 62 64 63 29 89 19 18 74 73 80 4 86 70 14 65 100 69 83 99 12 38 66 20 6 15 51 23 22 75 27 26 57 96 
100 69 78 94 7 18 25 17 21 34 82 71 93 45 8 87 88 79 90 9 62 27 1 99 12 44 51 85 92 46 100 52 26 3 84 58 37 81 49 5 19 97 68 89 74 6 10 42 76 13 75 48 47 64 70 23 39 16 4 30 11 59 56 77 65 73 31 60 67 24 36 33 2 86 22 32 38 54 14 29 50 35 43 53 15 20 61 57 63 91 80 98 66 72 55 83 28 41 40 96 95 
100 98 79 81 100 37 8 4 87 99 42 60 82 17 21 16 73 70 7 53 22 78 92 67 83 3 88 38 47 94 44 69 66 75 23 33 20 30 55 57 6 14 68 95 31 35 40 76 63 48 50 19 18 56 80 26 58 96 10 45 24 1 32 29 39 25 65 54 90 77 11 72 12 84 49 62 86 13 43 34 41 61 52 28 5 91 64 46 97 27 15 71 59 36 51 74 9 93 2 85 89 
100 62 76 20 11 15 99 2 38 52 23 67 33 39 37 89 58 44 5 81 27 32 63 68 64 83 54 28 71 61 4 6 70 72 13 49 100 85 92 1 50 93 7 46 77 14 36 65 12 55 18 25 17 9 22 90 97 53 21 48 95 34 57 88 19 91 75 74 59 40 82 79 80 26 16 69 10 29 3 45 35 78 56 86 42 60 31 96 43 8 41 87 73 98 30 51 47 66 24 84 94 
100 89 12 75 6 42 20 86 55 77 31 37 22 4 67 32 23 17 29 27 54 36 71 3 28 72 51 14 94 96 25 57 84 16 83 41 7 85 76 65 8 43 59 80 15 44 60 61 2 21 56 45 69 95 52 9 68 53 82 70 34 19 81 90 74 92 46 97 49 66 10 88 39 87 11 5 99 91 1 38 73 30 100 78 18 98 48 64 47 93 50 35 62 26 13 79 24 40 63 58 33 
100 36 85 24 49 12 13 22 32 11 66 17 43 73 21 34 23 94 92 95 51 81 20 48 35 53 89 56 57 28 91 16 76 63 52 9 2 45 31 93 61 71 37 46 82 88 67 41 1 87 39 77 68 80 55 72 18 19 8 54 30 69 58 15 60 47 33 50 74 6 40 83 26 96 4 75 27 78 62 14 70 97 64 5 44 90 3 59 42 38 25 86 29 84 100 10 65 98 7 99 79 
100 99 73 5 52 16 98 79 80 27 70 19 20 67 92 44 66 55 63 78 11 54 76 89 61 62 36 93 77 88 75 53 2 43 34 74 57 41 9 86 24 87 17 85 1 12 40 72 18 21 29 95 49 4 83 68 37 13 47 28 30 56 64 6 48 94 84 58 71 46 69 91 23 38 90 7 81 50 59 15 22 97 82 10 35 42 96 26 65 25 60 8 39 100 51 45 31 3 14 33 32 
100 44 60 55 54 97 92 93 8 49 99 35 46 82 12 91 21 47 52 87 29 50 57 37 24 1 77 86 28 23 67 38 94 63 61 9 7 30 40 26 96 5 78 64 69 85 90 17 48 22 14 80 56 95 76 25 75 45 65 89 13 84 20 81 31 18 73 15 32 100 79 34 41 33 10 62 2 39 42 71 83 59 16 98 53 27 19 72 43 4 51 6 68 70 58 88 74 3 36 66 11 
100 27 29 46 58 89 52 37 43 9 8 3 87 22 13 41 80 85 75 94 65 70 76 40 12 42 30 99 23 68 25 98 36 16 82 77 49 55 64 32 34 20 86 61 15 63 48 35 24 93 11 7 18 44 81 14 26 56 62 90 88 79 57 51 10 6 66 5 72 38 95 73 78 45 1 84 33 71 59 53 74 92 83 17 2 69 60 91 28 47 39 54 100 31 50 96 4 67 97 19 21 
100 30 25 80 10 58 72 37 63 66 5 87 3 54 99 23 94 98 49 43 74 15 11 20 21 95 41 24 38 90 65 84 79 91 70 17 33 83 2 100 88 96 51 78 53 31 44 16 39 6 62 86 7 32 68 46 19 75 69 60 12 40 26 93 76 14 56 50 82 92 27 35 36 97 52 47 9 73 55 77 71 85 8 59 42 48 28 29 61 67 64 57 4 81 34 1 18 13 89 45 22 
100 84 20 82 34 62 91 30 48 59 3 4 52 56 61 98 37 89 64 97 86 16 15 45 46 77 10 53 76 32 9 2 99 29 66 21 44 57 83 43 80 68 22 18 69 28 70 6 65 79 23 47 73 40 100 38 54 24 88 55 33 35 94 71 42 19 87 14 36 51 5 92 74 50 67 26 78 75 81 25 7 41 85 58 60 72 27 12 96 63 31 11 93 49 90 17 13 8 95 1 39 
100 76 85 86 35 84 55 5 67 53 61 49 3 71 100 46 59 63 72 65 80 38 94 99 9 28 52 6 23 69 89 68 64 19 34 7 56 79 43 18 50 90 47 74 26 57 60 10 51 15 81 95 77 29 16 45 93 11 98 87 39 14 82 54 33 48 17 36 22 30 32 2 70 21 13 78 75 58 37 88 97 20 25 27 83 62 24 41 42 96 4 40 66 8 92 1 31 12 44 91 73 
100 17 90 2 34 29 70 87 13 93 23 40 7 16 37 62 85 27 39 31 42 30 46 5 99 77 75 26 82 89 36 10 92 54 50 58 21 65 32 63 86 79 41 98 11 80 72 25 66 84 9 45 74 43 94 76 97 38 55 91 51 53 48 49 96 12 33 69 100 47 28 6 14 22 18 71 8 52 1 88 68 56 57 44 20 4 59 61 60 19 83 15 35 78 95 67 64 24 81 3 73 
100 23 44 28 73 22 55 59 17 35 63 49 69 66 74 12 24 3 91 6 38 25 95 43 42 15 71 30 36 78 72 85 11 70 93 96 34 14 4 62 82 13 81 99 10 98 58 1 45 9 29 88 33 60 79 39 77 52 48 21 64 54 27 100 89 51 32 94 46 57 41 76 67 7 16 19 56 90 5 68 75 37 50 84 83 80 47 86 2 40 61 8 18 65 53 97 26 92 20 87 31 
100 29 18 30 59 93 27 97 70 91 25 82 80 47 88 100 72 46 86 53 13 34 58 35 66 7 95 92 51 84 94 28 57 78 24 87 62 14 67 11 2 74 52 60 19 40 8 15 55 22 16 43 75 1 90 48 23 98 69 89 79 65 10 41 85 49 9 71 81 99 54 37 3 83 20 38 73 45 5 42 31 50 61 76 26 68 17 64 39 33 12 4 21 56 6 32 36 96 77 63 44 
100 80 23 6 1 38 31 52 82 12 75 28 24 76 26 41 78 10 33 83 18 66 64 39 21 95 61 62 73 47 29 54 71 67 86 91 9 65 45 13 37 20 89 100 72 74 35 70 42 94 93 57 87 32 19 85 5 16 63 60 8 99 46 56 4 98 69 2 49 14 90 44 7 30 25 58 15 36 3 34 59 22 88 27 81 79 43 92 68 77 51 55 97 48 84 96 53 50 40 17 11 
100 57 86 98 76 22 34 4 54 28 21 93 46 33 53 18 24 31 69 52 100 85 19 75 94 64 50 70 56 77 79 9 2 87 40 58 5 78 1 55 95 25 74 23 72 27 7 73 35 92 59 47 99 61 36 81 10 60 16 83 30 39 48 90 66 89 38 49 20 67 3 8 12 51 97 82 45 13 80 29 11 43 91 15 41 62 26 96 6 65 63 44 17 68 84 71 37 14 88 32 42 
100 26 19 13 85 78 60 3 34 68 58 6 15 21 30 59 7 22 49 63 37 93 80 35 25 55 73 92 5 39 28 46 66 82 77 36 43 51 62 61 76 100 29 81 44 8 54 84 18 45 70 88 24 31 83 4 64 56 53 94 74 69 97 23 20 41 75 12 40 98 79 42 38 33 87 27 90 86 72 48 71 57 52 96 11 50 32 99 91 1 16 2 67 95 17 14 89 47 9 65 10 
100 48 14 77 6 97 51 63 49 27 26 56 40 31 80 17 33 35 39 50 23 89 41 74 2 81 16 42 55 4 45 84 52 94 29 73 15 54 90 87 68 58 5 65 100 21 13 60 98 38 69 66 78 95 3 61 19 91 96 28 79 75 85 76 22 64 82 47 72 32 25 44 24 93 8 37 46 83 92 36 86 12 71 34 11 43 70 99 18 67 57 62 9 88 30 59 7 53 1 20 10 
100 62 67 45 1 74 88 28 27 7 82 13 44 66 50 10 31 34 86 46 77 26 22 79 76 30 57 60 51 84 33 85 98 56 59 81 95 15 14 20 65 39 54 49 96 52 16 19 47 41 17 43 72 87 55 64 35 92 18 40 78 3 48 61 25 9 37 4 38 58 73 83 42 24 32 68 21 97 29 80 2 36 75 23 91 63 8 70 93 6 94 53 12 11 90 100 71 89 69 99 5 
100 48 2 74 82 38 34 1 84 46 6 65 27 28 12 40 32 17 25 15 56 22 88 13 53 43 67 20 7 18 23 54 66 57 42 14 52 5 83 64 10 50 29 71 77 87 11 85 55 75 62 26 9 72 61 58 100 70 51 30 79 92 33 24 95 97 60 80 78 8 81 98 99 90 94 16 69 31 59 3 35 39 4 63 93 73 91 36 21 37 49 96 47 68 44 86 45 41 89 76 19 
100 88 3 73 89 17 98 71 58 53 43 14 38 36 25 10 61 63 27 32 28 67 62 93 86 99 29 96 77 50 34 94 97 66 42 80 12 55 92 5 51 40 87 4 59 81 79 37 83 78 16 44 60 65 2 18 41 21 33 8 76 39 1 6 70 11 45 19 64 24 26 90 31 74 91 7 82 20 15 68 23 75 13 9 46 54 72 69 52 30 49 56 48 85 95 100 47 22 84 35 57 
100 93 97 1 96 42 36 58 48 89 25 2 84 100 8 21 34 29 16 85 31 40 60 15 77 71 92 83 9 62 65 45 22 7 81 44 32 82 47 55 17 53 63 73 70 80 78 69 98 5 66 24 37 88 30 4 28 99 52 49 18 27 61 59 39 57 13 14 75 51 56 12 6 76 86 35 87 91 46 26 33 3 41 74 72 20 38 11 54 90 67 95 19 23 64 50 10 68 94 43 79 
100 63 94 11 90 54 95 88 38 32 83 68 66 34 82 78 67 75 89 41 26 40 39 57 45 87 81 29 10 6 33 96 20 43 49 23 74 99 79 15 12 80 35 65 59 22 56 1 2 25 18 51 17 4 53 50 60 9 3 21 70 76 31 92 100 69 16 24 30 28 91 7 44 98 97 48 86 71 62 36 14 27 85 72 37 58 61 5 42 19 8 55 47 46 13 52 93 84 77 73 64 
100 88 41 54 98 13 31 59 78 33 83 89 95 73 35 97 90 69 99 27 19 62 74 72 17 67 20 75 56 55 63 60 87 84 29 36 79 32 49 2 4 12 85 25 8 18 58 44 9 51 11 30 16 81 80 77 65 3 38 39 10 96 91 71 15 40 92 70 26 100 21 22 23 52 68 47 6 93 86 53 50 57 45 76 37 34 46 48 1 14 28 43 94 64 61 82 24 42 66 5 7 
100 91 74 66 69 70 36 26 94 47 38 93 24 62 65 45 83 100 76 99 43 60 86 84 1 82 39 58 37 15 31 56 9 23 34 14 21 13 75 5 12 41 90 77 44 63 2 54 81 16 59 67 96 55 51 33 98 7 35 32 78 49 89 10 29 50 19 40 11 57 42 4 22 6 73 80 28 3 87 27 30 72 85 48 17 79 52 25 95 53 8 20 71 46 18 92 61 64 88 68 97 
100 73 29 55 1 81 36 15 59 10 80 25 42 41 95 52 54 66 46 12 94 11 70 16 86 38 60 35 19 48 13 96 8 49 64 6 93 65 63 67 20 5 62 77 82 91 57 99 89 37 69 32 7 72 34 14 39 27 4 68 98 44 9 87 28 83 78 92 85 17 30 88 75 58 90 50 33 47 43 3 97 100 61 71 18 74 22 26 79 51 76 40 45 31 21 84 56 2 23 24 53 
100 18 86 6 36 48 20 27 99 78 45 98 14 54 4 65 46 51 79 74 41 50 33 43 72 84 85 42 28 2 9 64 60 57 75 83 88 23 35 5 93 73 77 24 61 92 66 21 22 17 19 31 97 55 58 38 63 80 91 95 67 62 52 69 90 56 15 59 82 71 10 3 76 53 26 70 49 30 16 1 29 32 34 81 37 8 47 40 68 12 96 100 44 39 25 87 11 89 94 7 13 
100 48 66 10 79 12 60 99 26 2 24 15 80 81 73 42 7 47 82 1 83 59 23 52 96 53 6 71 39 19 67 31 29 9 16 21 14 77 72 93 65 70 20 38 97 56 28 63 50 90 4 85 44 91 55 92 51 27 45 35 18 78 84 62 58 57 8 68 74 17 98 34 43 54 11 30 46 86 37 61 3 89 69 13 88 64 25 75 5 95 87 33 94 22 36 76 100 40 32 49 41 
100 15 35 32 67 94 6 88 43 27 24 44 60 77 22 59 93 46 54 71 18 3 61 62 91 78 17 89 40 97 13 9 5 14 73 37 2 98 29 34 11 56 50 96 41 84 1 83 4 85 8 69 30 26 72 51 55 81 42 49 31 58 52 33 10 36 92 76 87 74 38 75 19 100 90 99 79 12 23 48 65 16 7 64 21 70 47 80 95 68 45 28 25 53 66 86 63 57 82 20 39 
100 15 35 32 67 94 6 88 43 27 24 44 60 77 22 59 93 46 54 71 18 3 61 62 91 78 17 89 40 97 13 9 5 14 73 37 2 98 29 34 11 56 50 96 41 84 1 83 4 85 8 69 30 26 72 51 55 81 42 49 31 58 52 33 10 36 92 76 87 74 38 75 19 100 90 99 79 12 23 48 65 16 7 64 21 70 47 80 95 68 45 28 25 53 66 86 63 57 82 20 39 
100 15 35 32 67 94 6 88 43 27 24 44 60 77 22 59 93 46 54 71 18 3 61 62 91 78 17 89 40 97 13 9 5 14 73 37 2 98 29 34 11 56 50 96 41 84 1 83 4 85 8 69 30 26 72 51 55 81 42 49 31 58 52 33 10 36 92 76 87 74 38 75 19 100 90 99 79 12 23 48 65 16 7 64 21 70 47 80 95 68 45 28 25 53 66 86 63 57 82 20 39 
100 15 35 32 67 94 6 88 43 27 24 44 60 77 22 59 93 46 54 71 18 3 61 62 91 78 17 89 40 97 13 9 5 14 73 37 2 98 29 34 11 56 50 96 41 84 1 83 4 85 8 69 30 26 72 51 55 81 42 49 31 58 52 33 10 36 92 76 87 74 38 75 19 100 90 99 79 12 23 48 65 16 7 64 21 70 47 80 95 68 45 28 25 53 66 86 63 57 82 20 39 
100 15 35 32 67 94 6 88 43 27 24 44 60 77 22 59 93 46 54 71 18 3 61 62 91 78 17 89 40 97 13 9 5 14 73 37 2 98 29 34 11 56 50 96 41 84 1 83 4 85 8 69 30 26 72 51 55 81 42 49 31 58 52 33 10 36 92 76 87 74 38 75 19 100 90 99 79 12 23 48 65 16 7 64 21 70 47 80 95 68 45 28 25 53 66 86 63 57 82 20 39 
100 15 35 32 67 94 6 88 43 27 24 44 60 77 22 59 93 46 54 71 18 3 61 62 91 78 17 89 40 97 13 9 5 14 73 37 2 98 29 34 11 56 50 96 41 84 1 83 4 85 8 69 30 26 72 51 55 81 42 49 31 58 52 33 10 36 92 76 87 74 38 75 19 100 90 99 79 12 23 48 65 16 7 64 21 70 47 80 95 68 45 28 25 53 66 86 63 57 82 20 39 
100 15 35 32 67 94 6 88 43 27 24 44 60 77 22 59 93 46 54 71 18 3 61 62 91 78 17 89 40 97 13 9 5 14 73 37 2 98 29 34 11 56 50 96 41 84 1 83 4 85 8 69 30 26 72 51 55 81 42 49 31 58 52 33 10 36 92 76 87 74 38 75 19 100 90 99 79 12 23 48 65 16 7 64 21 70 47 80 95 68 45 28 25 53 66 86 63 57 82 20 39 
100 15 35 32 67 94 6 88 43 27 24 44 60 77 22 59 93 46 54 71 18 3 61 62 91 78 17 89 40 97 13 9 5 14 73 37 2 98 29 34 11 56 50 96 41 84 1 83 4 85 8 69 30 26 72 51 55 81 42 49 31 58 52 33 10 36 92 76 87 74 38 75 19 100 90 99 79 12 23 48 65 16 7 64 21 70 47 80 95 68 45 28 25 53 66 86 63 57 82 20 39 
100 15 35 32 67 94 6 88 43 27 24 44 60 77 22 59 93 46 54 71 18 3 61 62 91 78 17 89 40 97 13 9 5 14 73 37 2 98 29 34 11 56 50 96 41 84 1 83 4 85 8 69 30 26 72 51 55 81 42 49 31 58 52 33 10 36 92 76 87 74 38 75 19 100 90 99 79 12 23 48 65 16 7 64 21 70 47 80 95 68 45 28 25 53 66 86 63 57 82 20 39 
100 15 35 32 67 94 6 88 43 27 24 44 60 77 22 59 93 46 54 71 18 3 61 62 91 78 17 89 40 97 13 9 5 14 73 37 2 98 29 34 11 56 50 96 41 84 1 83 4 85 8 69 30 26 72 51 55 81 42 49 31 58 52 33 10 36 92 76 87 74 38 75 19 100 90 99 79 12 23 48 65 16 7 64 21 70 47 80 95 68 45 28 25 53 66 86 63 57 82 20 39 
100 15 35 32 67 94 6 88 43 27 24 44 60 77 22 59 93 46 54 71 18 3 61 62 91 78 17 89 40 97 13 9 5 14 73 37 2 98 29 34 11 56 50 96 41 84 1 83 4 85 8 69 30 26 72 51 55 81 42 49 31 58 52 33 10 36 92 76 87 74 38 75 19 100 90 99 79 12 23 48 65 16 7 64 21 70 47 80 95 68 45 28 25 53 66 86 63 57 82 20 39 
100 15 35 32 67 94 6 88 43 27 24 44 60 77 22 59 93 46 54 71 18 3 61 62 91 78 17 89 40 97 13 9 5 14 73 37 2 98 29 34 11 56 50 96 41 84 1 83 4 85 8 69 30 26 72 51 55 81 42 49 31 58 52 33 10 36 92 76 87 74 38 75 19 100 90 99 79 12 23 48 65 16 7 64 21 70 47 80 95 68 45 28 25 53 66 86 63 57 82 20 39 
100 15 35 32 67 94 6 88 43 27 24 44 60 77 22 59 93 46 54 71 18 3 61 62 91 78 17 89 40 97 13 9 5 14 73 37 2 98 29 34 11 56 50 96 41 84 1 83 4 85 8 69 30 26 72 51 55 81 42 49 31 58 52 33 10 36 92 76 87 74 38 75 19 100 90 99 79 12 23 48 65 16 7 64 21 70 47 80 95 68 45 28 25 53 66 86 63 57 82 20 39 
100 15 35 32 67 94 6 88 43 27 24 44 60 77 22 59 93 46 54 71 18 3 61 62 91 78 17 89 40 97 13 9 5 14 73 37 2 98 29 34 11 56 50 96 41 84 1 83 4 85 8 69 30 26 72 51 55 81 42 49 31 58 52 33 10 36 92 76 87 74 38 75 19 100 90 99 79 12 23 48 65 16 7 64 21 70 47 80 95 68 45 28 25 53 66 86 63 57 82 20 39 
100 15 35 32 67 94 6 88 43 27 24 44 60 77 22 59 93 46 54 71 18 3 61 62 91 78 17 89 40 97 13 9 5 14 73 37 2 98 29 34 11 56 50 96 41 84 1 83 4 85 8 69 30 26 72 51 55 81 42 49 31 58 52 33 10 36 92 76 87 74 38 75 19 100 90 99 79 12 23 48 65 16 7 64 21 70 47 80 95 68 45 28 25 53 66 86 63 57 82 20 39 
100 15 35 32 67 94 6 88 43 27 24 44 60 77 22 59 93 46 54 71 18 3 61 62 91 78 17 89 40 97 13 9 5 14 73 37 2 98 29 34 11 56 50 96 41 84 1 83 4 85 8 69 30 26 72 51 55 81 42 49 31 58 52 33 10 36 92 76 87 74 38 75 19 100 90 99 79 12 23 48 65 16 7 64 21 70 47 80 95 68 45 28 25 53 66 86 63 57 82 20 39 
100 15 35 32 67 94 6 88 43 27 24 44 60 77 22 59 93 46 54 71 18 3 61 62 91 78 17 89 40 97 13 9 5 14 73 37 2 98 29 34 11 56 50 96 41 84 1 83 4 85 8 69 30 26 72 51 55 81 42 49 31 58 52 33 10 36 92 76 87 74 38 75 19 100 90 99 79 12 23 48 65 16 7 64 21 70 47 80 95 68 45 28 25 53 66 86 63 57 82 20 39 
100 15 35 32 67 94 6 88 43 27 24 44 60 77 22 59 93 46 54 71 18 3 61 62 91 78 17 89 40 97 13 9 5 14 73 37 2 98 29 34 11 56 50 96 41 84 1 83 4 85 8 69 30 26 72 51 55 81 42 49 31 58 52 33 10 36 92 76 87 74 38 75 19 100 90 99 79 12 23 48 65 16 7 64 21 70 47 80 95 68 45 28 25 53 66 86 63 57 82 20 39 
100 15 35 32 67 94 6 88 43 27 24 44 60 77 22 59 93 46 54 71 18 3 61 62 91 78 17 89 40 97 13 9 5 14 73 37 2 98 29 34 11 56 50 96 41 84 1 83 4 85 8 69 30 26 72 51 55 81 42 49 31 58 52 33 10 36 92 76 87 74 38 75 19 100 90 99 79 12 23 48 65 16 7 64 21 70 47 80 95 68 45 28 25 53 66 86 63 57 82 20 39 
100 15 35 32 67 94 6 88 43 27 24 44 60 77 22 59 93 46 54 71 18 3 61 62 91 78 17 89 40 97 13 9 5 14 73 37 2 98 29 34 11 56 50 96 41 84 1 83 4 85 8 69 30 26 72 51 55 81 42 49 31 58 52 33 10 36 92 76 87 74 38 75 19 100 90 99 79 12 23 48 65 16 7 64 21 70 47 80 95 68 45 28 25 53 66 86 63 57 82 20 39 
100 15 35 32 67 94 6 88 43 27 24 44 60 77 22 59 93 46 54 71 18 3 61 62 91 78 17 89 40 97 13 9 5 14 73 37 2 98 29 34 11 56 50 96 41 84 1 83 4 85 8 69 30 26 72 51 55 81 42 49 31 58 52 33 10 36 92 76 87 74 38 75 19 100 90 99 79 12 23 48 65 16 7 64 21 70 47 80 95 68 45 28 25 53 66 86 63 57 82 20 39 
100 15 35 32 67 94 6 88 43 27 24 44 60 77 22 59 93 46 54 71 18 3 61 62 91 78 17 89 40 97 13 9 5 14 73 37 2 98 29 34 11 56 50 96 41 84 1 83 4 85 8 69 30 26 72 51 55 81 42 49 31 58 52 33 10 36 92 76 87 74 38 75 19 100 90 99 79 12 23 48 65 16 7 64 21 70 47 80 95 68 45 28 25 53 66 86 63 57 82 20 39 
100 15 35 32 67 94 6 88 43 27 24 44 60 77 22 59 93 46 54 71 18 3 61 62 91 78 17 89 40 97 13 9 5 14 73 37 2 98 29 34 11 56 50 96 41 84 1 83 4 85 8 69 30 26 72 51 55 81 42 49 31 58 52 33 10 36 92 76 87 74 38 75 19 100 90 99 79 12 23 48 65 16 7 64 21 70 47 80 95 68 45 28 25 53 66 86 63 57 82 20 39 
100 15 35 32 67 94 6 88 43 27 24 44 60 77 22 59 93 46 54 71 18 3 61 62 91 78 17 89 40 97 13 9 5 14 73 37 2 98 29 34 11 56 50 96 41 84 1 83 4 85 8 69 30 26 72 51 55 81 42 49 31 58 52 33 10 36 92 76 87 74 38 75 19 100 90 99 79 12 23 48 65 16 7 64 21 70 47 80 95 68 45 28 25 53 66 86 63 57 82 20 39 
100 15 35 32 67 94 6 88 43 27 24 44 60 77 22 59 93 46 54 71 18 3 61 62 91 78 17 89 40 97 13 9 5 14 73 37 2 98 29 34 11 56 50 96 41 84 1 83 4 85 8 69 30 26 72 51 55 81 42 49 31 58 52 33 10 36 92 76 87 74 38 75 19 100 90 99 79 12 23 48 65 16 7 64 21 70 47 80 95 68 45 28 25 53 66 86 63 57 82 20 39 
100 15 35 32 67 94 6 88 43 27 24 44 60 77 22 59 93 46 54 71 18 3 61 62 91 78 17 89 40 97 13 9 5 14 73 37 2 98 29 34 11 56 50 96 41 84 1 83 4 85 8 69 30 26 72 51 55 81 42 49 31 58 52 33 10 36 92 76 87 74 38 75 19 100 90 99 79 12 23 48 65 16 7 64 21 70 47 80 95 68 45 28 25 53 66 86 63 57 82 20 39 
100 15 35 32 67 94 6 88 43 27 24 44 60 77 22 59 93 46 54 71 18 3 61 62 91 78 17 89 40 97 13 9 5 14 73 37 2 98 29 34 11 56 50 96 41 84 1 83 4 85 8 69 30 26 72 51 55 81 42 49 31 58 52 33 10 36 92 76 87 74 38 75 19 100 90 99 79 12 23 48 65 16 7 64 21 70 47 80 95 68 45 28 25 53 66 86 63 57 82 20 39 
100 15 35 32 67 94 6 88 43 27 24 44 60 77 22 59 93 46 54 71 18 3 61 62 91 78 17 89 40 97 13 9 5 14 73 37 2 98 29 34 11 56 50 96 41 84 1 83 4 85 8 69 30 26 72 51 55 81 42 49 31 58 52 33 10 36 92 76 87 74 38 75 19 100 90 99 79 12 23 48 65 16 7 64 21 70 47 80 95 68 45 28 25 53 66 86 63 57 82 20 39 
100 15 35 32 67 94 6 88 43 27 24 44 60 77 22 59 93 46 54 71 18 3 61 62 91 78 17 89 40 97 13 9 5 14 73 37 2 98 29 34 11 56 50 96 41 84 1 83 4 85 8 69 30 26 72 51 55 81 42 49 31 58 52 33 10 36 92 76 87 74 38 75 19 100 90 99 79 12 23 48 65 16 7 64 21 70 47 80 95 68 45 28 25 53 66 86 63 57 82 20 39 
100 15 35 32 67 94 6 88 43 27 24 44 60 77 22 59 93 46 54 71 18 3 61 62 91 78 17 89 40 97 13 9 5 14 73 37 2 98 29 34 11 56 50 96 41 84 1 83 4 85 8 69 30 26 72 51 55 81 42 49 31 58 52 33 10 36 92 76 87 74 38 75 19 100 90 99 79 12 23 48 65 16 7 64 21 70 47 80 95 68 45 28 25 53 66 86 63 57 82 20 39 
100 15 35 32 67 94 6 88 43 27 24 44 60 77 22 59 93 46 54 71 18 3 61 62 91 78 17 89 40 97 13 9 5 14 73 37 2 98 29 34 11 56 50 96 41 84 1 83 4 85 8 69 30 26 72 51 55 81 42 49 31 58 52 33 10 36 92 76 87 74 38 75 19 100 90 99 79 12 23 48 65 16 7 64 21 70 47 80 95 68 45 28 25 53 66 86 63 57 82 20 39 
100 15 35 32 67 94 6 88 43 27 24 44 60 77 22 59 93 46 54 71 18 3 61 62 91 78 17 89 40 97 13 9 5 14 73 37 2 98 29 34 11 56 50 96 41 84 1 83 4 85 8 69 30 26 72 51 55 81 42 49 31 58 52 33 10 36 92 76 87 74 38 75 19 100 90 99 79 12 23 48 65 16 7 64 21 70 47 80 95 68 45 28 25 53 66 86 63 57 82 20 39 
100 15 35 32 67 94 6 88 43 27 24 44 60 77 22 59 93 46 54 71 18 3 61 62 91 78 17 89 40 97 13 9 5 14 73 37 2 98 29 34 11 56 50 96 41 84 1 83 4 85 8 69 30 26 72 51 55 81 42 49 31 58 52 33 10 36 92 76 87 74 38 75 19 100 90 99 79 12 23 48 65 16 7 64 21 70 47 80 95 68 45 28 25 53 66 86 63 57 82 20 39 
100 15 35 32 67 94 6 88 43 27 24 44 60 77 22 59 93 46 54 71 18 3 61 62 91 78 17 89 40 97 13 9 5 14 73 37 2 98 29 34 11 56 50 96 41 84 1 83 4 85 8 69 30 26 72 51 55 81 42 49 31 58 52 33 10 36 92 76 87 74 38 75 19 100 90 99 79 12 23 48 65 16 7 64 21 70 47 80 95 68 45 28 25 53 66 86 63 57 82 20 39 
100 15 35 32 67 94 6 88 43 27 24 44 60 77 22 59 93 46 54 71 18 3 61 62 91 78 17 89 40 97 13 9 5 14 73 37 2 98 29 34 11 56 50 96 41 84 1 83 4 85 8 69 30 26 72 51 55 81 42 49 31 58 52 33 10 36 92 76 87 74 38 75 19 100 90 99 79 12 23 48 65 16 7 64 21 70 47 80 95 68 45 28 25 53 66 86 63 57 82 20 39 
100 15 35 32 67 94 6 88 43 27 24 44 60 77 22 59 93 46 54 71 18 3 61 62 91 78 17 89 40 97 13 9 5 14 73 37 2 98 29 34 11 56 50 96 41 84 1 83 4 85 8 69 30 26 72 51 55 81 42 49 31 58 52 33 10 36 92 76 87 74 38 75 19 100 90 99 79 12 23 48 65 16 7 64 21 70 47 80 95 68 45 28 25 53 66 86 63 57 82 20 39 
100 15 35 32 67 94 6 88 43 27 24 44 60 77 22 59 93 46 54 71 18 3 61 62 91 78 17 89 40 97 13 9 5 14 73 37 2 98 29 34 11 56 50 96 41 84 1 83 4 85 8 69 30 26 72 51 55 81 42 49 31 58 52 33 10 36 92 76 87 74 38 75 19 100 90 99 79 12 23 48 65 16 7 64 21 70 47 80 95 68 45 28 25 53 66 86 63 57 82 20 39 
100 15 35 32 67 94 6 88 43 27 24 44 60 77 22 59 93 46 54 71 18 3 61 62 91 78 17 89 40 97 13 9 5 14 73 37 2 98 29 34 11 56 50 96 41 84 1 83 4 85 8 69 30 26 72 51 55 81 42 49 31 58 52 33 10 36 92 76 87 74 38 75 19 100 90 99 79 12 23 48 65 16 7 64 21 70 47 80 95 68 45 28 25 53 66 86 63 57 82 20 39 
100 15 35 32 67 94 6 88 43 27 24 44 60 77 22 59 93 46 54 71 18 3 61 62 91 78 17 89 40 97 13 9 5 14 73 37 2 98 29 34 11 56 50 96 41 84 1 83 4 85 8 69 30 26 72 51 55 81 42 49 31 58 52 33 10 36 92 76 87 74 38 75 19 100 90 99 79 12 23 48 65 16 7 64 21 70 47 80 95 68 45 28 25 53 66 86 63 57 82 20 39 
100 15 35 32 67 94 6 88 43 27 24 44 60 77 22 59 93 46 54 71 18 3 61 62 91 78 17 89 40 97 13 9 5 14 73 37 2 98 29 34 11 56 50 96 41 84 1 83 4 85 8 69 30 26 72 51 55 81 42 49 31 58 52 33 10 36 92 76 87 74 38 75 19 100 90 99 79 12 23 48 65 16 7 64 21 70 47 80 95 68 45 28 25 53 66 86 63 57 82 20 39 
100 15 35 32 67 94 6 88 43 27 24 44 60 77 22 59 93 46 54 71 18 3 61 62 91 78 17 89 40 97 13 9 5 14 73 37 2 98 29 34 11 56 50 96 41 84 1 83 4 85 8 69 30 26 72 51 55 81 42 49 31 58 52 33 10 36 92 76 87 74 38 75 19 100 90 99 79 12 23 48 65 16 7 64 21 70 47 80 95 68 45 28 25 53 66 86 63 57 82 20 39 
100 15 35 32 67 94 6 88 43 27 24 44 60 77 22 59 93 46 54 71 18 3 61 62 91 78 17 89 40 97 13 9 5 14 73 37 2 98 29 34 11 56 50 96 41 84 1 83 4 85 8 69 30 26 72 51 55 81 42 49 31 58 52 33 10 36 92 76 87 74 38 75 19 100 90 99 79 12 23 48 65 16 7 64 21 70 47 80 95 68 45 28 25 53 66 86 63 57 82 20 39 
100 15 35 32 67 94 6 88 43 27 24 44 60 77 22 59 93 46 54 71 18 3 61 62 91 78 17 89 40 97 13 9 5 14 73 37 2 98 29 34 11 56 50 96 41 84 1 83 4 85 8 69 30 26 72 51 55 81 42 49 31 58 52 33 10 36 92 76 87 74 38 75 19 100 90 99 79 12 23 48 65 16 7 64 21 70 47 80 95 68 45 28 25 53 66 86 63 57 82 20 39 
100 15 35 32 67 94 6 88 43 27 24 44 60 77 22 59 93 46 54 71 18 3 61 62 91 78 17 89 40 97 13 9 5 14 73 37 2 98 29 34 11 56 50 96 41 84 1 83 4 85 8 69 30 26 72 51 55 81 42 49 31 58 52 33 10 36 92 76 87 74 38 75 19 100 90 99 79 12 23 48 65 16 7 64 21 70 47 80 95 68 45 28 25 53 66 86 63 57 82 20 39 
100 15 35 32 67 94 6 88 43 27 24 44 60 77 22 59 93 46 54 71 18 3 61 62 91 78 17 89 40 97 13 9 5 14 73 37 2 98 29 34 11 56 50 96 41 84 1 83 4 85 8 69 30 26 72 51 55 81 42 49 31 58 52 33 10 36 92 76 87 74 38 75 19 100 90 99 79 12 23 48 65 16 7 64 21 70 47 80 95 68 45 28 25 53 66 86 63 57 82 20 39 
100 15 35 32 67 94 6 88 43 27 24 44 60 77 22 59 93 46 54 71 18 3 61 62 91 78 17 89 40 97 13 9 5 14 73 37 2 98 29 34 11 56 50 96 41 84 1 83 4 85 8 69 30 26 72 51 55 81 42 49 31 58 52 33 10 36 92 76 87 74 38 75 19 100 90 99 79 12 23 48 65 16 7 64 21 70 47 80 95 68 45 28 25 53 66 86 63 57 82 20 39 
100 15 35 32 67 94 6 88 43 27 24 44 60 77 22 59 93 46 54 71 18 3 61 62 91 78 17 89 40 97 13 9 5 14 73 37 2 98 29 34 11 56 50 96 41 84 1 83 4 85 8 69 30 26 72 51 55 81 42 49 31 58 52 33 10 36 92 76 87 74 38 75 19 100 90 99 79 12 23 48 65 16 7 64 21 70 47 80 95 68 45 28 25 53 66 86 63 57 82 20 39 
100 15 35 32 67 94 6 88 43 27 24 44 60 77 22 59 93 46 54 71 18 3 61 62 91 78 17 89 40 97 13 9 5 14 73 37 2 98 29 34 11 56 50 96 41 84 1 83 4 85 8 69 30 26 72 51 55 81 42 49 31 58 52 33 10 36 92 76 87 74 38 75 19 100 90 99 79 12 23 48 65 16 7 64 21 70 47 80 95 68 45 28 25 53 66 86 63 57 82 20 39 
100 15 35 32 67 94 6 88 43 27 24 44 60 77 22 59 93 46 54 71 18 3 61 62 91 78 17 89 40 97 13 9 5 14 73 37 2 98 29 34 11 56 50 96 41 84 1 83 4 85 8 69 30 26 72 51 55 81 42 49 31 58 52 33 10 36 92 76 87 74 38 75 19 100 90 99 79 12 23 48 65 16 7 64 21 70 47 80 95 68 45 28 25 53 66 86 63 57 82 20 39 
100 15 35 32 67 94 6 88 43 27 24 44 60 77 22 59 93 46 54 71 18 3 61 62 91 78 17 89 40 97 13 9 5 14 73 37 2 98 29 34 11 56 50 96 41 84 1 83 4 85 8 69 30 26 72 51 55 81 42 49 31 58 52 33 10 36 92 76 87 74 38 75 19 100 90 99 79 12 23 48 65 16 7 64 21 70 47 80 95 68 45 28 25 53 66 86 63 57 82 20 39 
100 15 35 32 67 94 6 88 43 27 24 44 60 77 22 59 93 46 54 71 18 3 61 62 91 78 17 89 40 97 13 9 5 14 73 37 2 98 29 34 11 56 50 96 41 84 1 83 4 85 8 69 30 26 72 51 55 81 42 49 31 58 52 33 10 36 92 76 87 74 38 75 19 100 90 99 79 12 23 48 65 16 7 64 21 70 47 80 95 68 45 28 25 53 66 86 63 57 82 20 39 
100 15 35 32 67 94 6 88 43 27 24 44 60 77 22 59 93 46 54 71 18 3 61 62 91 78 17 89 40 97 13 9 5 14 73 37 2 98 29 34 11 56 50 96 41 84 1 83 4 85 8 69 30 26 72 51 55 81 42 49 31 58 52 33 10 36 92 76 87 74 38 75 19 100 90 99 79 12 23 48 65 16 7 64 21 70 47 80 95 68 45 28 25 53 66 86 63 57 82 20 39 
100 15 35 32 67 94 6 88 43 27 24 44 60 77 22 59 93 46 54 71 18 3 61 62 91 78 17 89 40 97 13 9 5 14 73 37 2 98 29 34 11 56 50 96 41 84 1 83 4 85 8 69 30 26 72 51 55 81 42 49 31 58 52 33 10 36 92 76 87 74 38 75 19 100 90 99 79 12 23 48 65 16 7 64 21 70 47 80 95 68 45 28 25 53 66 86 63 57 82 20 39 
100 15 35 32 67 94 6 88 43 27 24 44 60 77 22 59 93 46 54 71 18 3 61 62 91 78 17 89 40 97 13 9 5 14 73 37 2 98 29 34 11 56 50 96 41 84 1 83 4 85 8 69 30 26 72 51 55 81 42 49 31 58 52 33 10 36 92 76 87 74 38 75 19 100 90 99 79 12 23 48 65 16 7 64 21 70 47 80 95 68 45 28 25 53 66 86 63 57 82 20 39 
100 15 35 32 67 94 6 88 43 27 24 44 60 77 22 59 93 46 54 71 18 3 61 62 91 78 17 89 40 97 13 9 5 14 73 37 2 98 29 34 11 56 50 96 41 84 1 83 4 85 8 69 30 26 72 51 55 81 42 49 31 58 52 33 10 36 92 76 87 74 38 75 19 100 90 99 79 12 23 48 65 16 7 64 21 70 47 80 95 68 45 28 25 53 66 86 63 57 82 20 39 
100 15 35 32 67 94 6 88 43 27 24 44 60 77 22 59 93 46 54 71 18 3 61 62 91 78 17 89 40 97 13 9 5 14 73 37 2 98 29 34 11 56 50 96 41 84 1 83 4 85 8 69 30 26 72 51 55 81 42 49 31 58 52 33 10 36 92 76 87 74 38 75 19 100 90 99 79 12 23 48 65 16 7 64 21 70 47 80 95 68 45 28 25 53 66 86 63 57 82 20 39 
100 15 35 32 67 94 6 88 43 27 24 44 60 77 22 59 93 46 54 71 18 3 61 62 91 78 17 89 40 97 13 9 5 14 73 37 2 98 29 34 11 56 50 96 41 84 1 83 4 85 8 69 30 26 72 51 55 81 42 49 31 58 52 33 10 36 92 76 87 74 38 75 19 100 90 99 79 12 23 48 65 16 7 64 21 70 47 80 95 68 45 28 25 53 66 86 63 57 82 20 39 
100 15 35 32 67 94 6 88 43 27 24 44 60 77 22 59 93 46 54 71 18 3 61 62 91 78 17 89 40 97 13 9 5 14 73 37 2 98 29 34 11 56 50 96 41 84 1 83 4 85 8 69 30 26 72 51 55 81 42 49 31 58 52 33 10 36 92 76 87 74 38 75 19 100 90 99 79 12 23 48 65 16 7 64 21 70 47 80 95 68 45 28 25 53 66 86 63 57 82 20 39 
100 15 35 32 67 94 6 88 43 27 24 44 60 77 22 59 93 46 54 71 18 3 61 62 91 78 17 89 40 97 13 9 5 14 73 37 2 98 29 34 11 56 50 96 41 84 1 83 4 85 8 69 30 26 72 51 55 81 42 49 31 58 52 33 10 36 92 76 87 74 38 75 19 100 90 99 79 12 23 48 65 16 7 64 21 70 47 80 95 68 45 28 25 53 66 86 63 57 82 20 39 
100 15 35 32 67 94 6 88 43 27 24 44 60 77 22 59 93 46 54 71 18 3 61 62 91 78 17 89 40 97 13 9 5 14 73 37 2 98 29 34 11 56 50 96 41 84 1 83 4 85 8 69 30 26 72 51 55 81 42 49 31 58 52 33 10 36 92 76 87 74 38 75 19 100 90 99 79 12 23 48 65 16 7 64 21 70 47 80 95 68 45 28 25 53 66 86 63 57 82 20 39 
100 15 35 32 67 94 6 88 43 27 24 44 60 77 22 59 93 46 54 71 18 3 61 62 91 78 17 89 40 97 13 9 5 14 73 37 2 98 29 34 11 56 50 96 41 84 1 83 4 85 8 69 30 26 72 51 55 81 42 49 31 58 52 33 10 36 92 76 87 74 38 75 19 100 90 99 79 12 23 48 65 16 7 64 21 70 47 80 95 68 45 28 25 53 66 86 63 57 82 20 39 
100 15 35 32 67 94 6 88 43 27 24 44 60 77 22 59 93 46 54 71 18 3 61 62 91 78 17 89 40 97 13 9 5 14 73 37 2 98 29 34 11 56 50 96 41 84 1 83 4 85 8 69 30 26 72 51 55 81 42 49 31 58 52 33 10 36 92 76 87 74 38 75 19 100 90 99 79 12 23 48 65 16 7 64 21 70 47 80 95 68 45 28 25 53 66 86 63 57 82 20 39 
100 15 35 32 67 94 6 88 43 27 24 44 60 77 22 59 93 46 54 71 18 3 61 62 91 78 17 89 40 97 13 9 5 14 73 37 2 98 29 34 11 56 50 96 41 84 1 83 4 85 8 69 30 26 72 51 55 81 42 49 31 58 52 33 10 36 92 76 87 74 38 75 19 100 90 99 79 12 23 48 65 16 7 64 21 70 47 80 95 68 45 28 25 53 66 86 63 57 82 20 39 
100 15 35 32 67 94 6 88 43 27 24 44 60 77 22 59 93 46 54 71 18 3 61 62 91 78 17 89 40 97 13 9 5 14 73 37 2 98 29 34 11 56 50 96 41 84 1 83 4 85 8 69 30 26 72 51 55 81 42 49 31 58 52 33 10 36 92 76 87 74 38 75 19 100 90 99 79 12 23 48 65 16 7 64 21 70 47 80 95 68 45 28 25 53 66 86 63 57 82 20 39 
100 15 35 32 67 94 6 88 43 27 24 44 60 77 22 59 93 46 54 71 18 3 61 62 91 78 17 89 40 97 13 9 5 14 73 37 2 98 29 34 11 56 50 96 41 84 1 83 4 85 8 69 30 26 72 51 55 81 42 49 31 58 52 33 10 36 92 76 87 74 38 75 19 100 90 99 79 12 23 48 65 16 7 64 21 70 47 80 95 68 45 28 25 53 66 86 63 57 82 20 39 
100 15 35 32 67 94 6 88 43 27 24 44 60 77 22 59 93 46 54 71 18 3 61 62 91 78 17 89 40 97 13 9 5 14 73 37 2 98 29 34 11 56 50 96 41 84 1 83 4 85 8 69 30 26 72 51 55 81 42 49 31 58 52 33 10 36 92 76 87 74 38 75 19 100 90 99 79 12 23 48 65 16 7 64 21 70 47 80 95 68 45 28 25 53 66 86 63 57 82 20 39 
100 15 35 32 67 94 6 88 43 27 24 44 60 77 22 59 93 46 54 71 18 3 61 62 91 78 17 89 40 97 13 9 5 14 73 37 2 98 29 34 11 56 50 96 41 84 1 83 4 85 8 69 30 26 72 51 55 81 42 49 31 58 52 33 10 36 92 76 87 74 38 75 19 100 90 99 79 12 23 48 65 16 7 64 21 70 47 80 95 68 45 28 25 53 66 86 63 57 82 20 39 
100 15 35 32 67 94 6 88 43 27 24 44 60 77 22 59 93 46 54 71 18 3 61 62 91 78 17 89 40 97 13 9 5 14 73 37 2 98 29 34 11 56 50 96 41 84 1 83 4 85 8 69 30 26 72 51 55 81 42 49 31 58 52 33 10 36 92 76 87 74 38 75 19 100 90 99 79 12 23 48 65 16 7 64 21 70 47 80 95 68 45 28 25 53 66 86 63 57 82 20 39 
100 15 35 32 67 94 6 88 43 27 24 44 60 77 22 59 93 46 54 71 18 3 61 62 91 78 17 89 40 97 13 9 5 14 73 37 2 98 29 34 11 56 50 96 41 84 1 83 4 85 8 69 30 26 72 51 55 81 42 49 31 58 52 33 10 36 92 76 87 74 38 75 19 100 90 99 79 12 23 48 65 16 7 64 21 70 47 80 95 68 45 28 25 53 66 86 63 57 82 20 39 
100 15 35 32 67 94 6 88 43 27 24 44 60 77 22 59 93 46 54 71 18 3 61 62 91 78 17 89 40 97 13 9 5 14 73 37 2 98 29 34 11 56 50 96 41 84 1 83 4 85 8 69 30 26 72 51 55 81 42 49 31 58 52 33 10 36 92 76 87 74 38 75 19 100 90 99 79 12 23 48 65 16 7 64 21 70 47 80 95 68 45 28 25 53 66 86 63 57 82 20 39 
100 15 35 32 67 94 6 88 43 27 24 44 60 77 22 59 93 46 54 71 18 3 61 62 91 78 17 89 40 97 13 9 5 14 73 37 2 98 29 34 11 56 50 96 41 84 1 83 4 85 8 69 30 26 72 51 55 81 42 49 31 58 52 33 10 36 92 76 87 74 38 75 19 100 90 99 79 12 23 48 65 16 7 64 21 70 47 80 95 68 45 28 25 53 66 86 63 57 82 20 39 
100 15 35 32 67 94 6 88 43 27 24 44 60 77 22 59 93 46 54 71 18 3 61 62 91 78 17 89 40 97 13 9 5 14 73 37 2 98 29 34 11 56 50 96 41 84 1 83 4 85 8 69 30 26 72 51 55 81 42 49 31 58 52 33 10 36 92 76 87 74 38 75 19 100 90 99 79 12 23 48 65 16 7 64 21 70 47 80 95 68 45 28 25 53 66 86 63 57 82 20 39 
100 15 35 32 67 94 6 88 43 27 24 44 60 77 22 59 93 46 54 71 18 3 61 62 91 78 17 89 40 97 13 9 5 14 73 37 2 98 29 34 11 56 50 96 41 84 1 83 4 85 8 69 30 26 72 51 55 81 42 49 31 58 52 33 10 36 92 76 87 74 38 75 19 100 90 99 79 12 23 48 65 16 7 64 21 70 47 80 95 68 45 28 25 53 66 86 63 57 82 20 39 
100 15 35 32 67 94 6 88 43 27 24 44 60 77 22 59 93 46 54 71 18 3 61 62 91 78 17 89 40 97 13 9 5 14 73 37 2 98 29 34 11 56 50 96 41 84 1 83 4 85 8 69 30 26 72 51 55 81 42 49 31 58 52 33 10 36 92 76 87 74 38 75 19 100 90 99 79 12 23 48 65 16 7 64 21 70 47 80 95 68 45 28 25 53 66 86 63 57 82 20 39 
100 15 35 32 67 94 6 88 43 27 24 44 60 77 22 59 93 46 54 71 18 3 61 62 91 78 17 89 40 97 13 9 5 14 73 37 2 98 29 34 11 56 50 96 41 84 1 83 4 85 8 69 30 26 72 51 55 81 42 49 31 58 52 33 10 36 92 76 87 74 38 75 19 100 90 99 79 12 23 48 65 16 7 64 21 70 47 80 95 68 45 28 25 53 66 86 63 57 82 20 39 
100 15 35 32 67 94 6 88 43 27 24 44 60 77 22 59 93 46 54 71 18 3 61 62 91 78 17 89 40 97 13 9 5 14 73 37 2 98 29 34 11 56 50 96 41 84 1 83 4 85 8 69 30 26 72 51 55 81 42 49 31 58 52 33 10 36 92 76 87 74 38 75 19 100 90 99 79 12 23 48 65 16 7 64 21 70 47 80 95 68 45 28 25 53 66 86 63 57 82 20 39 
100 15 35 32 67 94 6 88 43 27 24 44 60 77 22 59 93 46 54 71 18 3 61 62 91 78 17 89 40 97 13 9 5 14 73 37 2 98 29 34 11 56 50 96 41 84 1 83 4 85 8 69 30 26 72 51 55 81 42 49 31 58 52 33 10 36 92 76 87 74 38 75 19 100 90 99 79 12 23 48 65 16 7 64 21 70 47 80 95 68 45 28 25 53 66 86 63 57 82 20 39 
100 15 35 32 67 94 6 88 43 27 24 44 60 77 22 59 93 46 54 71 18 3 61 62 91 78 17 89 40 97 13 9 5 14 73 37 2 98 29 34 11 56 50 96 41 84 1 83 4 85 8 69 30 26 72 51 55 81 42 49 31 58 52 33 10 36 92 76 87 74 38 75 19 100 90 99 79 12 23 48 65 16 7 64 21 70 47 80 95 68 45 28 25 53 66 86 63 57 82 20 39 
100 15 35 32 67 94 6 88 43 27 24 44 60 77 22 59 93 46 54 71 18 3 61 62 91 78 17 89 40 97 13 9 5 14 73 37 2 98 29 34 11 56 50 96 41 84 1 83 4 85 8 69 30 26 72 51 55 81 42 49 31 58 52 33 10 36 92 76 87 74 38 75 19 100 90 99 79 12 23 48 65 16 7 64 21 70 47 80 95 68 45 28 25 53 66 86 63 57 82 20 39 
100 15 35 32 67 94 6 88 43 27 24 44 60 77 22 59 93 46 54 71 18 3 61 62 91 78 17 89 40 97 13 9 5 14 73 37 2 98 29 34 11 56 50 96 41 84 1 83 4 85 8 69 30 26 72 51 55 81 42 49 31 58 52 33 10 36 92 76 87 74 38 75 19 100 90 99 79 12 23 48 65 16 7 64 21 70 47 80 95 68 45 28 25 53 66 86 63 57 82 20 39 
100 15 35 32 67 94 6 88 43 27 24 44 60 77 22 59 93 46 54 71 18 3 61 62 91 78 17 89 40 97 13 9 5 14 73 37 2 98 29 34 11 56 50 96 41 84 1 83 4 85 8 69 30 26 72 51 55 81 42 49 31 58 52 33 10 36 92 76 87 74 38 75 19 100 90 99 79 12 23 48 65 16 7 64 21 70 47 80 95 68 45 28 25 53 66 86 63 57 82 20 39 
100 15 35 32 67 94 6 88 43 27 24 44 60 77 22 59 93 46 54 71 18 3 61 62 91 78 17 89 40 97 13 9 5 14 73 37 2 98 29 34 11 56 50 96 41 84 1 83 4 85 8 69 30 26 72 51 55 81 42 49 31 58 52 33 10 36 92 76 87 74 38 75 19 100 90 99 79 12 23 48 65 16 7 64 21 70 47 80 95 68 45 28 25 53 66 86 63 57 82 20 39 
100 15 35 32 67 94 6 88 43 27 24 44 60 77 22 59 93 46 54 71 18 3 61 62 91 78 17 89 40 97 13 9 5 14 73 37 2 98 29 34 11 56 50 96 41 84 1 83 4 85 8 69 30 26 72 51 55 81 42 49 31 58 52 33 10 36 92 76 87 74 38 75 19 100 90 99 79 12 23 48 65 16 7 64 21 70 47 80 95 68 45 28 25 53 66 86 63 57 82 20 39 
100 15 35 32 67 94 6 88 43 27 24 44 60 77 22 59 93 46 54 71 18 3 61 62 91 78 17 89 40 97 13 9 5 14 73 37 2 98 29 34 11 56 50 96 41 84 1 83 4 85 8 69 30 26 72 51 55 81 42 49 31 58 52 33 10 36 92 76 87 74 38 75 19 100 90 99 79 12 23 48 65 16 7 64 21 70 47 80 95 68 45 28 25 53 66 86 63 57 82 20 39 
100 15 35 32 67 94 6 88 43 27 24 44 60 77 22 59 93 46 54 71 18 3 61 62 91 78 17 89 40 97 13 9 5 14 73 37 2 98 29 34 11 56 50 96 41 84 1 83 4 85 8 69 30 26 72 51 55 81 42 49 31 58 52 33 10 36 92 76 87 74 38 75 19 100 90 99 79 12 23 48 65 16 7 64 21 70 47 80 95 68 45 28 25 53 66 86 63 57 82 20 39 
100 15 35 32 67 94 6 88 43 27 24 44 60 77 22 59 93 46 54 71 18 3 61 62 91 78 17 89 40 97 13 9 5 14 73 37 2 98 29 34 11 56 50 96 41 84 1 83 4 85 8 69 30 26 72 51 55 81 42 49 31 58 52 33 10 36 92 76 87 74 38 75 19 100 90 99 79 12 23 48 65 16 7 64 21 70 47 80 95 68 45 28 25 53 66 86 63 57 82 20 39 
100 15 35 32 67 94 6 88 43 27 24 44 60 77 22 59 93 46 54 71 18 3 61 62 91 78 17 89 40 97 13 9 5 14 73 37 2 98 29 34 11 56 50 96 41 84 1 83 4 85 8 69 30 26 72 51 55 81 42 49 31 58 52 33 10 36 92 76 87 74 38 75 19 100 90 99 79 12 23 48 65 16 7 64 21 70 47 80 95 68 45 28 25 53 66 86 63 57 82 20 39 
100 15 35 32 67 94 6 88 43 27 24 44 60 77 22 59 93 46 54 71 18 3 61 62 91 78 17 89 40 97 13 9 5 14 73 37 2 98 29 34 11 56 50 96 41 84 1 83 4 85 8 69 30 26 72 51 55 81 42 49 31 58 52 33 10 36 92 76 87 74 38 75 19 100 90 99 79 12 23 48 65 16 7 64 21 70 47 80 95 68 45 28 25 53 66 86 63 57 82 20 39 
100 15 35 32 67 94 6 88 43 27 24 44 60 77 22 59 93 46 54 71 18 3 61 62 91 78 17 89 40 97 13 9 5 14 73 37 2 98 29 34 11 56 50 96 41 84 1 83 4 85 8 69 30 26 72 51 55 81 42 49 31 58 52 33 10 36 92 76 87 74 38 75 19 100 90 99 79 12 23 48 65 16 7 64 21 70 47 80 95 68 45 28 25 53 66 86 63 57 82 20 39 
100 15 35 32 67 94 6 88 43 27 24 44 60 77 22 59 93 46 54 71 18 3 61 62 91 78 17 89 40 97 13 9 5 14 73 37 2 98 29 34 11 56 50 96 41 84 1 83 4 85 8 69 30 26 72 51 55 81 42 49 31 58 52 33 10 36 92 76 87 74 38 75 19 100 90 99 79 12 23 48 65 16 7 64 21 70 47 80 95 68 45 28 25 53 66 86 63 57 82 20 39 
100 15 35 32 67 94 6 88 43 27 24 44 60 77 22 59 93 46 54 71 18 3 61 62 91 78 17 89 40 97 13 9 5 14 73 37 2 98 29 34 11 56 50 96 41 84 1 83 4 85 8 69 30 26 72 51 55 81 42 49 31 58 52 33 10 36 92 76 87 74 38 75 19 100 90 99 79 12 23 48 65 16 7 64 21 70 47 80 95 68 45 28 25 53 66 86 63 57 82 20 39 
100 15 35 32 67 94 6 88 43 27 24 44 60 77 22 59 93 46 54 71 18 3 61 62 91 78 17 89 40 97 13 9 5 14 73 37 2 98 29 34 11 56 50 96 41 84 1 83 4 85 8 69 30 26 72 51 55 81 42 49 31 58 52 33 10 36 92 76 87 74 38 75 19 100 90 99 79 12 23 48 65 16 7 64 21 70 47 80 95 68 45 28 25 53 66 86 63 57 82 20 39 
100 15 35 32 67 94 6 88 43 27 24 44 60 77 22 59 93 46 54 71 18 3 61 62 91 78 17 89 40 97 13 9 5 14 73 37 2 98 29 34 11 56 50 96 41 84 1 83 4 85 8 69 30 26 72 51 55 81 42 49 31 58 52 33 10 36 92 76 87 74 38 75 19 100 90 99 79 12 23 48 65 16 7 64 21 70 47 80 95 68 45 28 25 53 66 86 63 57 82 20 39 
100 15 35 32 67 94 6 88 43 27 24 44 60 77 22 59 93 46 54 71 18 3 61 62 91 78 17 89 40 97 13 9 5 14 73 37 2 98 29 34 11 56 50 96 41 84 1 83 4 85 8 69 30 26 72 51 55 81 42 49 31 58 52 33 10 36 92 76 87 74 38 75 19 100 90 99 79 12 23 48 65 16 7 64 21 70 47 80 95 68 45 28 25 53 66 86 63 57 82 20 39 
100 15 35 32 67 94 6 88 43 27 24 44 60 77 22 59 93 46 54 71 18 3 61 62 91 78 17 89 40 97 13 9 5 14 73 37 2 98 29 34 11 56 50 96 41 84 1 83 4 85 8 69 30 26 72 51 55 81 42 49 31 58 52 33 10 36 92 76 87 74 38 75 19 100 90 99 79 12 23 48 65 16 7 64 21 70 47 80 95 68 45 28 25 53 66 86 63 57 82 20 39 
100 15 35 32 67 94 6 88 43 27 24 44 60 77 22 59 93 46 54 71 18 3 61 62 91 78 17 89 40 97 13 9 5 14 73 37 2 98 29 34 11 56 50 96 41 84 1 83 4 85 8 69 30 26 72 51 55 81 42 49 31 58 52 33 10 36 92 76 87 74 38 75 19 100 90 99 79 12 23 48 65 16 7 64 21 70 47 80 95 68 45 28 25 53 66 86 63 57 82 20 39 
100 15 35 32 67 94 6 88 43 27 24 44 60 77 22 59 93 46 54 71 18 3 61 62 91 78 17 89 40 97 13 9 5 14 73 37 2 98 29 34 11 56 50 96 41 84 1 83 4 85 8 69 30 26 72 51 55 81 42 49 31 58 52 33 10 36 92 76 87 74 38 75 19 100 90 99 79 12 23 48 65 16 7 64 21 70 47 80 95 68 45 28 25 53 66 86 63 57 82 20 39 
100 15 35 32 67 94 6 88 43 27 24 44 60 77 22 59 93 46 54 71 18 3 61 62 91 78 17 89 40 97 13 9 5 14 73 37 2 98 29 34 11 56 50 96 41 84 1 83 4 85 8 69 30 26 72 51 55 81 42 49 31 58 52 33 10 36 92 76 87 74 38 75 19 100 90 99 79 12 23 48 65 16 7 64 21 70 47 80 95 68 45 28 25 53 66 86 63 57 82 20 39 
100 15 35 32 67 94 6 88 43 27 24 44 60 77 22 59 93 46 54 71 18 3 61 62 91 78 17 89 40 97 13 9 5 14 73 37 2 98 29 34 11 56 50 96 41 84 1 83 4 85 8 69 30 26 72 51 55 81 42 49 31 58 52 33 10 36 92 76 87 74 38 75 19 100 90 99 79 12 23 48 65 16 7 64 21 70 47 80 95 68 45 28 25 53 66 86 63 57 82 20 39 
100 15 35 32 67 94 6 88 43 27 24 44 60 77 22 59 93 46 54 71 18 3 61 62 91 78 17 89 40 97 13 9 5 14 73 37 2 98 29 34 11 56 50 96 41 84 1 83 4 85 8 69 30 26 72 51 55 81 42 49 31 58 52 33 10 36 92 76 87 74 38 75 19 100 90 99 79 12 23 48 65 16 7 64 21 70 47 80 95 68 45 28 25 53 66 86 63 57 82 20 39 
