100
100 6 88 7 34 10 32 78 45 21 83 43 33 50 24 14 69 93 37 55 12 87 5 81 22 38 23 57 51 61 53 76 58 42 18 84 47 75 59 4 91 17 80 74 99 29 28 63 1 89 68 13 77 70 54 98 56 90 8 35 52 26 86 92 20 97 15 48 95 94 2 30 65 16 79 9 64 71 11 66 41 85 27 25 62 67 60 82 46 72 100 44 49 31 36 73 19 39 96 40 3 
100 92 60 8 14 27 41 63 77 90 82 96 2 83 13 7 98 62 44 68 65 55 18 46 97 87 84 38 56 64 58 15 40 10 50 35 76 25 29 80 52 45 28 57 71 94 53 37 30 51 73 49 79 34 66 42 21 31 5 23 4 16 17 78 6 26 22 95 61 36 9 86 74 89 24 85 54 69 11 99 3 43 67 70 100 33 47 19 88 1 75 32 59 93 20 72 39 91 48 12 81 
100 31 34 84 44 74 63 39 57 24 89 60 28 96 93 90 55 42 33 37 11 20 26 64 25 12 18 92 15 86 19 3 52 27 80 47 51 87 9 14 13 50 83 29 99 43 23 68 79 73 69 8 41 70 81 32 77 72 36 97 71 61 16 2 10 76 38 1 49 94 22 5 67 100 40 21 6 54 4 75 17 66 62 48 46 91 35 88 56 98 30 95 78 58 65 85 53 7 59 45 82 
100 85 58 68 36 39 53 65 69 8 40 88 19 52 31 79 80 56 75 82 26 96 46 67 55 93 25 43 89 99 72 4 30 7 54 70 5 48 38 44 57 41 10 86 95 37 84 16 91 47 50 11 61 64 14 78 97 49 94 15 83 33 29 81 76 51 2 20 22 42 18 92 71 60 34 35 66 90 98 27 100 17 12 59 73 74 28 24 9 45 13 63 1 21 3 23 77 87 62 32 6 
100 52 78 22 10 20 71 59 42 61 35 37 58 86 88 69 96 40 87 97 56 26 73 38 13 99 17 11 55 62 67 27 16 77 50 44 34 95 39 15 8 74 64 79 66 90 32 5 46 94 80 25 98 41 43 31 33 21 63 47 14 57 7 60 12 1 75 4 91 65 6 9 100 81 92 3 28 29 72 89 84 68 54 30 2 49 76 36 18 45 48 19 23 82 93 83 51 53 24 85 70 
100 85 72 56 60 70 73 62 28 48 66 49 67 69 12 58 71 83 54 97 14 68 25 84 47 65 30 32 18 64 51 76 78 26 10 80 4 52 31 37 99 98 34 5 88 63 20 42 23 22 45 3 61 96 87 29 36 8 59 1 75 90 38 13 16 24 35 100 17 43 95 21 46 15 93 89 94 55 41 50 79 39 77 53 11 33 86 44 81 82 9 92 57 6 2 19 91 40 7 74 27 
100 99 33 71 76 97 31 5 53 17 21 12 7 67 60 89 15 91 47 22 27 23 34 29 1 36 61 75 81 64 16 87 96 70 83 51 92 59 9 40 65 86 56 94 42 39 25 28 24 62 38 54 93 90 35 68 55 50 48 43 63 11 45 80 6 78 2 13 4 14 19 58 69 44 57 66 52 79 73 46 88 85 37 32 72 77 82 95 26 100 41 84 18 98 10 3 20 49 30 8 74 
100 48 6 8 17 94 5 32 26 74 4 77 50 41 46 29 16 28 60 96 61 55 85 21 11 51 68 35 76 93 79 63 39 27 43 53 52 47 10 34 33 98 82 78 24 36 45 100 38 75 20 57 66 14 25 86 54 37 30 31 58 40 22 90 18 80 83 9 13 19 97 69 84 42 88 15 67 1 59 72 65 95 62 99 92 71 2 70 7 23 44 56 12 49 89 91 3 64 81 87 73 
100 13 4 32 98 7 79 97 48 46 11 24 62 87 93 80 21 42 71 26 51 66 31 19 64 53 36 28 30 16 18 60 3 27 43 75 83 52 58 65 14 23 85 76 29 45 1 99 8 20 40 92 34 41 90 57 89 94 2 25 6 54 78 63 12 67 17 59 10 37 35 44 100 5 49 47 55 73 39 33 86 9 22 95 70 74 68 50 38 91 69 56 72 88 82 15 81 96 84 61 77 
100 81 69 4 33 30 17 23 32 73 60 28 37 20 63 84 29 24 38 62 22 34 72 80 67 35 10 54 13 97 70 43 21 39 64 31 19 75 89 12 40 5 11 53 2 59 9 47 27 8 52 76 96 7 61 56 44 36 100 79 3 41 6 85 48 25 55 49 99 42 77 86 98 16 83 46 58 74 66 18 15 65 26 50 94 82 51 95 92 93 87 71 57 88 91 68 45 1 14 78 90 
100 80 89 22 49 39 47 32 31 18 53 90 58 50 13 86 70 77 88 43 81 19 28 10 34 67 44 16 55 69 1 56 30 36 38 15 6 96 75 62 20 48 99 76 94 82 83 84 66 78 24 61 100 23 7 71 17 33 91 5 11 26 40 2 8 51 74 79 72 65 45 9 73 37 85 97 98 25 41 92 14 21 93 29 4 57 3 60 35 46 12 95 59 64 63 87 68 54 42 52 27 
100 69 63 78 30 33 6 96 77 90 53 14 26 41 54 55 85 99 39 91 58 88 51 19 46 61 5 67 10 21 7 15 92 93 35 62 25 17 60 38 81 50 68 43 1 64 44 65 29 47 74 80 13 20 40 2 82 84 31 4 36 83 98 32 72 73 71 86 66 45 94 57 22 59 27 24 75 87 8 97 12 28 56 49 3 18 79 89 70 100 52 37 34 48 16 11 95 42 23 9 76 
100 17 14 57 18 45 5 4 15 99 83 28 66 81 91 25 51 74 19 76 9 41 35 36 7 70 53 78 80 75 61 85 12 73 23 26 69 16 1 42 6 77 43 96 86 11 65 56 72 54 62 82 3 20 40 92 49 29 90 22 30 27 63 46 48 31 52 79 88 44 68 13 2 21 67 59 55 37 10 24 87 93 8 94 58 32 95 64 50 38 84 89 98 39 47 34 71 60 33 100 97 
100 29 96 63 88 59 90 61 53 45 13 67 77 4 78 48 87 44 56 57 85 35 25 64 84 71 34 91 12 30 54 8 26 92 83 65 76 2 18 23 9 95 15 93 55 89 86 10 100 80 33 11 3 19 1 42 58 7 28 5 37 21 66 20 41 79 31 69 81 94 50 27 16 72 68 14 70 47 22 97 98 43 99 17 75 62 36 6 49 73 39 51 24 74 52 46 32 38 82 40 60 
100 36 42 80 17 30 78 58 31 43 100 89 35 54 73 96 71 10 40 51 49 16 67 27 26 65 94 5 61 99 79 64 82 47 23 34 72 62 88 56 74 46 97 25 84 63 92 48 85 2 28 57 83 55 20 15 1 50 98 75 93 22 32 77 6 86 18 95 45 59 3 12 13 9 91 4 19 87 21 69 33 70 90 66 11 24 7 38 44 39 29 37 60 81 68 53 8 52 41 14 76 
100 4 77 43 3 14 2 89 33 87 99 45 46 54 31 70 80 49 57 9 26 10 47 36 7 27 38 83 56 97 84 18 20 51 75 64 94 40 71 91 78 50 24 39 67 25 59 95 6 16 37 28 12 92 21 88 60 30 15 35 96 58 73 44 22 85 62 82 69 11 93 42 90 48 76 63 53 86 13 79 1 19 52 61 29 74 34 65 81 100 41 17 66 98 32 8 5 68 55 23 72 
100 94 32 40 63 67 65 88 37 27 45 23 17 91 74 26 7 31 60 55 87 48 89 8 11 36 2 52 4 80 56 75 90 6 77 51 99 25 14 15 86 30 20 83 47 18 39 42 92 38 54 33 76 93 22 46 29 97 82 59 71 16 64 12 72 43 68 73 53 35 9 5 85 81 69 1 50 58 96 49 28 66 79 21 100 34 61 84 19 98 24 41 70 13 44 95 78 10 62 3 57 
100 82 84 36 54 11 92 73 96 98 88 78 66 47 89 91 48 16 46 19 7 32 72 6 40 10 18 2 20 26 51 15 60 41 29 85 70 37 57 97 95 12 3 68 61 14 56 1 17 63 38 87 42 81 74 100 8 50 25 69 13 43 35 79 65 99 31 75 9 21 53 71 49 77 93 44 27 86 80 28 58 23 39 94 24 62 76 59 83 55 30 34 33 52 67 64 5 45 4 22 90 
100 33 100 12 72 27 80 79 97 82 81 52 51 40 15 3 76 65 99 90 30 16 67 85 93 71 96 5 59 54 75 21 38 77 46 7 57 43 41 11 89 92 18 32 9 8 73 35 39 69 56 68 58 24 4 45 98 50 62 37 83 2 78 17 13 14 26 64 23 55 94 95 19 6 31 74 20 1 53 28 10 34 42 63 70 48 25 36 22 91 60 88 84 86 29 47 87 66 49 61 44 
100 45 59 57 67 75 23 93 8 47 69 91 22 37 74 68 41 38 73 35 72 53 99 48 7 65 29 83 55 17 70 86 63 58 79 40 4 16 18 80 88 78 10 11 50 60 5 6 44 2 95 27 61 66 84 36 100 82 98 26 1 46 21 20 62 25 34 24 89 12 28 42 54 81 9 43 49 64 3 97 96 87 15 39 51 94 32 85 90 56 71 33 92 76 30 19 77 31 52 14 13 
100 92 46 43 98 89 21 72 75 2 38 41 50 97 100 12 82 57 19 84 70 18 78 63 34 37 35 30 83 53 81 86 20 88 36 32 49 1 52 23 96 33 17 68 27 31 87 10 64 76 90 56 73 58 25 24 22 95 54 4 3 79 47 59 28 67 13 60 80 62 65 45 91 69 9 40 8 93 77 6 7 55 42 16 48 29 51 71 94 15 66 74 11 14 99 26 39 85 61 5 44 
100 17 16 36 51 32 29 30 34 97 14 42 95 59 26 6 15 64 23 63 35 70 5 46 60 24 53 28 81 74 40 94 78 31 4 21 68 96 90 62 25 48 76 79 84 39 20 65 13 82 92 99 18 33 54 87 44 3 86 67 43 12 7 73 8 89 66 27 85 55 22 10 88 57 93 9 80 38 83 61 19 98 37 50 77 1 52 71 41 58 11 45 49 91 69 47 100 56 75 72 2 
100 85 50 7 62 42 29 81 47 79 71 83 9 59 44 34 58 76 88 40 5 94 67 61 75 20 60 90 80 33 16 11 74 38 48 12 93 4 78 23 99 31 57 24 41 54 46 65 22 64 28 56 1 36 87 30 43 2 8 73 49 37 91 100 89 39 55 98 3 26 95 82 70 97 15 32 17 52 51 68 18 14 69 19 63 10 27 13 21 92 53 6 66 45 77 25 96 35 72 86 84 
100 94 76 67 60 10 88 25 95 38 49 13 36 85 24 48 87 6 68 50 91 47 2 97 12 80 18 55 8 22 53 56 66 73 75 41 79 11 14 61 100 62 93 26 52 74 99 82 33 96 21 35 40 3 84 23 92 43 28 58 45 86 65 7 27 37 19 70 59 34 1 46 5 42 63 4 32 90 9 64 83 89 69 39 17 54 81 29 44 15 71 78 16 20 98 57 31 72 30 77 51 
100 17 50 77 47 78 89 8 53 65 38 94 36 27 90 2 9 41 34 91 42 55 14 71 10 97 16 28 74 87 25 43 26 24 73 5 83 1 64 63 68 67 93 45 12 40 82 4 80 92 96 52 69 20 99 29 88 37 66 98 75 58 54 31 32 22 81 19 44 57 85 15 23 46 33 48 7 6 72 11 61 18 56 59 100 60 76 13 51 39 35 21 70 79 49 84 95 86 30 3 62 
100 71 77 35 41 74 70 80 24 75 95 31 66 27 72 36 84 14 37 55 29 86 22 7 19 52 21 4 46 89 13 90 59 18 25 62 91 78 16 65 10 23 38 53 98 6 45 51 42 12 1 47 81 97 11 34 56 5 9 48 57 40 58 26 30 2 50 92 99 68 60 96 87 85 88 69 82 54 79 43 73 93 67 33 49 63 76 8 44 61 32 28 94 83 3 15 17 100 20 64 39 
100 56 52 87 67 27 62 24 55 41 59 20 70 60 50 54 4 33 31 68 93 51 28 3 72 43 65 89 38 2 18 34 95 84 88 99 9 82 37 100 25 98 48 71 14 91 21 1 73 44 6 49 61 53 77 30 97 10 92 22 46 19 13 36 78 29 58 86 76 81 26 75 90 80 15 47 96 66 57 5 74 8 32 16 85 7 35 39 23 42 79 11 17 12 40 83 63 94 64 69 45 
100 17 6 89 37 82 57 29 48 98 81 49 4 50 80 93 56 94 60 15 70 61 86 8 97 19 71 3 78 76 32 85 44 30 64 22 39 26 10 12 33 72 96 92 35 100 42 45 14 59 47 31 34 88 68 11 21 73 52 16 66 54 87 28 51 41 46 83 38 27 13 36 43 25 24 40 75 99 58 69 23 90 77 79 84 18 95 5 2 1 20 53 74 63 62 7 67 91 9 65 55 
100 24 46 17 10 44 18 50 34 37 77 40 16 90 67 54 33 88 48 95 62 42 78 12 80 19 14 87 27 66 96 1 45 47 58 83 94 61 22 5 99 35 84 91 56 7 43 3 85 100 72 70 75 57 69 73 32 29 36 59 23 60 86 9 4 81 93 53 8 82 98 71 21 31 92 55 52 79 76 11 38 49 51 20 64 89 25 28 15 65 26 2 41 74 30 97 63 68 6 39 13 
100 43 61 18 80 63 46 87 35 8 51 58 72 24 19 10 57 70 98 90 31 73 33 40 91 38 55 48 95 27 17 69 64 74 36 88 66 94 77 56 78 86 4 26 85 25 12 54 29 81 5 68 97 50 30 62 96 28 75 16 71 34 53 41 1 92 32 79 7 45 59 83 93 14 99 49 84 3 23 44 100 60 2 47 13 76 6 67 20 22 37 52 42 65 9 82 11 39 89 21 15 
100 31 18 3 70 44 8 79 36 50 20 30 38 40 5 49 68 97 88 82 43 6 74 13 39 80 4 10 63 62 25 9 96 100 19 15 17 55 90 77 41 48 21 60 37 75 95 66 46 34 53 2 54 61 28 87 89 59 76 65 98 67 23 47 69 45 58 24 32 51 42 22 93 26 73 11 27 16 81 71 64 12 57 94 84 1 14 78 7 85 83 35 56 92 86 52 33 72 99 29 91 
100 18 93 3 36 28 16 10 1 46 62 44 42 51 89 66 88 69 26 9 87 14 74 23 95 30 56 37 98 82 85 50 12 84 86 31 68 21 22 63 92 34 61 97 53 25 81 67 43 13 59 24 40 90 78 4 39 72 52 77 33 55 7 76 45 20 60 47 41 57 48 73 100 58 27 11 19 54 99 5 70 75 80 32 2 6 91 17 38 29 94 83 35 15 49 64 65 79 71 8 96 
100 97 58 75 55 32 54 26 94 44 39 87 88 52 25 4 73 20 96 56 95 16 78 23 12 57 74 92 66 68 2 29 72 90 59 60 81 3 63 79 48 31 86 45 67 17 13 27 84 15 69 89 99 51 1 28 46 6 35 33 36 9 82 70 40 8 85 41 49 65 10 7 14 50 71 62 83 30 43 98 37 22 24 100 38 64 11 53 47 80 61 34 5 18 19 93 77 42 21 76 91 
100 71 27 56 96 69 82 37 22 25 19 88 21 83 54 86 84 70 18 15 59 75 20 58 40 11 74 36 93 42 38 92 30 87 10 68 9 39 62 67 57 79 99 7 65 17 91 34 44 50 1 81 76 53 97 35 32 47 48 77 12 63 2 16 5 60 49 66 72 13 29 6 33 23 64 45 94 26 61 43 80 4 73 90 55 41 3 89 85 52 31 95 78 14 46 24 51 98 28 100 8 
100 48 13 23 61 80 91 86 25 43 92 90 85 5 84 49 22 74 62 37 99 35 21 26 40 66 51 76 36 30 41 33 31 83 20 6 94 42 93 24 10 68 4 16 64 39 71 81 17 14 3 34 79 73 2 88 27 95 89 58 7 72 97 87 8 55 15 57 9 45 82 96 1 18 100 38 59 63 53 77 54 50 28 19 44 60 11 69 75 32 46 78 67 98 52 12 70 65 29 47 56 
100 50 23 29 8 69 95 64 99 71 55 49 70 57 37 79 24 1 34 87 51 5 45 16 56 97 86 80 10 96 68 36 62 59 85 14 30 17 91 44 48 43 40 98 46 89 82 58 76 81 74 41 75 15 84 88 25 3 65 35 92 100 32 19 90 6 94 52 42 27 83 2 7 26 61 33 77 28 60 73 12 78 9 53 13 31 4 39 66 47 63 54 22 38 20 93 72 67 18 21 11 
100 43 8 35 14 87 74 1 22 25 45 4 26 27 57 24 82 40 64 48 59 81 36 71 49 41 79 72 52 23 76 66 75 33 60 63 51 94 37 20 9 95 2 28 29 17 13 31 39 86 47 32 67 16 44 12 99 97 78 7 91 98 83 46 61 70 6 21 42 89 93 11 92 69 18 62 90 56 38 65 100 10 54 55 85 19 30 5 3 77 34 73 68 88 80 53 15 58 50 84 96 
100 16 67 63 62 20 78 29 26 37 27 50 91 42 75 97 31 88 51 69 76 58 36 98 66 61 86 12 56 28 82 59 64 57 70 72 8 85 21 65 3 39 45 23 53 30 22 84 25 73 11 54 81 48 60 15 99 32 40 44 52 95 14 74 93 10 77 94 83 17 35 18 92 100 89 6 46 13 41 33 38 80 24 4 96 47 79 55 68 9 71 43 90 2 1 5 87 7 34 49 19 
100 6 38 11 84 66 64 45 58 54 87 65 2 63 21 52 95 22 75 77 40 71 5 56 14 27 91 90 79 55 28 89 35 17 67 59 88 34 20 23 18 30 100 24 94 3 85 33 32 86 9 37 80 7 19 49 15 48 81 42 25 8 92 16 99 13 12 47 96 83 78 76 10 51 46 26 39 44 69 93 97 62 70 31 29 61 50 43 82 72 98 41 73 4 60 68 1 53 57 36 74 
100 35 83 23 52 61 97 63 40 93 85 98 86 13 58 68 12 60 72 88 48 1 100 89 73 39 87 92 19 32 28 62 82 2 67 84 34 95 96 17 49 30 54 6 78 8 16 9 53 3 26 81 71 36 42 46 24 43 65 90 4 47 94 74 66 69 29 38 33 76 10 64 44 80 15 75 51 70 5 27 31 20 11 79 14 55 50 99 25 41 21 59 77 57 37 56 91 45 22 7 18 
100 60 61 59 58 55 13 7 66 78 31 42 5 27 54 65 62 95 16 43 53 24 47 49 9 23 75 99 67 98 36 72 18 30 52 26 89 86 85 40 29 14 69 57 44 46 28 10 37 35 1 84 45 32 88 77 81 34 48 41 64 80 56 96 6 91 93 21 71 3 68 19 25 79 8 39 74 20 22 4 15 100 92 63 73 33 76 82 83 87 38 97 51 50 90 17 2 94 11 12 70 
100 57 71 43 64 13 85 74 98 19 61 23 49 93 88 100 97 66 17 30 55 10 4 99 60 27 82 44 25 36 69 62 50 8 87 47 63 24 6 34 68 2 32 5 22 80 31 9 28 78 75 52 59 3 42 18 20 41 38 81 94 95 14 70 90 54 67 96 26 37 48 73 72 86 89 56 91 29 53 39 51 15 11 12 77 79 7 84 92 21 33 46 45 35 58 40 65 76 1 83 16 
100 8 80 52 72 7 13 64 5 34 17 50 79 88 6 40 82 32 43 35 75 63 24 1 55 91 39 42 38 44 98 30 60 18 57 31 45 56 77 47 93 51 83 68 53 33 70 41 19 94 74 9 2 3 46 76 29 87 27 81 65 99 59 26 62 90 25 89 97 14 71 66 58 12 85 67 73 48 86 95 37 15 23 96 78 54 92 20 61 69 4 28 36 21 16 84 22 10 49 100 11 
100 67 48 70 36 59 79 93 96 8 76 12 95 81 41 64 45 30 100 3 57 24 60 23 56 50 65 25 92 83 63 88 28 35 21 78 90 91 97 80 18 89 47 27 68 66 51 19 1 31 44 74 9 75 42 26 16 33 29 32 99 4 22 39 14 11 69 5 34 13 17 86 53 94 7 85 84 98 54 6 61 71 15 52 49 10 77 82 40 43 72 46 37 55 2 73 87 38 58 62 20 
100 100 3 38 59 97 55 77 7 78 75 80 50 44 35 93 46 8 23 72 58 73 89 88 10 98 65 1 33 6 18 19 91 45 24 81 17 86 85 36 40 69 62 57 11 2 96 39 76 64 32 53 52 99 31 16 30 66 14 49 5 87 13 34 41 25 4 82 90 43 84 95 68 27 83 61 12 54 60 47 22 29 37 94 20 71 63 92 15 28 67 9 42 21 48 79 74 70 56 51 26 
100 26 17 94 15 99 7 29 70 55 69 44 88 50 97 98 25 5 67 73 38 39 59 16 6 28 12 30 63 61 72 71 48 19 3 75 74 41 56 64 80 8 76 53 79 4 35 36 22 81 1 9 42 66 77 27 2 21 93 92 33 91 11 95 20 57 45 43 54 87 47 90 13 52 62 31 10 46 83 18 49 34 60 96 40 24 65 84 58 68 78 23 85 86 100 37 32 89 82 51 14 
100 28 93 34 82 32 87 33 77 68 41 20 84 6 60 73 90 75 44 65 13 23 96 83 29 54 21 25 22 10 42 62 37 80 3 35 95 67 12 39 92 27 8 48 5 16 61 40 99 4 57 76 55 43 58 59 50 81 51 17 7 86 69 85 63 97 30 89 52 14 26 36 100 66 71 53 70 45 11 38 74 31 46 78 64 72 79 19 49 15 88 56 98 91 47 2 24 9 1 94 18 
100 28 2 9 75 14 70 11 51 54 95 25 4 79 84 49 85 29 12 82 66 56 47 43 37 87 92 90 39 26 91 61 76 32 27 20 48 22 16 60 99 8 21 42 17 55 1 97 52 89 77 58 100 71 67 53 94 23 40 15 72 83 64 98 59 74 62 69 41 6 68 10 80 19 34 65 45 7 33 44 86 18 13 35 5 81 50 30 96 24 93 46 38 78 88 57 73 63 31 36 3 
100 95 90 46 52 71 9 35 67 57 89 21 91 26 72 13 82 31 5 25 66 79 51 74 49 33 44 32 40 15 69 6 18 50 3 56 17 27 70 53 47 75 23 42 84 88 61 38 77 4 48 80 73 96 78 85 14 16 99 1 65 29 59 20 87 55 24 30 92 43 22 12 93 94 7 64 58 2 28 98 76 41 11 81 83 86 60 34 8 36 63 45 97 19 54 100 68 10 37 62 39 
100 42 67 27 78 69 26 52 57 39 3 7 81 85 2 4 59 94 8 68 53 13 98 1 74 75 61 90 83 77 35 66 96 73 72 44 32 80 40 30 54 49 17 86 41 47 76 24 45 58 79 10 23 60 18 89 91 88 28 92 55 22 20 5 87 29 97 70 48 25 37 11 34 82 65 62 99 31 51 6 15 43 100 38 84 56 64 36 19 9 63 71 21 95 14 16 12 33 50 46 93 
100 93 69 30 78 25 73 85 5 17 76 9 80 79 48 37 39 59 41 95 75 2 50 8 70 23 35 60 52 62 21 100 28 15 96 14 11 86 18 24 61 81 89 84 34 1 4 92 72 63 87 40 47 55 97 49 32 42 94 29 53 88 33 20 64 67 43 58 38 68 83 65 82 98 22 56 74 90 12 77 13 51 99 3 19 46 66 57 6 26 45 16 91 44 7 27 36 54 10 71 31 
100 83 48 14 27 37 35 98 69 79 38 61 74 6 90 40 96 86 25 89 49 60 91 2 57 36 51 72 67 92 7 84 64 17 52 81 31 3 82 33 15 76 47 63 94 41 5 29 97 62 4 10 22 42 13 34 44 39 19 88 95 100 8 26 54 24 43 80 73 23 1 30 46 68 99 58 53 66 28 87 32 20 77 55 50 70 65 59 56 93 85 45 71 12 78 18 16 21 11 9 75 
100 20 14 41 74 64 34 35 92 13 32 37 60 26 75 84 71 38 12 28 1 39 8 69 98 48 23 44 99 22 96 3 58 86 81 31 61 53 43 66 49 6 83 21 16 29 70 24 52 100 42 27 62 91 45 51 4 85 2 65 78 30 67 57 72 15 97 63 33 87 94 93 19 7 88 9 68 95 56 50 76 80 17 46 36 11 77 59 90 82 25 79 55 40 47 73 5 54 89 18 10 
100 63 43 44 99 64 60 5 71 72 37 56 49 51 59 95 66 68 91 38 55 75 23 53 35 57 70 24 18 19 52 7 92 8 14 1 17 13 69 73 86 87 30 80 28 42 31 6 22 54 10 12 88 50 45 79 25 15 32 29 65 21 4 61 40 83 48 89 26 33 58 100 27 84 77 62 20 74 9 46 97 34 67 3 94 90 96 16 98 82 81 85 78 93 41 39 47 76 36 11 2 
100 52 21 78 5 15 4 49 55 71 40 90 26 42 33 86 64 54 92 89 27 22 82 20 75 7 83 19 68 56 74 44 24 73 53 72 48 35 85 31 58 79 96 17 91 98 23 67 18 10 39 16 95 3 97 69 81 70 37 57 51 45 99 34 77 93 8 9 2 6 46 84 1 30 76 38 13 65 59 12 61 41 28 11 62 66 14 94 87 63 43 29 88 47 50 80 36 60 32 100 25 
100 82 98 87 16 52 5 22 41 72 40 37 56 95 24 55 19 90 86 17 79 2 80 25 4 93 3 26 34 100 46 76 12 88 89 21 78 74 15 6 30 47 81 62 43 92 33 11 8 54 85 64 20 9 50 32 10 75 29 44 53 35 45 84 91 1 83 71 36 99 67 7 61 60 65 38 23 77 13 31 63 27 28 66 59 97 42 70 57 49 73 58 48 69 39 51 18 96 68 14 94 
100 90 15 60 56 92 65 18 87 59 6 70 13 100 94 84 50 46 10 24 82 31 83 97 98 23 30 55 17 96 58 21 42 39 68 22 40 79 76 74 4 51 12 20 72 27 66 5 62 3 89 80 37 93 1 34 41 49 95 64 7 11 61 52 32 25 63 48 33 47 45 29 9 43 57 19 26 38 77 69 73 91 16 67 99 54 78 8 14 36 81 88 85 71 75 28 53 35 2 44 86 
100 59 21 91 94 58 29 50 61 80 28 60 1 72 26 32 14 47 35 9 49 54 84 98 69 52 57 33 7 64 81 16 82 88 31 5 11 27 71 37 17 63 74 51 92 78 67 83 48 56 3 2 23 93 97 96 34 4 43 75 46 13 100 41 65 76 95 55 25 85 40 86 45 90 22 15 70 44 8 39 73 77 18 10 87 36 42 99 66 24 20 53 12 89 79 68 62 6 19 30 38 
100 67 95 34 84 71 2 63 30 88 13 16 9 81 83 74 23 7 38 14 92 19 56 89 66 24 50 58 96 39 61 21 11 82 40 31 77 33 68 35 45 98 49 85 48 69 57 72 28 42 52 70 51 10 18 29 53 5 8 15 26 90 1 87 75 93 59 12 99 100 25 80 64 4 6 60 94 20 3 86 22 44 36 79 62 78 43 76 65 47 27 37 17 91 55 32 97 41 73 54 46 
100 30 24 11 99 83 74 55 64 19 49 67 87 3 85 35 21 52 41 59 28 69 89 14 61 97 73 2 43 66 51 63 81 17 82 76 13 39 4 9 93 84 20 80 1 65 88 47 33 7 26 54 46 57 77 91 86 45 23 71 22 5 96 70 72 29 94 100 18 12 44 68 6 38 95 50 92 40 98 8 10 15 42 48 32 53 90 27 62 34 60 31 56 58 16 36 75 25 37 79 78 
100 37 42 15 39 53 13 12 10 96 65 69 26 17 23 59 19 49 91 36 54 90 44 75 82 92 84 40 7 6 45 93 34 5 56 86 31 89 9 25 28 48 67 24 80 33 1 27 22 79 63 55 57 58 81 52 2 41 98 18 35 83 99 74 20 70 95 3 29 100 61 64 85 72 30 47 77 62 71 51 88 16 21 4 60 46 68 87 94 66 50 14 78 73 38 8 43 76 32 11 97 
100 82 91 39 37 66 34 46 78 53 18 19 16 55 36 3 57 64 69 28 31 65 58 79 21 41 76 70 75 73 38 10 9 63 6 94 67 23 7 96 77 61 35 99 71 100 56 42 74 81 12 68 22 62 90 85 98 49 24 30 44 88 29 84 59 13 89 52 80 95 93 72 47 1 17 8 50 92 26 83 87 2 5 4 33 51 60 14 11 25 45 20 40 15 27 86 97 32 48 43 54 
100 34 43 22 8 53 91 40 25 61 80 68 72 11 26 77 79 7 83 66 16 92 24 49 36 35 42 13 93 89 62 32 28 51 14 73 76 3 31 86 78 82 60 30 59 70 97 23 50 37 52 69 17 4 65 48 21 38 88 81 10 15 74 44 67 5 63 19 54 95 33 20 45 98 87 100 57 2 39 18 64 12 6 46 58 75 9 90 47 94 1 84 85 27 56 96 41 55 99 29 71 
100 12 89 20 51 26 66 94 23 77 98 48 24 17 15 11 29 5 56 59 4 73 75 83 55 80 81 85 34 53 68 84 42 1 78 69 14 2 19 30 10 76 6 41 8 70 57 64 25 60 62 40 100 9 7 52 44 96 36 22 47 21 92 74 3 18 31 13 37 27 61 43 38 72 91 71 33 50 49 45 58 16 65 46 28 93 82 99 35 86 63 54 79 97 95 87 32 39 88 90 67 
100 83 51 20 18 88 91 43 61 3 6 12 39 37 69 11 62 49 1 36 42 35 84 17 58 81 70 32 29 80 73 26 76 59 28 89 82 97 57 90 95 63 45 74 27 15 53 77 48 78 21 5 54 9 50 71 46 68 8 4 79 75 30 72 100 96 99 65 13 41 55 23 34 85 14 2 33 94 16 38 66 22 56 98 40 24 25 19 93 60 52 92 10 47 67 7 87 44 31 64 86 
100 14 42 67 66 11 50 90 12 54 68 20 29 76 10 13 22 33 59 41 81 21 36 45 91 5 84 100 60 6 3 83 31 71 70 56 46 48 15 52 7 73 63 77 79 32 18 23 30 27 69 2 99 64 89 8 87 94 51 86 44 53 88 78 58 96 38 9 47 80 61 39 26 57 55 74 24 82 40 72 85 34 75 65 49 37 95 4 16 35 43 19 25 28 62 93 98 92 17 1 97 
100 90 72 53 1 18 93 26 52 79 44 43 88 36 17 22 80 67 81 40 38 31 75 2 66 56 19 41 62 97 61 7 60 76 15 46 77 85 20 57 48 95 96 69 6 55 33 73 68 39 86 30 4 45 14 99 71 74 84 82 35 21 10 24 32 65 13 70 34 83 78 27 98 5 51 94 12 89 50 92 63 16 8 49 11 91 42 47 29 3 100 25 64 9 23 54 28 37 59 58 87 
100 76 32 29 50 97 72 18 82 4 55 27 51 39 70 36 87 92 44 52 9 90 24 20 83 68 69 86 71 78 47 10 42 48 75 43 60 80 46 95 98 34 19 14 35 93 57 66 17 54 65 77 12 89 59 96 63 3 41 33 91 30 11 23 67 21 45 64 2 81 1 25 7 28 5 16 26 73 85 49 58 79 8 38 99 61 6 31 22 100 88 53 37 62 15 40 56 74 13 84 94 
100 97 58 52 84 69 32 89 25 40 42 72 30 19 13 64 10 59 26 68 45 33 96 29 27 23 38 6 63 66 75 34 76 18 65 7 87 9 24 92 20 86 15 50 11 14 99 21 53 88 4 62 57 31 94 35 71 91 95 5 77 67 49 78 37 43 70 41 98 80 12 54 39 3 74 83 73 100 44 55 22 60 17 56 1 36 81 79 61 46 47 28 48 2 51 82 16 8 90 93 85 
100 98 30 68 96 67 14 18 2 13 33 44 61 34 55 63 94 99 6 54 21 23 31 52 48 74 26 62 92 32 46 82 17 12 9 47 51 35 90 15 16 83 93 10 39 24 69 100 11 87 95 81 28 85 86 19 20 91 27 29 77 97 76 56 80 37 36 59 65 58 53 66 5 45 49 38 79 8 7 78 72 84 43 64 89 1 88 60 25 3 73 50 41 75 40 71 4 57 22 42 70 
100 47 79 66 95 17 87 77 27 33 75 67 81 29 28 80 92 11 61 40 62 43 46 53 42 86 38 22 82 4 23 24 76 30 2 32 51 35 26 74 18 6 72 73 50 69 49 10 19 48 41 99 34 37 89 65 97 90 14 25 3 93 1 44 98 12 15 60 85 21 63 52 36 54 7 20 55 13 58 96 9 78 57 56 70 64 84 31 83 88 100 5 94 16 8 59 39 71 45 68 91 
100 99 19 14 50 52 79 28 92 5 36 11 44 49 45 23 30 64 6 91 73 20 82 63 8 9 58 67 24 88 90 86 89 3 43 78 34 98 41 26 62 72 10 69 25 29 61 55 46 57 93 70 51 31 100 2 96 60 7 81 33 13 48 80 12 85 27 40 18 38 21 87 54 17 66 42 1 39 71 74 76 77 83 53 75 59 37 56 97 68 47 95 22 65 35 16 4 32 94 15 84 
100 40 37 95 23 43 99 76 35 82 79 44 63 20 33 29 41 83 34 26 31 78 22 59 58 8 57 86 4 69 15 92 47 25 90 1 91 14 16 9 27 72 87 12 46 52 50 81 54 3 68 21 49 62 2 100 84 98 45 94 13 7 67 28 56 85 89 6 88 36 24 66 18 55 42 77 32 96 5 60 39 97 80 61 93 71 73 65 48 75 38 17 53 70 64 30 19 10 11 74 51 
100 89 59 45 46 76 40 34 4 17 63 33 66 19 6 11 42 50 7 65 36 18 81 100 90 86 24 38 92 52 97 85 5 26 74 78 94 70 82 47 48 51 32 72 69 39 25 3 80 60 56 28 16 61 2 8 35 44 30 64 53 14 13 41 95 55 22 54 98 31 71 15 67 68 9 99 73 87 27 10 57 37 96 83 29 12 49 75 77 21 91 62 20 93 43 58 88 79 84 23 1 
100 71 52 92 31 51 73 79 39 70 83 32 84 68 22 27 57 11 74 69 3 76 5 16 35 96 14 17 28 38 95 87 21 65 46 49 43 9 77 63 53 20 23 6 58 18 81 25 86 12 15 29 82 13 54 37 78 40 62 24 67 56 59 1 10 30 94 19 100 99 85 33 93 98 97 7 89 47 48 34 50 72 60 90 4 41 8 55 2 61 64 91 44 88 26 36 75 66 42 45 80 
100 17 90 84 79 21 97 64 1 13 73 71 96 92 57 63 16 91 59 41 2 30 76 52 42 61 34 68 29 69 39 100 67 46 12 93 35 56 31 3 82 49 33 32 98 25 51 10 6 88 75 23 70 7 54 65 28 40 99 47 24 62 38 50 27 15 43 83 53 86 78 80 4 36 26 9 87 77 37 18 22 58 72 66 8 45 20 94 89 74 95 81 55 48 11 19 5 85 60 44 14 
100 16 2 44 14 15 11 18 78 64 24 79 95 97 100 90 32 9 63 39 83 94 23 71 25 93 68 81 49 36 40 54 77 43 48 91 65 30 87 38 67 45 56 6 80 66 21 85 58 34 35 3 4 19 46 57 41 61 26 7 75 27 10 73 17 13 51 69 29 42 89 74 84 55 8 12 5 59 99 52 70 1 76 92 31 22 62 50 47 20 33 88 86 82 98 72 96 37 60 28 53 
100 28 75 100 62 77 66 71 36 55 56 53 84 79 14 18 35 98 12 17 21 89 67 26 94 78 1 60 88 63 70 54 32 24 50 29 96 13 22 95 23 7 43 37 76 86 19 64 65 30 25 8 83 27 97 41 38 9 31 69 81 68 58 15 2 46 20 42 92 87 80 51 57 85 3 91 45 6 49 39 47 5 34 99 40 10 11 90 33 72 74 82 61 44 4 73 48 16 52 93 59 
100 57 93 84 37 10 92 19 32 79 54 43 47 29 100 49 75 33 59 12 80 96 63 70 35 11 18 99 13 16 58 77 68 40 21 24 6 62 90 97 78 95 86 5 85 44 71 89 2 83 4 52 55 69 46 1 7 73 27 82 98 42 38 26 61 3 8 74 17 36 65 20 30 23 14 94 22 9 25 41 91 64 28 45 67 66 81 50 72 88 76 34 51 48 31 60 56 15 87 39 53 
100 18 39 50 93 2 79 73 28 33 88 98 25 61 37 51 5 62 76 69 91 90 66 22 84 82 13 32 67 80 16 96 54 99 52 47 12 43 75 68 14 49 42 35 19 78 11 40 8 24 87 97 100 6 71 89 21 34 26 72 10 55 27 7 57 17 77 44 83 92 31 29 20 59 85 4 45 63 15 58 38 74 94 70 56 1 60 64 3 86 23 30 48 65 9 95 81 53 41 36 46 
100 45 37 51 53 11 69 44 62 32 22 90 94 82 10 28 56 95 17 74 24 75 5 100 46 88 85 35 12 67 42 93 98 29 21 19 50 49 60 61 79 76 58 54 43 15 59 31 80 57 99 3 66 26 40 91 39 83 68 78 64 34 13 41 25 84 89 73 52 36 87 71 96 47 14 63 4 6 16 23 97 65 1 9 33 55 2 20 27 81 86 77 72 7 48 38 70 92 8 30 18 
100 94 75 66 67 56 50 20 89 87 95 36 7 71 40 19 78 53 61 85 51 25 63 58 27 37 11 16 73 77 28 5 49 54 86 65 88 93 90 44 18 97 31 15 35 46 47 38 52 62 34 42 81 79 26 72 4 76 68 57 33 45 55 29 9 92 24 60 91 2 43 10 6 13 17 48 8 82 99 39 80 98 41 3 32 100 70 64 74 21 84 22 14 12 1 83 96 59 30 23 69 
100 71 5 64 96 1 66 44 7 37 53 67 48 99 82 54 94 6 88 69 23 97 92 12 72 83 98 27 89 63 40 4 58 59 30 46 91 55 90 17 3 19 11 85 13 20 60 31 65 73 74 35 15 100 80 49 34 36 22 42 93 57 79 78 86 29 32 39 28 68 25 21 16 50 84 33 14 81 56 10 61 77 45 95 2 9 18 43 70 62 47 8 24 75 51 26 38 52 87 76 41 
100 98 69 67 70 81 12 46 68 97 57 15 89 9 54 55 77 42 23 10 3 28 18 35 29 40 52 1 48 38 26 64 41 32 20 21 11 34 39 45 2 56 17 75 90 62 30 85 99 33 76 27 72 93 31 44 8 37 19 88 94 13 24 73 50 59 63 4 95 100 91 82 36 47 53 79 84 49 16 58 22 61 78 96 60 80 25 83 86 71 74 5 14 43 66 92 7 51 87 6 65 
100 98 56 97 20 76 54 70 30 31 13 3 33 86 6 72 8 19 63 65 64 68 44 78 67 96 23 58 10 66 61 9 2 41 21 95 49 90 74 42 81 43 37 11 85 82 69 18 26 80 59 87 29 35 32 40 77 4 39 55 75 73 51 45 7 46 100 57 60 89 83 36 27 28 34 22 79 47 91 94 17 84 88 92 52 1 48 16 99 50 62 25 93 38 12 24 14 53 5 71 15 
100 1 75 9 47 35 60 54 57 91 13 48 44 99 52 39 45 92 53 78 100 95 69 31 37 24 59 29 70 64 73 6 22 16 74 87 61 2 55 4 28 46 36 10 84 3 77 14 11 82 71 19 98 85 96 26 49 43 76 65 34 33 86 80 20 97 7 42 51 67 30 21 41 90 66 93 72 89 50 32 27 15 79 5 83 62 40 38 18 63 68 23 8 17 81 25 94 58 88 12 56 
100 79 12 94 55 83 65 99 58 85 50 69 31 90 10 11 62 87 35 53 78 49 42 92 5 33 88 51 60 23 81 76 86 4 80 59 75 46 82 93 9 96 38 14 16 7 36 20 8 39 54 29 24 84 77 47 67 21 27 26 66 37 40 89 45 2 74 68 98 56 48 43 73 63 13 57 18 17 3 95 19 41 15 71 22 64 30 1 52 70 25 34 91 100 6 32 44 97 28 61 72 
100 65 60 5 83 19 66 11 74 49 81 23 45 24 53 87 61 90 44 39 4 29 73 78 20 26 54 34 25 97 35 62 80 79 63 8 16 43 99 71 77 42 3 91 86 88 68 28 51 17 47 76 98 92 18 67 50 31 36 15 52 100 33 69 38 6 21 13 46 14 72 57 70 48 41 96 75 12 30 55 64 58 82 22 94 84 9 40 37 2 27 85 93 59 7 10 32 95 56 89 1 
100 22 12 1 51 67 46 91 80 19 99 95 75 94 48 83 23 10 37 40 66 88 89 17 71 60 58 20 79 84 52 14 11 50 29 21 4 70 18 68 6 16 55 30 77 36 32 62 96 47 45 57 8 56 33 63 86 35 2 92 97 64 100 90 74 78 49 43 61 9 81 25 13 27 28 69 41 39 24 85 3 93 59 76 53 82 65 7 15 98 26 5 44 38 42 73 54 31 72 87 34 
100 43 58 61 2 23 4 57 53 12 31 40 73 7 47 44 64 77 49 94 16 45 25 78 6 54 68 52 20 72 3 33 46 37 83 84 28 93 97 17 51 88 32 99 1 21 82 50 35 71 22 34 41 70 8 18 27 76 81 100 9 36 13 66 90 24 11 14 15 10 5 38 89 62 29 19 69 85 56 98 74 96 87 30 95 48 92 42 26 65 75 39 79 86 67 91 80 63 59 60 55 
100 83 12 36 71 66 40 67 24 2 85 93 27 43 38 58 34 88 16 60 64 84 3 75 54 92 87 47 81 15 25 79 22 30 17 45 56 13 33 94 91 78 11 7 8 80 9 52 21 29 28 61 37 55 31 53 6 57 51 68 35 100 97 50 96 76 26 99 63 4 18 39 19 74 46 95 98 70 14 82 77 1 89 59 5 10 42 62 73 65 69 49 90 72 44 86 20 41 48 32 23 
100 62 12 84 86 10 21 30 48 61 88 6 9 71 81 20 99 82 3 79 65 56 31 41 32 63 98 37 93 83 74 36 38 85 47 58 40 55 66 70 89 59 78 2 35 52 15 26 100 13 5 94 34 72 49 8 28 60 46 16 11 18 14 24 33 45 67 69 97 25 29 73 51 53 23 77 95 43 42 64 39 7 4 90 92 1 57 87 19 27 68 44 96 76 50 17 75 22 54 80 91 
100 99 27 41 98 24 32 57 18 96 85 53 89 48 67 20 29 61 36 51 91 46 64 86 26 80 66 69 47 70 58 38 78 73 39 7 97 74 40 21 79 50 59 60 90 52 10 2 13 88 23 95 25 30 100 94 17 14 75 68 49 4 43 6 34 44 19 83 55 22 63 54 92 87 76 31 71 12 9 45 5 11 35 8 3 56 93 77 28 81 1 16 15 33 37 42 84 65 72 62 82 
100 25 65 88 7 42 15 4 20 41 55 10 8 48 68 96 40 54 31 75 52 83 87 46 80 71 74 62 38 93 58 5 67 27 99 6 50 1 17 33 16 35 73 85 24 94 82 78 19 90 30 49 95 61 36 11 2 37 18 81 79 76 89 23 13 86 39 43 97 12 91 14 84 3 29 56 70 26 44 64 63 22 66 47 69 32 60 57 9 51 98 72 21 34 100 77 28 92 53 59 45 
100 93 60 75 41 36 15 91 25 40 90 61 32 20 19 5 79 37 76 38 89 31 97 56 98 23 26 77 34 39 33 65 47 96 29 17 13 35 18 1 16 99 43 57 27 9 62 74 7 10 87 30 83 55 68 94 67 4 82 78 14 100 69 50 84 53 28 3 86 46 85 63 95 72 58 52 44 73 49 64 80 51 70 6 42 66 71 24 21 45 8 48 92 59 12 11 88 54 81 22 2 
100 61 40 92 55 16 95 7 34 71 6 25 85 19 14 68 31 63 77 80 18 43 29 46 36 56 8 90 32 50 53 28 97 91 96 76 20 94 89 37 70 24 58 26 87 48 84 64 65 75 42 98 82 81 2 57 15 60 30 10 69 62 5 54 99 73 39 13 100 27 72 88 12 67 22 44 41 11 33 83 23 78 35 49 17 74 21 47 38 4 86 79 3 1 45 9 59 66 52 93 51 
100 9 11 12 68 66 89 62 63 35 27 46 1 43 19 95 29 93 85 55 100 80 8 50 41 31 78 3 44 73 56 36 32 15 97 7 72 90 70 74 4 87 23 52 53 81 51 33 45 54 98 94 39 26 92 16 38 79 5 18 96 86 88 25 64 30 47 37 42 2 13 60 82 77 61 48 59 75 58 24 22 10 14 49 21 65 17 40 99 6 20 34 76 67 71 57 84 91 69 83 28 
100 33 26 20 54 91 86 71 89 16 84 52 57 64 31 17 30 15 99 7 44 27 55 38 67 63 21 45 58 9 80 23 25 36 39 60 47 19 92 56 78 66 90 73 6 87 48 68 8 49 5 34 28 42 83 18 53 12 70 37 93 29 95 96 100 4 69 61 43 82 76 22 2 94 13 41 51 79 14 11 40 50 85 97 10 46 3 32 65 62 1 75 72 24 74 98 81 88 77 59 35 
100 34 62 70 76 71 13 1 22 67 21 24 11 99 29 96 78 86 64 88 72 26 41 46 20 92 30 9 66 55 35 91 38 79 87 53 97 17 33 63 32 65 51 74 44 12 50 83 80 8 19 89 31 39 56 28 37 43 75 10 16 90 58 15 81 4 94 49 84 59 60 36 95 48 14 68 23 47 52 82 85 42 27 7 61 54 25 100 57 3 77 98 6 93 18 69 45 5 73 2 40 
100 73 17 77 11 15 65 24 67 95 41 88 96 51 38 54 8 32 12 53 56 5 7 40 6 78 97 1 64 85 14 30 23 3 16 52 89 2 4 83 34 82 31 66 21 99 98 43 100 75 22 71 42 61 62 68 45 58 13 92 86 27 90 25 49 76 84 28 37 35 46 57 18 48 55 72 29 39 50 36 91 81 9 59 26 70 93 87 74 47 79 19 20 44 63 10 94 60 69 33 80 
100 93 30 49 63 75 95 28 99 44 66 72 12 90 64 85 18 54 50 89 22 100 8 86 40 4 57 21 35 61 6 34 58 55 92 79 59 1 42 31 68 14 77 13 33 45 69 24 94 60 41 62 36 23 84 88 32 91 80 81 27 43 52 11 74 65 20 73 2 70 37 83 39 5 96 78 46 19 3 53 97 9 56 98 67 82 48 26 29 47 10 16 7 71 25 17 87 51 76 38 15 
100 93 30 49 63 75 95 28 99 44 66 72 12 90 64 85 18 54 50 89 22 100 8 86 40 4 57 21 35 61 6 34 58 55 92 79 59 1 42 31 68 14 77 13 33 45 69 24 94 60 41 62 36 23 84 88 32 91 80 81 27 43 52 11 74 65 20 73 2 70 37 83 39 5 96 78 46 19 3 53 97 9 56 98 67 82 48 26 29 47 10 16 7 71 25 17 87 51 76 38 15 
100 93 30 49 63 75 95 28 99 44 66 72 12 90 64 85 18 54 50 89 22 100 8 86 40 4 57 21 35 61 6 34 58 55 92 79 59 1 42 31 68 14 77 13 33 45 69 24 94 60 41 62 36 23 84 88 32 91 80 81 27 43 52 11 74 65 20 73 2 70 37 83 39 5 96 78 46 19 3 53 97 9 56 98 67 82 48 26 29 47 10 16 7 71 25 17 87 51 76 38 15 
100 93 30 49 63 75 95 28 99 44 66 72 12 90 64 85 18 54 50 89 22 100 8 86 40 4 57 21 35 61 6 34 58 55 92 79 59 1 42 31 68 14 77 13 33 45 69 24 94 60 41 62 36 23 84 88 32 91 80 81 27 43 52 11 74 65 20 73 2 70 37 83 39 5 96 78 46 19 3 53 97 9 56 98 67 82 48 26 29 47 10 16 7 71 25 17 87 51 76 38 15 
100 93 30 49 63 75 95 28 99 44 66 72 12 90 64 85 18 54 50 89 22 100 8 86 40 4 57 21 35 61 6 34 58 55 92 79 59 1 42 31 68 14 77 13 33 45 69 24 94 60 41 62 36 23 84 88 32 91 80 81 27 43 52 11 74 65 20 73 2 70 37 83 39 5 96 78 46 19 3 53 97 9 56 98 67 82 48 26 29 47 10 16 7 71 25 17 87 51 76 38 15 
100 93 30 49 63 75 95 28 99 44 66 72 12 90 64 85 18 54 50 89 22 100 8 86 40 4 57 21 35 61 6 34 58 55 92 79 59 1 42 31 68 14 77 13 33 45 69 24 94 60 41 62 36 23 84 88 32 91 80 81 27 43 52 11 74 65 20 73 2 70 37 83 39 5 96 78 46 19 3 53 97 9 56 98 67 82 48 26 29 47 10 16 7 71 25 17 87 51 76 38 15 
100 93 30 49 63 75 95 28 99 44 66 72 12 90 64 85 18 54 50 89 22 100 8 86 40 4 57 21 35 61 6 34 58 55 92 79 59 1 42 31 68 14 77 13 33 45 69 24 94 60 41 62 36 23 84 88 32 91 80 81 27 43 52 11 74 65 20 73 2 70 37 83 39 5 96 78 46 19 3 53 97 9 56 98 67 82 48 26 29 47 10 16 7 71 25 17 87 51 76 38 15 
100 93 30 49 63 75 95 28 99 44 66 72 12 90 64 85 18 54 50 89 22 100 8 86 40 4 57 21 35 61 6 34 58 55 92 79 59 1 42 31 68 14 77 13 33 45 69 24 94 60 41 62 36 23 84 88 32 91 80 81 27 43 52 11 74 65 20 73 2 70 37 83 39 5 96 78 46 19 3 53 97 9 56 98 67 82 48 26 29 47 10 16 7 71 25 17 87 51 76 38 15 
100 93 30 49 63 75 95 28 99 44 66 72 12 90 64 85 18 54 50 89 22 100 8 86 40 4 57 21 35 61 6 34 58 55 92 79 59 1 42 31 68 14 77 13 33 45 69 24 94 60 41 62 36 23 84 88 32 91 80 81 27 43 52 11 74 65 20 73 2 70 37 83 39 5 96 78 46 19 3 53 97 9 56 98 67 82 48 26 29 47 10 16 7 71 25 17 87 51 76 38 15 
100 93 30 49 63 75 95 28 99 44 66 72 12 90 64 85 18 54 50 89 22 100 8 86 40 4 57 21 35 61 6 34 58 55 92 79 59 1 42 31 68 14 77 13 33 45 69 24 94 60 41 62 36 23 84 88 32 91 80 81 27 43 52 11 74 65 20 73 2 70 37 83 39 5 96 78 46 19 3 53 97 9 56 98 67 82 48 26 29 47 10 16 7 71 25 17 87 51 76 38 15 
100 93 30 49 63 75 95 28 99 44 66 72 12 90 64 85 18 54 50 89 22 100 8 86 40 4 57 21 35 61 6 34 58 55 92 79 59 1 42 31 68 14 77 13 33 45 69 24 94 60 41 62 36 23 84 88 32 91 80 81 27 43 52 11 74 65 20 73 2 70 37 83 39 5 96 78 46 19 3 53 97 9 56 98 67 82 48 26 29 47 10 16 7 71 25 17 87 51 76 38 15 
100 93 30 49 63 75 95 28 99 44 66 72 12 90 64 85 18 54 50 89 22 100 8 86 40 4 57 21 35 61 6 34 58 55 92 79 59 1 42 31 68 14 77 13 33 45 69 24 94 60 41 62 36 23 84 88 32 91 80 81 27 43 52 11 74 65 20 73 2 70 37 83 39 5 96 78 46 19 3 53 97 9 56 98 67 82 48 26 29 47 10 16 7 71 25 17 87 51 76 38 15 
100 93 30 49 63 75 95 28 99 44 66 72 12 90 64 85 18 54 50 89 22 100 8 86 40 4 57 21 35 61 6 34 58 55 92 79 59 1 42 31 68 14 77 13 33 45 69 24 94 60 41 62 36 23 84 88 32 91 80 81 27 43 52 11 74 65 20 73 2 70 37 83 39 5 96 78 46 19 3 53 97 9 56 98 67 82 48 26 29 47 10 16 7 71 25 17 87 51 76 38 15 
100 93 30 49 63 75 95 28 99 44 66 72 12 90 64 85 18 54 50 89 22 100 8 86 40 4 57 21 35 61 6 34 58 55 92 79 59 1 42 31 68 14 77 13 33 45 69 24 94 60 41 62 36 23 84 88 32 91 80 81 27 43 52 11 74 65 20 73 2 70 37 83 39 5 96 78 46 19 3 53 97 9 56 98 67 82 48 26 29 47 10 16 7 71 25 17 87 51 76 38 15 
100 93 30 49 63 75 95 28 99 44 66 72 12 90 64 85 18 54 50 89 22 100 8 86 40 4 57 21 35 61 6 34 58 55 92 79 59 1 42 31 68 14 77 13 33 45 69 24 94 60 41 62 36 23 84 88 32 91 80 81 27 43 52 11 74 65 20 73 2 70 37 83 39 5 96 78 46 19 3 53 97 9 56 98 67 82 48 26 29 47 10 16 7 71 25 17 87 51 76 38 15 
100 93 30 49 63 75 95 28 99 44 66 72 12 90 64 85 18 54 50 89 22 100 8 86 40 4 57 21 35 61 6 34 58 55 92 79 59 1 42 31 68 14 77 13 33 45 69 24 94 60 41 62 36 23 84 88 32 91 80 81 27 43 52 11 74 65 20 73 2 70 37 83 39 5 96 78 46 19 3 53 97 9 56 98 67 82 48 26 29 47 10 16 7 71 25 17 87 51 76 38 15 
100 93 30 49 63 75 95 28 99 44 66 72 12 90 64 85 18 54 50 89 22 100 8 86 40 4 57 21 35 61 6 34 58 55 92 79 59 1 42 31 68 14 77 13 33 45 69 24 94 60 41 62 36 23 84 88 32 91 80 81 27 43 52 11 74 65 20 73 2 70 37 83 39 5 96 78 46 19 3 53 97 9 56 98 67 82 48 26 29 47 10 16 7 71 25 17 87 51 76 38 15 
100 93 30 49 63 75 95 28 99 44 66 72 12 90 64 85 18 54 50 89 22 100 8 86 40 4 57 21 35 61 6 34 58 55 92 79 59 1 42 31 68 14 77 13 33 45 69 24 94 60 41 62 36 23 84 88 32 91 80 81 27 43 52 11 74 65 20 73 2 70 37 83 39 5 96 78 46 19 3 53 97 9 56 98 67 82 48 26 29 47 10 16 7 71 25 17 87 51 76 38 15 
100 93 30 49 63 75 95 28 99 44 66 72 12 90 64 85 18 54 50 89 22 100 8 86 40 4 57 21 35 61 6 34 58 55 92 79 59 1 42 31 68 14 77 13 33 45 69 24 94 60 41 62 36 23 84 88 32 91 80 81 27 43 52 11 74 65 20 73 2 70 37 83 39 5 96 78 46 19 3 53 97 9 56 98 67 82 48 26 29 47 10 16 7 71 25 17 87 51 76 38 15 
100 93 30 49 63 75 95 28 99 44 66 72 12 90 64 85 18 54 50 89 22 100 8 86 40 4 57 21 35 61 6 34 58 55 92 79 59 1 42 31 68 14 77 13 33 45 69 24 94 60 41 62 36 23 84 88 32 91 80 81 27 43 52 11 74 65 20 73 2 70 37 83 39 5 96 78 46 19 3 53 97 9 56 98 67 82 48 26 29 47 10 16 7 71 25 17 87 51 76 38 15 
100 93 30 49 63 75 95 28 99 44 66 72 12 90 64 85 18 54 50 89 22 100 8 86 40 4 57 21 35 61 6 34 58 55 92 79 59 1 42 31 68 14 77 13 33 45 69 24 94 60 41 62 36 23 84 88 32 91 80 81 27 43 52 11 74 65 20 73 2 70 37 83 39 5 96 78 46 19 3 53 97 9 56 98 67 82 48 26 29 47 10 16 7 71 25 17 87 51 76 38 15 
100 93 30 49 63 75 95 28 99 44 66 72 12 90 64 85 18 54 50 89 22 100 8 86 40 4 57 21 35 61 6 34 58 55 92 79 59 1 42 31 68 14 77 13 33 45 69 24 94 60 41 62 36 23 84 88 32 91 80 81 27 43 52 11 74 65 20 73 2 70 37 83 39 5 96 78 46 19 3 53 97 9 56 98 67 82 48 26 29 47 10 16 7 71 25 17 87 51 76 38 15 
100 93 30 49 63 75 95 28 99 44 66 72 12 90 64 85 18 54 50 89 22 100 8 86 40 4 57 21 35 61 6 34 58 55 92 79 59 1 42 31 68 14 77 13 33 45 69 24 94 60 41 62 36 23 84 88 32 91 80 81 27 43 52 11 74 65 20 73 2 70 37 83 39 5 96 78 46 19 3 53 97 9 56 98 67 82 48 26 29 47 10 16 7 71 25 17 87 51 76 38 15 
100 93 30 49 63 75 95 28 99 44 66 72 12 90 64 85 18 54 50 89 22 100 8 86 40 4 57 21 35 61 6 34 58 55 92 79 59 1 42 31 68 14 77 13 33 45 69 24 94 60 41 62 36 23 84 88 32 91 80 81 27 43 52 11 74 65 20 73 2 70 37 83 39 5 96 78 46 19 3 53 97 9 56 98 67 82 48 26 29 47 10 16 7 71 25 17 87 51 76 38 15 
100 93 30 49 63 75 95 28 99 44 66 72 12 90 64 85 18 54 50 89 22 100 8 86 40 4 57 21 35 61 6 34 58 55 92 79 59 1 42 31 68 14 77 13 33 45 69 24 94 60 41 62 36 23 84 88 32 91 80 81 27 43 52 11 74 65 20 73 2 70 37 83 39 5 96 78 46 19 3 53 97 9 56 98 67 82 48 26 29 47 10 16 7 71 25 17 87 51 76 38 15 
100 93 30 49 63 75 95 28 99 44 66 72 12 90 64 85 18 54 50 89 22 100 8 86 40 4 57 21 35 61 6 34 58 55 92 79 59 1 42 31 68 14 77 13 33 45 69 24 94 60 41 62 36 23 84 88 32 91 80 81 27 43 52 11 74 65 20 73 2 70 37 83 39 5 96 78 46 19 3 53 97 9 56 98 67 82 48 26 29 47 10 16 7 71 25 17 87 51 76 38 15 
100 93 30 49 63 75 95 28 99 44 66 72 12 90 64 85 18 54 50 89 22 100 8 86 40 4 57 21 35 61 6 34 58 55 92 79 59 1 42 31 68 14 77 13 33 45 69 24 94 60 41 62 36 23 84 88 32 91 80 81 27 43 52 11 74 65 20 73 2 70 37 83 39 5 96 78 46 19 3 53 97 9 56 98 67 82 48 26 29 47 10 16 7 71 25 17 87 51 76 38 15 
100 93 30 49 63 75 95 28 99 44 66 72 12 90 64 85 18 54 50 89 22 100 8 86 40 4 57 21 35 61 6 34 58 55 92 79 59 1 42 31 68 14 77 13 33 45 69 24 94 60 41 62 36 23 84 88 32 91 80 81 27 43 52 11 74 65 20 73 2 70 37 83 39 5 96 78 46 19 3 53 97 9 56 98 67 82 48 26 29 47 10 16 7 71 25 17 87 51 76 38 15 
100 93 30 49 63 75 95 28 99 44 66 72 12 90 64 85 18 54 50 89 22 100 8 86 40 4 57 21 35 61 6 34 58 55 92 79 59 1 42 31 68 14 77 13 33 45 69 24 94 60 41 62 36 23 84 88 32 91 80 81 27 43 52 11 74 65 20 73 2 70 37 83 39 5 96 78 46 19 3 53 97 9 56 98 67 82 48 26 29 47 10 16 7 71 25 17 87 51 76 38 15 
100 93 30 49 63 75 95 28 99 44 66 72 12 90 64 85 18 54 50 89 22 100 8 86 40 4 57 21 35 61 6 34 58 55 92 79 59 1 42 31 68 14 77 13 33 45 69 24 94 60 41 62 36 23 84 88 32 91 80 81 27 43 52 11 74 65 20 73 2 70 37 83 39 5 96 78 46 19 3 53 97 9 56 98 67 82 48 26 29 47 10 16 7 71 25 17 87 51 76 38 15 
100 93 30 49 63 75 95 28 99 44 66 72 12 90 64 85 18 54 50 89 22 100 8 86 40 4 57 21 35 61 6 34 58 55 92 79 59 1 42 31 68 14 77 13 33 45 69 24 94 60 41 62 36 23 84 88 32 91 80 81 27 43 52 11 74 65 20 73 2 70 37 83 39 5 96 78 46 19 3 53 97 9 56 98 67 82 48 26 29 47 10 16 7 71 25 17 87 51 76 38 15 
100 93 30 49 63 75 95 28 99 44 66 72 12 90 64 85 18 54 50 89 22 100 8 86 40 4 57 21 35 61 6 34 58 55 92 79 59 1 42 31 68 14 77 13 33 45 69 24 94 60 41 62 36 23 84 88 32 91 80 81 27 43 52 11 74 65 20 73 2 70 37 83 39 5 96 78 46 19 3 53 97 9 56 98 67 82 48 26 29 47 10 16 7 71 25 17 87 51 76 38 15 
100 93 30 49 63 75 95 28 99 44 66 72 12 90 64 85 18 54 50 89 22 100 8 86 40 4 57 21 35 61 6 34 58 55 92 79 59 1 42 31 68 14 77 13 33 45 69 24 94 60 41 62 36 23 84 88 32 91 80 81 27 43 52 11 74 65 20 73 2 70 37 83 39 5 96 78 46 19 3 53 97 9 56 98 67 82 48 26 29 47 10 16 7 71 25 17 87 51 76 38 15 
100 93 30 49 63 75 95 28 99 44 66 72 12 90 64 85 18 54 50 89 22 100 8 86 40 4 57 21 35 61 6 34 58 55 92 79 59 1 42 31 68 14 77 13 33 45 69 24 94 60 41 62 36 23 84 88 32 91 80 81 27 43 52 11 74 65 20 73 2 70 37 83 39 5 96 78 46 19 3 53 97 9 56 98 67 82 48 26 29 47 10 16 7 71 25 17 87 51 76 38 15 
100 93 30 49 63 75 95 28 99 44 66 72 12 90 64 85 18 54 50 89 22 100 8 86 40 4 57 21 35 61 6 34 58 55 92 79 59 1 42 31 68 14 77 13 33 45 69 24 94 60 41 62 36 23 84 88 32 91 80 81 27 43 52 11 74 65 20 73 2 70 37 83 39 5 96 78 46 19 3 53 97 9 56 98 67 82 48 26 29 47 10 16 7 71 25 17 87 51 76 38 15 
100 93 30 49 63 75 95 28 99 44 66 72 12 90 64 85 18 54 50 89 22 100 8 86 40 4 57 21 35 61 6 34 58 55 92 79 59 1 42 31 68 14 77 13 33 45 69 24 94 60 41 62 36 23 84 88 32 91 80 81 27 43 52 11 74 65 20 73 2 70 37 83 39 5 96 78 46 19 3 53 97 9 56 98 67 82 48 26 29 47 10 16 7 71 25 17 87 51 76 38 15 
100 93 30 49 63 75 95 28 99 44 66 72 12 90 64 85 18 54 50 89 22 100 8 86 40 4 57 21 35 61 6 34 58 55 92 79 59 1 42 31 68 14 77 13 33 45 69 24 94 60 41 62 36 23 84 88 32 91 80 81 27 43 52 11 74 65 20 73 2 70 37 83 39 5 96 78 46 19 3 53 97 9 56 98 67 82 48 26 29 47 10 16 7 71 25 17 87 51 76 38 15 
100 93 30 49 63 75 95 28 99 44 66 72 12 90 64 85 18 54 50 89 22 100 8 86 40 4 57 21 35 61 6 34 58 55 92 79 59 1 42 31 68 14 77 13 33 45 69 24 94 60 41 62 36 23 84 88 32 91 80 81 27 43 52 11 74 65 20 73 2 70 37 83 39 5 96 78 46 19 3 53 97 9 56 98 67 82 48 26 29 47 10 16 7 71 25 17 87 51 76 38 15 
100 93 30 49 63 75 95 28 99 44 66 72 12 90 64 85 18 54 50 89 22 100 8 86 40 4 57 21 35 61 6 34 58 55 92 79 59 1 42 31 68 14 77 13 33 45 69 24 94 60 41 62 36 23 84 88 32 91 80 81 27 43 52 11 74 65 20 73 2 70 37 83 39 5 96 78 46 19 3 53 97 9 56 98 67 82 48 26 29 47 10 16 7 71 25 17 87 51 76 38 15 
100 93 30 49 63 75 95 28 99 44 66 72 12 90 64 85 18 54 50 89 22 100 8 86 40 4 57 21 35 61 6 34 58 55 92 79 59 1 42 31 68 14 77 13 33 45 69 24 94 60 41 62 36 23 84 88 32 91 80 81 27 43 52 11 74 65 20 73 2 70 37 83 39 5 96 78 46 19 3 53 97 9 56 98 67 82 48 26 29 47 10 16 7 71 25 17 87 51 76 38 15 
100 93 30 49 63 75 95 28 99 44 66 72 12 90 64 85 18 54 50 89 22 100 8 86 40 4 57 21 35 61 6 34 58 55 92 79 59 1 42 31 68 14 77 13 33 45 69 24 94 60 41 62 36 23 84 88 32 91 80 81 27 43 52 11 74 65 20 73 2 70 37 83 39 5 96 78 46 19 3 53 97 9 56 98 67 82 48 26 29 47 10 16 7 71 25 17 87 51 76 38 15 
100 93 30 49 63 75 95 28 99 44 66 72 12 90 64 85 18 54 50 89 22 100 8 86 40 4 57 21 35 61 6 34 58 55 92 79 59 1 42 31 68 14 77 13 33 45 69 24 94 60 41 62 36 23 84 88 32 91 80 81 27 43 52 11 74 65 20 73 2 70 37 83 39 5 96 78 46 19 3 53 97 9 56 98 67 82 48 26 29 47 10 16 7 71 25 17 87 51 76 38 15 
100 93 30 49 63 75 95 28 99 44 66 72 12 90 64 85 18 54 50 89 22 100 8 86 40 4 57 21 35 61 6 34 58 55 92 79 59 1 42 31 68 14 77 13 33 45 69 24 94 60 41 62 36 23 84 88 32 91 80 81 27 43 52 11 74 65 20 73 2 70 37 83 39 5 96 78 46 19 3 53 97 9 56 98 67 82 48 26 29 47 10 16 7 71 25 17 87 51 76 38 15 
100 93 30 49 63 75 95 28 99 44 66 72 12 90 64 85 18 54 50 89 22 100 8 86 40 4 57 21 35 61 6 34 58 55 92 79 59 1 42 31 68 14 77 13 33 45 69 24 94 60 41 62 36 23 84 88 32 91 80 81 27 43 52 11 74 65 20 73 2 70 37 83 39 5 96 78 46 19 3 53 97 9 56 98 67 82 48 26 29 47 10 16 7 71 25 17 87 51 76 38 15 
100 93 30 49 63 75 95 28 99 44 66 72 12 90 64 85 18 54 50 89 22 100 8 86 40 4 57 21 35 61 6 34 58 55 92 79 59 1 42 31 68 14 77 13 33 45 69 24 94 60 41 62 36 23 84 88 32 91 80 81 27 43 52 11 74 65 20 73 2 70 37 83 39 5 96 78 46 19 3 53 97 9 56 98 67 82 48 26 29 47 10 16 7 71 25 17 87 51 76 38 15 
100 93 30 49 63 75 95 28 99 44 66 72 12 90 64 85 18 54 50 89 22 100 8 86 40 4 57 21 35 61 6 34 58 55 92 79 59 1 42 31 68 14 77 13 33 45 69 24 94 60 41 62 36 23 84 88 32 91 80 81 27 43 52 11 74 65 20 73 2 70 37 83 39 5 96 78 46 19 3 53 97 9 56 98 67 82 48 26 29 47 10 16 7 71 25 17 87 51 76 38 15 
100 93 30 49 63 75 95 28 99 44 66 72 12 90 64 85 18 54 50 89 22 100 8 86 40 4 57 21 35 61 6 34 58 55 92 79 59 1 42 31 68 14 77 13 33 45 69 24 94 60 41 62 36 23 84 88 32 91 80 81 27 43 52 11 74 65 20 73 2 70 37 83 39 5 96 78 46 19 3 53 97 9 56 98 67 82 48 26 29 47 10 16 7 71 25 17 87 51 76 38 15 
100 93 30 49 63 75 95 28 99 44 66 72 12 90 64 85 18 54 50 89 22 100 8 86 40 4 57 21 35 61 6 34 58 55 92 79 59 1 42 31 68 14 77 13 33 45 69 24 94 60 41 62 36 23 84 88 32 91 80 81 27 43 52 11 74 65 20 73 2 70 37 83 39 5 96 78 46 19 3 53 97 9 56 98 67 82 48 26 29 47 10 16 7 71 25 17 87 51 76 38 15 
100 93 30 49 63 75 95 28 99 44 66 72 12 90 64 85 18 54 50 89 22 100 8 86 40 4 57 21 35 61 6 34 58 55 92 79 59 1 42 31 68 14 77 13 33 45 69 24 94 60 41 62 36 23 84 88 32 91 80 81 27 43 52 11 74 65 20 73 2 70 37 83 39 5 96 78 46 19 3 53 97 9 56 98 67 82 48 26 29 47 10 16 7 71 25 17 87 51 76 38 15 
100 93 30 49 63 75 95 28 99 44 66 72 12 90 64 85 18 54 50 89 22 100 8 86 40 4 57 21 35 61 6 34 58 55 92 79 59 1 42 31 68 14 77 13 33 45 69 24 94 60 41 62 36 23 84 88 32 91 80 81 27 43 52 11 74 65 20 73 2 70 37 83 39 5 96 78 46 19 3 53 97 9 56 98 67 82 48 26 29 47 10 16 7 71 25 17 87 51 76 38 15 
100 93 30 49 63 75 95 28 99 44 66 72 12 90 64 85 18 54 50 89 22 100 8 86 40 4 57 21 35 61 6 34 58 55 92 79 59 1 42 31 68 14 77 13 33 45 69 24 94 60 41 62 36 23 84 88 32 91 80 81 27 43 52 11 74 65 20 73 2 70 37 83 39 5 96 78 46 19 3 53 97 9 56 98 67 82 48 26 29 47 10 16 7 71 25 17 87 51 76 38 15 
100 93 30 49 63 75 95 28 99 44 66 72 12 90 64 85 18 54 50 89 22 100 8 86 40 4 57 21 35 61 6 34 58 55 92 79 59 1 42 31 68 14 77 13 33 45 69 24 94 60 41 62 36 23 84 88 32 91 80 81 27 43 52 11 74 65 20 73 2 70 37 83 39 5 96 78 46 19 3 53 97 9 56 98 67 82 48 26 29 47 10 16 7 71 25 17 87 51 76 38 15 
100 93 30 49 63 75 95 28 99 44 66 72 12 90 64 85 18 54 50 89 22 100 8 86 40 4 57 21 35 61 6 34 58 55 92 79 59 1 42 31 68 14 77 13 33 45 69 24 94 60 41 62 36 23 84 88 32 91 80 81 27 43 52 11 74 65 20 73 2 70 37 83 39 5 96 78 46 19 3 53 97 9 56 98 67 82 48 26 29 47 10 16 7 71 25 17 87 51 76 38 15 
100 93 30 49 63 75 95 28 99 44 66 72 12 90 64 85 18 54 50 89 22 100 8 86 40 4 57 21 35 61 6 34 58 55 92 79 59 1 42 31 68 14 77 13 33 45 69 24 94 60 41 62 36 23 84 88 32 91 80 81 27 43 52 11 74 65 20 73 2 70 37 83 39 5 96 78 46 19 3 53 97 9 56 98 67 82 48 26 29 47 10 16 7 71 25 17 87 51 76 38 15 
100 93 30 49 63 75 95 28 99 44 66 72 12 90 64 85 18 54 50 89 22 100 8 86 40 4 57 21 35 61 6 34 58 55 92 79 59 1 42 31 68 14 77 13 33 45 69 24 94 60 41 62 36 23 84 88 32 91 80 81 27 43 52 11 74 65 20 73 2 70 37 83 39 5 96 78 46 19 3 53 97 9 56 98 67 82 48 26 29 47 10 16 7 71 25 17 87 51 76 38 15 
100 93 30 49 63 75 95 28 99 44 66 72 12 90 64 85 18 54 50 89 22 100 8 86 40 4 57 21 35 61 6 34 58 55 92 79 59 1 42 31 68 14 77 13 33 45 69 24 94 60 41 62 36 23 84 88 32 91 80 81 27 43 52 11 74 65 20 73 2 70 37 83 39 5 96 78 46 19 3 53 97 9 56 98 67 82 48 26 29 47 10 16 7 71 25 17 87 51 76 38 15 
100 93 30 49 63 75 95 28 99 44 66 72 12 90 64 85 18 54 50 89 22 100 8 86 40 4 57 21 35 61 6 34 58 55 92 79 59 1 42 31 68 14 77 13 33 45 69 24 94 60 41 62 36 23 84 88 32 91 80 81 27 43 52 11 74 65 20 73 2 70 37 83 39 5 96 78 46 19 3 53 97 9 56 98 67 82 48 26 29 47 10 16 7 71 25 17 87 51 76 38 15 
100 93 30 49 63 75 95 28 99 44 66 72 12 90 64 85 18 54 50 89 22 100 8 86 40 4 57 21 35 61 6 34 58 55 92 79 59 1 42 31 68 14 77 13 33 45 69 24 94 60 41 62 36 23 84 88 32 91 80 81 27 43 52 11 74 65 20 73 2 70 37 83 39 5 96 78 46 19 3 53 97 9 56 98 67 82 48 26 29 47 10 16 7 71 25 17 87 51 76 38 15 
100 93 30 49 63 75 95 28 99 44 66 72 12 90 64 85 18 54 50 89 22 100 8 86 40 4 57 21 35 61 6 34 58 55 92 79 59 1 42 31 68 14 77 13 33 45 69 24 94 60 41 62 36 23 84 88 32 91 80 81 27 43 52 11 74 65 20 73 2 70 37 83 39 5 96 78 46 19 3 53 97 9 56 98 67 82 48 26 29 47 10 16 7 71 25 17 87 51 76 38 15 
100 93 30 49 63 75 95 28 99 44 66 72 12 90 64 85 18 54 50 89 22 100 8 86 40 4 57 21 35 61 6 34 58 55 92 79 59 1 42 31 68 14 77 13 33 45 69 24 94 60 41 62 36 23 84 88 32 91 80 81 27 43 52 11 74 65 20 73 2 70 37 83 39 5 96 78 46 19 3 53 97 9 56 98 67 82 48 26 29 47 10 16 7 71 25 17 87 51 76 38 15 
100 93 30 49 63 75 95 28 99 44 66 72 12 90 64 85 18 54 50 89 22 100 8 86 40 4 57 21 35 61 6 34 58 55 92 79 59 1 42 31 68 14 77 13 33 45 69 24 94 60 41 62 36 23 84 88 32 91 80 81 27 43 52 11 74 65 20 73 2 70 37 83 39 5 96 78 46 19 3 53 97 9 56 98 67 82 48 26 29 47 10 16 7 71 25 17 87 51 76 38 15 
100 93 30 49 63 75 95 28 99 44 66 72 12 90 64 85 18 54 50 89 22 100 8 86 40 4 57 21 35 61 6 34 58 55 92 79 59 1 42 31 68 14 77 13 33 45 69 24 94 60 41 62 36 23 84 88 32 91 80 81 27 43 52 11 74 65 20 73 2 70 37 83 39 5 96 78 46 19 3 53 97 9 56 98 67 82 48 26 29 47 10 16 7 71 25 17 87 51 76 38 15 
100 93 30 49 63 75 95 28 99 44 66 72 12 90 64 85 18 54 50 89 22 100 8 86 40 4 57 21 35 61 6 34 58 55 92 79 59 1 42 31 68 14 77 13 33 45 69 24 94 60 41 62 36 23 84 88 32 91 80 81 27 43 52 11 74 65 20 73 2 70 37 83 39 5 96 78 46 19 3 53 97 9 56 98 67 82 48 26 29 47 10 16 7 71 25 17 87 51 76 38 15 
100 93 30 49 63 75 95 28 99 44 66 72 12 90 64 85 18 54 50 89 22 100 8 86 40 4 57 21 35 61 6 34 58 55 92 79 59 1 42 31 68 14 77 13 33 45 69 24 94 60 41 62 36 23 84 88 32 91 80 81 27 43 52 11 74 65 20 73 2 70 37 83 39 5 96 78 46 19 3 53 97 9 56 98 67 82 48 26 29 47 10 16 7 71 25 17 87 51 76 38 15 
100 93 30 49 63 75 95 28 99 44 66 72 12 90 64 85 18 54 50 89 22 100 8 86 40 4 57 21 35 61 6 34 58 55 92 79 59 1 42 31 68 14 77 13 33 45 69 24 94 60 41 62 36 23 84 88 32 91 80 81 27 43 52 11 74 65 20 73 2 70 37 83 39 5 96 78 46 19 3 53 97 9 56 98 67 82 48 26 29 47 10 16 7 71 25 17 87 51 76 38 15 
100 93 30 49 63 75 95 28 99 44 66 72 12 90 64 85 18 54 50 89 22 100 8 86 40 4 57 21 35 61 6 34 58 55 92 79 59 1 42 31 68 14 77 13 33 45 69 24 94 60 41 62 36 23 84 88 32 91 80 81 27 43 52 11 74 65 20 73 2 70 37 83 39 5 96 78 46 19 3 53 97 9 56 98 67 82 48 26 29 47 10 16 7 71 25 17 87 51 76 38 15 
100 93 30 49 63 75 95 28 99 44 66 72 12 90 64 85 18 54 50 89 22 100 8 86 40 4 57 21 35 61 6 34 58 55 92 79 59 1 42 31 68 14 77 13 33 45 69 24 94 60 41 62 36 23 84 88 32 91 80 81 27 43 52 11 74 65 20 73 2 70 37 83 39 5 96 78 46 19 3 53 97 9 56 98 67 82 48 26 29 47 10 16 7 71 25 17 87 51 76 38 15 
100 93 30 49 63 75 95 28 99 44 66 72 12 90 64 85 18 54 50 89 22 100 8 86 40 4 57 21 35 61 6 34 58 55 92 79 59 1 42 31 68 14 77 13 33 45 69 24 94 60 41 62 36 23 84 88 32 91 80 81 27 43 52 11 74 65 20 73 2 70 37 83 39 5 96 78 46 19 3 53 97 9 56 98 67 82 48 26 29 47 10 16 7 71 25 17 87 51 76 38 15 
100 93 30 49 63 75 95 28 99 44 66 72 12 90 64 85 18 54 50 89 22 100 8 86 40 4 57 21 35 61 6 34 58 55 92 79 59 1 42 31 68 14 77 13 33 45 69 24 94 60 41 62 36 23 84 88 32 91 80 81 27 43 52 11 74 65 20 73 2 70 37 83 39 5 96 78 46 19 3 53 97 9 56 98 67 82 48 26 29 47 10 16 7 71 25 17 87 51 76 38 15 
100 93 30 49 63 75 95 28 99 44 66 72 12 90 64 85 18 54 50 89 22 100 8 86 40 4 57 21 35 61 6 34 58 55 92 79 59 1 42 31 68 14 77 13 33 45 69 24 94 60 41 62 36 23 84 88 32 91 80 81 27 43 52 11 74 65 20 73 2 70 37 83 39 5 96 78 46 19 3 53 97 9 56 98 67 82 48 26 29 47 10 16 7 71 25 17 87 51 76 38 15 
100 93 30 49 63 75 95 28 99 44 66 72 12 90 64 85 18 54 50 89 22 100 8 86 40 4 57 21 35 61 6 34 58 55 92 79 59 1 42 31 68 14 77 13 33 45 69 24 94 60 41 62 36 23 84 88 32 91 80 81 27 43 52 11 74 65 20 73 2 70 37 83 39 5 96 78 46 19 3 53 97 9 56 98 67 82 48 26 29 47 10 16 7 71 25 17 87 51 76 38 15 
100 93 30 49 63 75 95 28 99 44 66 72 12 90 64 85 18 54 50 89 22 100 8 86 40 4 57 21 35 61 6 34 58 55 92 79 59 1 42 31 68 14 77 13 33 45 69 24 94 60 41 62 36 23 84 88 32 91 80 81 27 43 52 11 74 65 20 73 2 70 37 83 39 5 96 78 46 19 3 53 97 9 56 98 67 82 48 26 29 47 10 16 7 71 25 17 87 51 76 38 15 
100 93 30 49 63 75 95 28 99 44 66 72 12 90 64 85 18 54 50 89 22 100 8 86 40 4 57 21 35 61 6 34 58 55 92 79 59 1 42 31 68 14 77 13 33 45 69 24 94 60 41 62 36 23 84 88 32 91 80 81 27 43 52 11 74 65 20 73 2 70 37 83 39 5 96 78 46 19 3 53 97 9 56 98 67 82 48 26 29 47 10 16 7 71 25 17 87 51 76 38 15 
100 93 30 49 63 75 95 28 99 44 66 72 12 90 64 85 18 54 50 89 22 100 8 86 40 4 57 21 35 61 6 34 58 55 92 79 59 1 42 31 68 14 77 13 33 45 69 24 94 60 41 62 36 23 84 88 32 91 80 81 27 43 52 11 74 65 20 73 2 70 37 83 39 5 96 78 46 19 3 53 97 9 56 98 67 82 48 26 29 47 10 16 7 71 25 17 87 51 76 38 15 
100 93 30 49 63 75 95 28 99 44 66 72 12 90 64 85 18 54 50 89 22 100 8 86 40 4 57 21 35 61 6 34 58 55 92 79 59 1 42 31 68 14 77 13 33 45 69 24 94 60 41 62 36 23 84 88 32 91 80 81 27 43 52 11 74 65 20 73 2 70 37 83 39 5 96 78 46 19 3 53 97 9 56 98 67 82 48 26 29 47 10 16 7 71 25 17 87 51 76 38 15 
100 93 30 49 63 75 95 28 99 44 66 72 12 90 64 85 18 54 50 89 22 100 8 86 40 4 57 21 35 61 6 34 58 55 92 79 59 1 42 31 68 14 77 13 33 45 69 24 94 60 41 62 36 23 84 88 32 91 80 81 27 43 52 11 74 65 20 73 2 70 37 83 39 5 96 78 46 19 3 53 97 9 56 98 67 82 48 26 29 47 10 16 7 71 25 17 87 51 76 38 15 
100 93 30 49 63 75 95 28 99 44 66 72 12 90 64 85 18 54 50 89 22 100 8 86 40 4 57 21 35 61 6 34 58 55 92 79 59 1 42 31 68 14 77 13 33 45 69 24 94 60 41 62 36 23 84 88 32 91 80 81 27 43 52 11 74 65 20 73 2 70 37 83 39 5 96 78 46 19 3 53 97 9 56 98 67 82 48 26 29 47 10 16 7 71 25 17 87 51 76 38 15 
100 93 30 49 63 75 95 28 99 44 66 72 12 90 64 85 18 54 50 89 22 100 8 86 40 4 57 21 35 61 6 34 58 55 92 79 59 1 42 31 68 14 77 13 33 45 69 24 94 60 41 62 36 23 84 88 32 91 80 81 27 43 52 11 74 65 20 73 2 70 37 83 39 5 96 78 46 19 3 53 97 9 56 98 67 82 48 26 29 47 10 16 7 71 25 17 87 51 76 38 15 
100 93 30 49 63 75 95 28 99 44 66 72 12 90 64 85 18 54 50 89 22 100 8 86 40 4 57 21 35 61 6 34 58 55 92 79 59 1 42 31 68 14 77 13 33 45 69 24 94 60 41 62 36 23 84 88 32 91 80 81 27 43 52 11 74 65 20 73 2 70 37 83 39 5 96 78 46 19 3 53 97 9 56 98 67 82 48 26 29 47 10 16 7 71 25 17 87 51 76 38 15 
100 93 30 49 63 75 95 28 99 44 66 72 12 90 64 85 18 54 50 89 22 100 8 86 40 4 57 21 35 61 6 34 58 55 92 79 59 1 42 31 68 14 77 13 33 45 69 24 94 60 41 62 36 23 84 88 32 91 80 81 27 43 52 11 74 65 20 73 2 70 37 83 39 5 96 78 46 19 3 53 97 9 56 98 67 82 48 26 29 47 10 16 7 71 25 17 87 51 76 38 15 
100 93 30 49 63 75 95 28 99 44 66 72 12 90 64 85 18 54 50 89 22 100 8 86 40 4 57 21 35 61 6 34 58 55 92 79 59 1 42 31 68 14 77 13 33 45 69 24 94 60 41 62 36 23 84 88 32 91 80 81 27 43 52 11 74 65 20 73 2 70 37 83 39 5 96 78 46 19 3 53 97 9 56 98 67 82 48 26 29 47 10 16 7 71 25 17 87 51 76 38 15 
100 93 30 49 63 75 95 28 99 44 66 72 12 90 64 85 18 54 50 89 22 100 8 86 40 4 57 21 35 61 6 34 58 55 92 79 59 1 42 31 68 14 77 13 33 45 69 24 94 60 41 62 36 23 84 88 32 91 80 81 27 43 52 11 74 65 20 73 2 70 37 83 39 5 96 78 46 19 3 53 97 9 56 98 67 82 48 26 29 47 10 16 7 71 25 17 87 51 76 38 15 
100 93 30 49 63 75 95 28 99 44 66 72 12 90 64 85 18 54 50 89 22 100 8 86 40 4 57 21 35 61 6 34 58 55 92 79 59 1 42 31 68 14 77 13 33 45 69 24 94 60 41 62 36 23 84 88 32 91 80 81 27 43 52 11 74 65 20 73 2 70 37 83 39 5 96 78 46 19 3 53 97 9 56 98 67 82 48 26 29 47 10 16 7 71 25 17 87 51 76 38 15 
100 93 30 49 63 75 95 28 99 44 66 72 12 90 64 85 18 54 50 89 22 100 8 86 40 4 57 21 35 61 6 34 58 55 92 79 59 1 42 31 68 14 77 13 33 45 69 24 94 60 41 62 36 23 84 88 32 91 80 81 27 43 52 11 74 65 20 73 2 70 37 83 39 5 96 78 46 19 3 53 97 9 56 98 67 82 48 26 29 47 10 16 7 71 25 17 87 51 76 38 15 
100 93 30 49 63 75 95 28 99 44 66 72 12 90 64 85 18 54 50 89 22 100 8 86 40 4 57 21 35 61 6 34 58 55 92 79 59 1 42 31 68 14 77 13 33 45 69 24 94 60 41 62 36 23 84 88 32 91 80 81 27 43 52 11 74 65 20 73 2 70 37 83 39 5 96 78 46 19 3 53 97 9 56 98 67 82 48 26 29 47 10 16 7 71 25 17 87 51 76 38 15 
100 93 30 49 63 75 95 28 99 44 66 72 12 90 64 85 18 54 50 89 22 100 8 86 40 4 57 21 35 61 6 34 58 55 92 79 59 1 42 31 68 14 77 13 33 45 69 24 94 60 41 62 36 23 84 88 32 91 80 81 27 43 52 11 74 65 20 73 2 70 37 83 39 5 96 78 46 19 3 53 97 9 56 98 67 82 48 26 29 47 10 16 7 71 25 17 87 51 76 38 15 
100 93 30 49 63 75 95 28 99 44 66 72 12 90 64 85 18 54 50 89 22 100 8 86 40 4 57 21 35 61 6 34 58 55 92 79 59 1 42 31 68 14 77 13 33 45 69 24 94 60 41 62 36 23 84 88 32 91 80 81 27 43 52 11 74 65 20 73 2 70 37 83 39 5 96 78 46 19 3 53 97 9 56 98 67 82 48 26 29 47 10 16 7 71 25 17 87 51 76 38 15 
100 93 30 49 63 75 95 28 99 44 66 72 12 90 64 85 18 54 50 89 22 100 8 86 40 4 57 21 35 61 6 34 58 55 92 79 59 1 42 31 68 14 77 13 33 45 69 24 94 60 41 62 36 23 84 88 32 91 80 81 27 43 52 11 74 65 20 73 2 70 37 83 39 5 96 78 46 19 3 53 97 9 56 98 67 82 48 26 29 47 10 16 7 71 25 17 87 51 76 38 15 
100 93 30 49 63 75 95 28 99 44 66 72 12 90 64 85 18 54 50 89 22 100 8 86 40 4 57 21 35 61 6 34 58 55 92 79 59 1 42 31 68 14 77 13 33 45 69 24 94 60 41 62 36 23 84 88 32 91 80 81 27 43 52 11 74 65 20 73 2 70 37 83 39 5 96 78 46 19 3 53 97 9 56 98 67 82 48 26 29 47 10 16 7 71 25 17 87 51 76 38 15 
100 93 30 49 63 75 95 28 99 44 66 72 12 90 64 85 18 54 50 89 22 100 8 86 40 4 57 21 35 61 6 34 58 55 92 79 59 1 42 31 68 14 77 13 33 45 69 24 94 60 41 62 36 23 84 88 32 91 80 81 27 43 52 11 74 65 20 73 2 70 37 83 39 5 96 78 46 19 3 53 97 9 56 98 67 82 48 26 29 47 10 16 7 71 25 17 87 51 76 38 15 
100 93 30 49 63 75 95 28 99 44 66 72 12 90 64 85 18 54 50 89 22 100 8 86 40 4 57 21 35 61 6 34 58 55 92 79 59 1 42 31 68 14 77 13 33 45 69 24 94 60 41 62 36 23 84 88 32 91 80 81 27 43 52 11 74 65 20 73 2 70 37 83 39 5 96 78 46 19 3 53 97 9 56 98 67 82 48 26 29 47 10 16 7 71 25 17 87 51 76 38 15 
100 93 30 49 63 75 95 28 99 44 66 72 12 90 64 85 18 54 50 89 22 100 8 86 40 4 57 21 35 61 6 34 58 55 92 79 59 1 42 31 68 14 77 13 33 45 69 24 94 60 41 62 36 23 84 88 32 91 80 81 27 43 52 11 74 65 20 73 2 70 37 83 39 5 96 78 46 19 3 53 97 9 56 98 67 82 48 26 29 47 10 16 7 71 25 17 87 51 76 38 15 
100 93 30 49 63 75 95 28 99 44 66 72 12 90 64 85 18 54 50 89 22 100 8 86 40 4 57 21 35 61 6 34 58 55 92 79 59 1 42 31 68 14 77 13 33 45 69 24 94 60 41 62 36 23 84 88 32 91 80 81 27 43 52 11 74 65 20 73 2 70 37 83 39 5 96 78 46 19 3 53 97 9 56 98 67 82 48 26 29 47 10 16 7 71 25 17 87 51 76 38 15 
100 93 30 49 63 75 95 28 99 44 66 72 12 90 64 85 18 54 50 89 22 100 8 86 40 4 57 21 35 61 6 34 58 55 92 79 59 1 42 31 68 14 77 13 33 45 69 24 94 60 41 62 36 23 84 88 32 91 80 81 27 43 52 11 74 65 20 73 2 70 37 83 39 5 96 78 46 19 3 53 97 9 56 98 67 82 48 26 29 47 10 16 7 71 25 17 87 51 76 38 15 
100 93 30 49 63 75 95 28 99 44 66 72 12 90 64 85 18 54 50 89 22 100 8 86 40 4 57 21 35 61 6 34 58 55 92 79 59 1 42 31 68 14 77 13 33 45 69 24 94 60 41 62 36 23 84 88 32 91 80 81 27 43 52 11 74 65 20 73 2 70 37 83 39 5 96 78 46 19 3 53 97 9 56 98 67 82 48 26 29 47 10 16 7 71 25 17 87 51 76 38 15 
100 93 30 49 63 75 95 28 99 44 66 72 12 90 64 85 18 54 50 89 22 100 8 86 40 4 57 21 35 61 6 34 58 55 92 79 59 1 42 31 68 14 77 13 33 45 69 24 94 60 41 62 36 23 84 88 32 91 80 81 27 43 52 11 74 65 20 73 2 70 37 83 39 5 96 78 46 19 3 53 97 9 56 98 67 82 48 26 29 47 10 16 7 71 25 17 87 51 76 38 15 
100 93 30 49 63 75 95 28 99 44 66 72 12 90 64 85 18 54 50 89 22 100 8 86 40 4 57 21 35 61 6 34 58 55 92 79 59 1 42 31 68 14 77 13 33 45 69 24 94 60 41 62 36 23 84 88 32 91 80 81 27 43 52 11 74 65 20 73 2 70 37 83 39 5 96 78 46 19 3 53 97 9 56 98 67 82 48 26 29 47 10 16 7 71 25 17 87 51 76 38 15 
100 93 30 49 63 75 95 28 99 44 66 72 12 90 64 85 18 54 50 89 22 100 8 86 40 4 57 21 35 61 6 34 58 55 92 79 59 1 42 31 68 14 77 13 33 45 69 24 94 60 41 62 36 23 84 88 32 91 80 81 27 43 52 11 74 65 20 73 2 70 37 83 39 5 96 78 46 19 3 53 97 9 56 98 67 82 48 26 29 47 10 16 7 71 25 17 87 51 76 38 15 
100 93 30 49 63 75 95 28 99 44 66 72 12 90 64 85 18 54 50 89 22 100 8 86 40 4 57 21 35 61 6 34 58 55 92 79 59 1 42 31 68 14 77 13 33 45 69 24 94 60 41 62 36 23 84 88 32 91 80 81 27 43 52 11 74 65 20 73 2 70 37 83 39 5 96 78 46 19 3 53 97 9 56 98 67 82 48 26 29 47 10 16 7 71 25 17 87 51 76 38 15 
100 93 30 49 63 75 95 28 99 44 66 72 12 90 64 85 18 54 50 89 22 100 8 86 40 4 57 21 35 61 6 34 58 55 92 79 59 1 42 31 68 14 77 13 33 45 69 24 94 60 41 62 36 23 84 88 32 91 80 81 27 43 52 11 74 65 20 73 2 70 37 83 39 5 96 78 46 19 3 53 97 9 56 98 67 82 48 26 29 47 10 16 7 71 25 17 87 51 76 38 15 
