100
100 59 21 62 20 19 46 86 10 80 91 2 35 67 99 1 52 12 14 24 50 95 8 6 82 27 54 68 70 53 97 40 44 49 42 78 74 39 13 76 48 16 32 28 15 64 11 3 89 75 9 61 83 43 17 22 18 72 33 37 4 93 5 41 66 47 73 58 100 87 57 71 84 23 25 51 94 92 26 90 79 81 69 77 34 65 55 98 31 56 96 38 45 7 36 60 88 30 63 85 29 
100 79 29 49 87 48 85 46 20 93 80 58 9 37 14 78 92 24 68 71 8 12 36 22 73 26 7 59 28 10 39 2 72 61 18 44 77 3 95 21 16 23 62 74 84 4 30 83 66 81 27 17 5 94 38 82 56 45 32 89 13 57 43 65 91 52 41 54 55 86 75 60 69 51 40 15 90 25 35 34 33 70 67 31 6 100 11 19 76 50 64 42 97 88 53 98 99 96 1 47 63 
100 66 10 79 82 54 93 30 87 32 40 25 55 36 62 60 17 5 85 96 46 80 34 47 92 4 48 67 15 33 74 16 43 68 91 76 59 61 50 29 14 94 69 37 22 23 7 70 63 71 27 64 20 98 72 39 38 3 78 99 2 6 52 24 49 21 95 90 83 18 28 13 77 58 12 73 31 56 65 100 44 9 35 97 1 41 42 88 86 75 84 51 11 57 19 26 45 81 89 53 8 
100 82 26 16 32 77 74 39 63 34 12 90 69 96 30 13 95 15 66 88 10 23 73 56 97 55 2 98 78 84 72 86 6 37 14 20 46 57 35 53 3 1 71 92 29 70 79 80 85 4 54 44 93 22 19 99 11 31 27 43 48 60 40 7 58 76 68 45 61 47 49 81 5 91 52 100 8 59 50 41 17 28 87 65 25 83 9 75 42 38 51 36 24 94 62 18 67 64 21 89 33 
100 67 46 40 14 86 60 51 25 37 16 78 95 2 49 20 80 8 32 55 62 72 45 13 81 38 99 12 33 93 48 6 4 70 75 35 57 73 26 41 79 87 83 94 30 3 77 65 97 43 23 56 50 21 74 1 22 53 10 61 7 27 69 59 28 42 54 11 89 17 5 34 15 91 19 92 47 29 36 24 82 96 84 88 44 76 68 66 52 9 39 90 31 98 85 100 63 64 58 18 71 
100 82 2 15 76 98 26 62 66 16 91 21 95 13 25 23 38 7 48 19 99 49 34 6 35 44 69 61 14 65 77 52 63 75 33 57 58 85 68 83 53 100 96 17 12 80 81 24 10 47 51 79 86 5 84 71 3 45 18 60 22 55 4 31 73 92 46 50 97 72 87 11 74 59 37 56 41 64 36 89 27 94 29 1 43 90 67 42 30 88 32 8 40 9 93 20 54 39 28 70 78 
100 1 83 50 79 37 82 91 8 65 47 94 9 28 43 3 85 49 4 32 62 90 76 5 41 10 92 34 45 53 63 30 54 86 73 13 93 67 80 44 48 99 2 69 20 74 25 97 87 75 60 12 29 36 72 95 98 27 71 57 61 84 15 81 52 55 39 38 51 21 68 77 58 22 35 100 40 88 24 23 56 96 66 64 26 78 16 18 89 42 14 19 31 33 6 17 70 11 7 46 59 
100 23 10 13 58 30 82 48 31 99 39 95 93 60 69 17 88 42 37 81 2 91 51 57 47 61 55 38 86 96 29 35 1 4 45 49 41 66 12 80 94 79 16 68 78 33 75 18 56 5 44 3 85 14 24 6 40 54 65 63 43 8 7 71 50 46 87 74 67 28 59 77 72 9 92 76 73 64 98 21 15 52 84 25 34 27 26 32 100 97 19 53 90 20 11 62 36 89 70 83 22 
100 61 83 74 86 68 93 96 45 49 64 31 16 6 44 20 81 47 34 10 62 51 21 8 38 32 48 36 57 85 17 77 69 28 37 19 80 82 18 30 4 15 95 66 5 42 73 78 84 89 65 70 27 71 39 7 52 46 91 67 12 13 50 97 23 3 63 56 26 25 60 24 87 76 53 94 58 55 1 11 75 100 99 22 79 88 54 43 9 90 35 33 92 29 40 41 98 59 2 14 72 
100 41 12 2 75 16 50 70 90 28 26 31 81 29 34 97 7 22 5 47 56 10 46 92 48 40 76 66 44 33 51 42 99 49 77 13 20 59 54 24 43 87 65 21 52 74 84 60 67 35 19 14 58 23 39 100 82 3 61 38 79 96 1 80 18 78 63 95 45 25 53 17 98 55 8 94 93 27 11 85 91 32 15 73 72 4 86 37 9 88 62 83 71 64 69 6 68 36 30 57 89 
100 46 86 78 5 74 50 76 98 75 12 81 24 92 14 71 65 67 42 44 22 53 55 58 66 91 20 10 6 64 85 41 38 94 88 56 63 70 28 13 82 9 95 69 23 97 43 16 35 45 48 96 26 62 59 29 100 89 57 11 4 87 31 40 68 39 60 2 15 25 49 19 34 8 17 80 73 52 72 21 90 93 30 47 37 32 83 7 36 1 79 18 84 77 33 3 27 54 99 51 61 
100 42 62 82 100 67 53 74 56 1 39 12 50 92 40 71 46 72 83 84 99 16 80 17 30 27 69 26 96 60 94 5 52 15 32 9 98 11 3 73 63 81 34 8 95 29 65 76 7 70 59 97 66 88 33 57 61 64 21 90 13 78 75 89 37 79 93 86 20 4 48 41 35 44 47 68 23 45 38 49 2 55 18 77 43 58 87 6 22 51 24 19 31 25 36 85 10 91 28 54 14 
100 3 58 12 72 31 38 17 85 33 69 27 59 81 95 40 50 93 86 19 2 18 96 37 21 25 23 11 82 55 100 9 71 49 66 10 91 63 89 44 53 39 51 7 14 61 88 65 77 22 60 84 45 73 6 36 99 30 24 5 79 28 43 98 64 16 75 26 32 41 67 97 76 87 54 8 94 13 20 90 34 70 68 57 92 42 47 80 74 4 46 52 35 48 56 78 15 29 62 83 1 
100 88 68 53 19 27 21 4 51 79 89 100 54 29 13 14 78 10 32 62 77 18 66 8 93 11 30 55 49 70 20 76 40 7 67 61 3 99 34 69 90 85 33 95 71 1 9 63 47 46 91 83 82 39 74 5 17 94 48 87 84 80 26 6 2 73 81 50 96 22 75 38 64 59 23 35 58 98 52 97 60 56 44 92 57 15 65 37 12 24 45 28 25 43 31 41 16 36 86 72 42 
100 84 63 97 44 52 79 24 60 71 88 1 47 20 10 15 67 90 9 38 13 16 53 64 36 37 85 98 31 81 2 83 12 29 58 23 73 68 86 76 77 19 30 22 92 65 14 78 28 69 62 46 93 26 34 75 27 48 6 3 89 66 32 49 55 61 87 91 70 45 59 100 33 51 99 43 80 25 7 17 11 95 50 39 18 35 96 94 82 42 54 74 8 72 4 40 41 56 57 21 5 
100 98 46 17 39 56 80 23 96 87 91 45 94 48 78 36 57 51 89 11 90 77 76 30 20 52 35 41 70 54 32 84 50 12 29 18 53 61 85 55 83 64 95 21 71 33 92 10 22 65 69 88 1 27 97 58 72 25 31 82 73 99 14 34 47 93 13 67 26 68 74 62 37 81 63 43 59 2 5 66 40 3 4 9 15 6 75 7 49 42 86 60 19 24 38 16 44 79 28 8 100 
100 66 25 78 44 39 76 23 75 2 21 87 58 56 80 33 7 3 57 51 100 17 42 27 82 55 16 53 99 8 63 91 4 29 97 40 84 5 37 96 26 85 88 67 95 79 69 18 24 68 94 35 9 81 74 98 48 65 10 89 93 6 73 47 32 86 90 19 30 50 22 60 20 31 11 71 83 43 12 38 92 1 34 46 72 45 15 36 70 14 49 59 62 13 54 28 77 64 61 41 52 
100 27 90 77 17 66 51 62 68 3 47 12 58 34 52 4 87 64 9 50 39 20 85 43 84 46 88 67 11 38 23 70 59 28 7 91 16 49 42 40 61 30 75 80 35 8 25 15 82 95 93 55 98 79 57 76 96 41 5 33 44 45 10 71 72 73 99 18 78 56 86 81 48 37 83 13 26 36 74 60 100 21 29 24 19 54 2 94 53 92 14 69 1 32 89 6 65 63 22 97 31 
100 73 12 22 4 69 85 5 95 26 58 80 39 48 18 57 10 49 1 24 65 14 29 86 63 79 70 35 92 23 94 25 78 83 61 30 33 38 9 31 56 81 54 55 16 89 100 8 47 37 36 19 90 99 53 51 72 60 6 87 74 11 34 62 91 52 82 77 7 50 32 15 93 43 97 45 27 59 71 3 13 42 64 98 84 88 17 2 46 41 28 68 44 76 75 40 66 96 67 21 20 
100 82 47 32 93 3 22 50 29 91 14 15 39 1 55 11 97 83 67 46 18 34 59 35 12 63 31 20 72 28 74 68 2 43 51 73 25 10 7 4 33 24 6 100 61 5 90 23 65 79 85 27 92 96 66 13 70 48 38 16 49 17 26 37 80 56 62 77 19 58 84 54 88 53 64 60 9 87 94 86 52 21 57 99 8 30 95 71 44 36 69 76 98 42 41 40 78 75 81 45 89 
100 64 69 99 92 94 72 39 59 74 53 5 10 30 73 61 43 44 21 48 28 52 97 45 95 81 56 70 38 11 22 50 4 20 46 67 42 8 78 49 88 23 62 1 13 80 16 29 51 31 15 66 55 17 18 68 76 79 47 86 57 91 33 9 77 36 90 7 98 34 6 12 84 83 37 24 87 89 26 65 19 35 40 32 71 93 3 96 2 54 82 85 14 27 60 75 63 100 41 58 25 
100 25 66 32 47 68 5 11 94 36 90 3 37 8 51 82 15 22 92 60 43 31 93 97 35 24 7 38 81 30 18 89 49 70 54 74 99 9 1 23 55 27 26 76 50 58 78 69 17 88 13 67 33 91 64 59 79 100 12 61 19 77 29 72 20 40 48 65 14 6 85 73 84 42 98 80 45 39 57 75 4 41 87 56 46 96 52 83 71 63 53 21 34 62 28 16 95 44 2 86 10 
100 81 46 42 15 80 86 43 16 47 24 17 18 90 58 100 29 35 78 83 72 23 66 12 5 49 91 2 20 57 69 53 56 68 59 54 40 36 61 4 88 1 30 84 94 98 95 6 65 22 28 70 9 11 97 25 99 89 82 64 3 73 41 71 48 39 93 79 45 60 75 63 21 74 33 34 38 77 7 32 87 85 27 51 8 96 92 52 31 19 67 26 13 44 50 76 55 62 10 14 37 
100 59 37 28 93 42 95 41 5 89 36 62 64 87 38 29 50 53 26 63 21 85 97 32 12 39 78 61 43 100 99 7 67 73 74 11 24 45 49 25 83 13 52 77 1 94 76 8 2 56 75 79 92 71 30 40 22 20 70 44 19 81 69 58 6 55 98 14 80 82 34 16 60 10 66 33 72 4 35 15 18 23 3 84 46 65 86 54 96 9 68 48 90 47 57 88 91 27 17 51 31 
100 88 37 44 91 41 61 32 60 74 30 100 46 33 80 94 84 50 24 87 13 17 23 65 25 28 90 15 89 57 73 22 2 40 48 35 63 36 5 82 72 64 20 27 67 19 18 7 62 3 95 56 53 49 93 76 31 9 26 45 54 59 1 21 34 68 55 92 14 69 29 77 10 66 81 58 79 11 47 98 75 38 8 96 86 85 52 71 4 39 99 12 83 51 97 16 78 43 6 42 70 
100 7 63 84 45 2 90 91 1 83 10 55 17 32 9 33 21 8 4 70 71 62 61 18 34 53 14 76 5 51 79 98 26 13 58 31 95 92 39 68 56 67 60 35 73 6 87 100 40 97 11 72 81 20 25 82 94 89 37 88 86 28 57 24 15 47 65 12 74 27 22 75 23 93 36 64 69 77 49 85 59 30 66 16 54 78 96 42 99 38 46 19 29 41 48 3 44 80 43 50 52 
100 2 63 80 98 94 15 19 84 40 3 38 4 70 66 92 21 39 22 41 26 54 85 73 95 52 30 35 93 37 64 31 100 97 61 48 8 7 11 78 44 5 88 27 91 51 71 96 72 10 17 56 28 45 47 89 90 18 50 1 49 77 13 76 9 25 55 6 60 23 14 65 43 42 83 34 16 57 46 36 74 58 62 87 59 20 67 32 75 69 68 53 29 79 24 82 33 81 12 86 99 
100 18 44 39 94 24 86 60 23 16 17 33 58 9 22 85 51 7 98 6 65 64 73 69 52 27 50 28 59 43 46 77 61 21 96 42 57 88 89 76 83 78 95 90 37 35 36 2 99 3 92 32 49 82 56 100 31 66 4 74 10 34 67 11 79 5 45 38 12 71 91 70 84 87 19 41 53 20 68 26 14 1 63 97 29 25 81 40 47 62 30 8 48 80 54 55 72 13 75 93 15 
100 58 19 21 78 24 11 34 3 70 15 38 33 30 66 61 94 48 37 68 50 40 72 62 10 20 60 26 77 23 49 85 99 45 76 16 54 39 80 73 64 82 17 12 79 13 65 100 90 22 55 93 18 69 52 88 47 95 83 92 87 59 9 98 35 67 44 8 57 42 2 63 36 5 96 14 84 75 56 46 41 43 1 81 89 31 91 51 25 29 27 4 28 97 53 7 71 32 6 74 86 
100 46 75 82 98 41 100 86 10 20 7 40 76 58 94 70 69 43 47 13 66 17 60 74 29 63 83 44 8 93 19 65 99 22 89 49 30 16 88 96 80 81 6 5 56 55 73 92 31 9 71 57 42 23 2 45 64 87 78 25 35 3 62 12 14 61 91 85 18 36 53 11 67 50 52 68 48 27 37 97 38 4 72 59 84 33 26 34 95 32 21 1 28 51 54 90 77 79 24 15 39 
100 78 40 45 11 51 47 33 61 27 97 37 77 65 10 76 56 1 8 74 55 89 64 14 38 63 93 94 44 67 46 20 80 26 79 13 25 4 84 53 24 36 50 30 52 43 7 96 5 15 31 58 57 83 100 60 12 59 17 19 16 39 75 54 70 87 99 62 35 32 95 23 82 49 18 68 81 9 90 42 22 48 86 41 92 98 72 69 21 6 3 2 91 28 71 66 85 73 34 88 29 
100 87 56 50 34 26 47 29 4 72 94 75 21 93 18 76 10 84 8 68 64 71 45 48 66 31 37 5 44 86 77 65 3 74 1 53 51 23 100 6 25 95 80 96 19 49 60 88 99 2 30 62 55 70 98 14 39 43 22 32 38 78 54 20 17 46 40 79 67 91 89 69 58 81 36 11 52 12 42 27 13 59 15 28 33 9 7 92 61 57 85 63 73 35 41 83 82 90 97 16 24 
100 86 1 89 37 12 85 69 68 75 98 99 23 64 39 58 24 3 2 78 42 30 49 74 54 56 91 41 18 33 19 77 94 97 63 84 93 44 7 6 34 31 92 48 5 83 46 60 25 45 43 57 80 36 55 40 88 59 15 32 76 87 71 22 67 50 28 51 11 81 4 53 27 16 47 79 65 14 66 100 72 38 52 96 13 61 62 29 17 90 73 10 20 35 26 82 95 9 70 8 21 
100 27 59 12 51 82 1 43 78 97 44 62 41 75 42 85 80 90 95 83 87 86 40 18 10 19 16 32 9 2 8 49 21 77 100 74 61 33 34 67 64 96 31 13 88 63 5 4 66 52 92 23 55 56 20 53 65 24 36 37 45 11 71 3 50 47 15 7 48 94 6 39 99 38 14 70 22 60 69 57 26 91 68 76 25 46 54 29 35 28 84 30 58 73 81 72 93 17 89 79 98 
100 70 49 26 28 15 67 61 69 7 25 82 14 60 74 10 39 33 68 77 84 56 42 43 50 55 86 23 2 22 78 31 44 4 19 35 51 40 66 54 73 72 88 57 11 20 5 64 38 97 32 98 34 46 45 21 93 81 75 9 71 36 41 96 100 6 18 48 90 94 79 59 91 27 99 95 37 17 92 83 52 13 12 76 53 80 47 65 30 58 87 29 1 16 85 8 3 63 62 24 89 
100 51 74 92 64 38 44 53 79 70 46 4 47 54 95 59 42 49 20 14 35 97 96 88 68 80 3 19 37 65 60 7 62 66 31 87 34 81 13 22 40 82 2 39 24 72 93 57 43 17 76 9 12 36 28 71 83 61 78 55 86 63 75 90 89 26 94 84 30 58 15 23 91 29 32 69 100 21 10 33 56 6 5 73 18 25 99 67 27 77 8 50 16 98 41 11 85 1 48 45 52 
100 45 23 6 86 16 43 84 94 71 54 57 33 38 50 85 55 52 32 36 68 82 58 22 46 29 95 9 40 26 27 75 11 2 35 31 8 42 79 56 65 12 93 10 99 74 28 30 5 83 98 14 63 67 81 80 90 100 49 41 92 25 91 1 37 3 19 51 70 47 24 44 96 87 53 60 66 18 77 78 61 17 88 4 73 21 39 97 76 69 48 20 72 34 64 13 59 7 62 15 89 
100 85 29 43 65 51 78 32 34 46 99 87 66 45 48 50 61 38 69 40 13 25 88 2 39 11 60 83 30 42 3 49 15 92 28 95 5 98 27 22 59 74 47 8 96 97 19 54 77 9 73 24 72 10 6 23 21 18 36 81 67 75 52 58 80 86 20 68 17 14 12 82 1 37 84 91 56 93 53 55 70 62 44 4 63 26 7 94 64 16 33 79 76 57 90 31 100 41 89 35 71 
100 82 17 79 65 22 58 94 56 3 83 64 34 11 33 48 89 87 35 40 6 31 81 90 76 46 68 45 39 27 57 99 91 1 19 18 98 67 75 78 5 51 88 97 80 8 69 71 44 9 92 36 72 13 50 66 53 14 54 21 7 26 10 74 84 47 62 63 38 16 49 95 77 85 24 59 25 86 93 4 32 12 41 2 55 61 60 23 73 70 96 43 20 15 52 29 37 100 42 30 28 
100 82 87 99 23 17 27 6 74 53 38 39 54 10 42 4 3 80 95 88 75 44 85 24 97 35 73 51 84 16 59 40 31 68 12 72 8 94 90 1 46 15 41 57 71 14 83 70 65 76 64 28 37 25 81 58 69 60 96 20 26 22 49 55 43 66 11 91 50 5 32 45 62 79 52 56 86 92 61 89 30 67 19 78 7 98 93 100 48 29 33 2 18 63 9 34 13 77 36 47 21 
100 78 97 85 29 17 38 2 31 4 41 77 11 20 69 58 68 49 96 82 83 56 21 16 64 55 27 9 92 32 60 42 12 37 84 94 8 48 62 7 34 74 24 5 39 46 100 44 59 67 28 52 87 47 61 57 1 81 80 35 53 33 79 63 72 30 26 40 86 91 66 73 90 70 19 45 93 13 25 18 71 99 65 75 54 10 89 95 51 14 76 3 6 98 43 15 88 22 23 36 50 
100 49 37 23 76 74 18 89 13 39 38 26 65 62 44 96 40 66 90 78 33 45 15 34 21 75 95 77 82 79 5 27 85 55 3 91 54 8 70 93 84 16 71 67 28 12 59 86 32 22 52 10 20 43 2 41 92 4 98 94 47 61 68 69 97 58 56 14 81 72 30 63 7 60 64 51 6 25 9 19 29 88 11 99 17 36 1 80 57 46 35 50 73 24 53 100 42 87 83 31 48 
100 3 42 69 61 53 67 78 2 41 96 89 93 50 43 65 23 94 9 75 40 12 72 62 64 63 81 27 28 58 99 44 37 85 11 10 39 1 91 45 8 79 32 56 36 57 95 86 35 49 20 6 59 68 4 55 92 17 98 51 73 25 34 100 29 48 70 16 82 15 71 66 47 97 83 30 46 88 84 38 74 87 90 5 13 80 31 22 26 60 24 7 52 54 76 77 18 19 21 33 14 
100 14 46 39 84 28 5 71 4 2 68 12 41 35 86 78 50 43 63 94 26 79 62 91 97 38 64 51 80 42 57 3 36 8 9 88 76 54 73 60 30 56 19 77 27 87 34 40 21 11 89 22 100 31 58 95 49 98 82 45 92 61 59 69 13 10 74 32 65 37 6 1 7 25 18 96 20 24 47 99 17 93 90 67 16 70 83 33 52 15 75 66 53 85 23 81 44 29 72 48 55 
100 45 65 39 86 16 85 51 55 56 57 91 36 15 100 94 32 75 96 44 66 2 62 12 17 26 46 14 4 68 41 30 76 28 48 79 87 72 53 22 99 74 31 40 18 38 25 19 80 88 47 23 83 13 6 64 7 10 5 11 82 21 61 69 67 29 27 63 70 8 71 34 3 20 81 24 50 77 97 49 90 73 59 95 93 98 60 33 35 1 58 78 52 37 54 89 92 43 42 9 84 
100 39 46 76 17 64 2 31 41 23 62 85 74 75 29 27 30 97 93 58 4 11 32 77 79 1 95 14 7 13 43 63 59 57 28 3 81 98 83 68 70 18 5 19 90 38 66 88 53 12 96 71 48 21 52 72 61 49 44 78 65 86 47 100 26 42 54 33 82 24 80 16 87 84 25 37 50 20 92 67 99 10 51 89 9 8 15 60 45 94 73 34 35 69 36 91 6 55 56 22 40 
100 35 10 5 86 64 59 45 20 30 84 43 47 88 23 15 79 13 98 92 65 96 73 89 29 90 18 58 66 8 7 60 41 75 34 39 32 42 78 4 11 37 81 55 72 33 48 36 56 95 70 2 74 1 6 54 49 19 40 93 22 80 100 99 26 83 85 97 68 82 17 77 50 14 91 57 24 53 76 16 21 94 71 63 51 25 87 3 31 38 62 61 69 67 44 46 27 12 9 52 28 
100 70 68 32 88 72 43 52 93 6 57 64 92 69 94 77 44 75 4 13 48 59 54 96 40 16 60 87 15 1 38 10 50 12 18 14 3 7 24 37 85 71 29 79 84 41 55 46 19 21 83 81 95 11 97 73 66 63 20 78 45 100 5 26 62 27 42 65 33 86 31 9 17 67 56 34 61 47 58 74 2 36 91 82 25 22 49 23 76 28 39 51 98 53 89 8 30 80 90 99 35 
100 61 12 22 52 35 63 72 27 82 14 54 2 95 62 75 78 31 93 89 30 29 37 44 46 4 92 8 100 96 69 19 80 48 59 1 81 11 10 7 36 5 43 94 85 77 49 17 40 38 68 39 53 9 56 76 13 47 83 20 99 65 25 97 55 74 73 79 24 98 50 88 64 86 3 45 6 60 32 70 18 71 41 15 26 91 90 84 34 16 21 51 58 67 28 66 33 57 42 23 87 
100 68 40 18 65 72 16 61 29 52 31 3 34 53 19 27 15 78 87 21 76 58 70 45 38 47 49 4 46 60 10 97 74 36 14 85 12 35 37 79 9 57 1 32 67 75 62 81 13 28 98 94 93 83 44 64 2 39 77 7 99 73 55 90 17 63 100 22 86 6 82 24 54 84 25 69 59 42 43 41 8 95 56 26 50 88 11 30 66 80 33 23 5 71 96 89 91 48 20 92 51 
100 68 98 21 34 80 72 17 2 28 66 78 60 10 11 51 99 94 73 24 23 42 8 70 50 26 52 41 18 22 37 77 82 49 4 95 47 16 96 84 5 65 29 62 76 61 15 97 3 71 35 14 33 75 40 54 83 13 87 100 56 31 6 12 25 43 85 45 19 86 39 32 93 7 79 92 89 57 58 81 53 20 36 64 74 67 9 38 27 1 69 44 88 55 48 91 30 90 63 59 46 
100 34 62 65 49 36 82 23 16 89 99 85 8 61 33 68 74 80 43 5 48 22 75 94 66 93 60 70 4 59 41 58 7 42 45 20 32 25 30 63 55 11 78 83 53 28 15 79 37 56 96 54 6 14 46 72 1 95 29 44 27 67 9 31 13 35 52 17 81 24 18 98 92 64 10 57 19 51 97 40 76 69 50 87 84 90 3 38 71 91 39 47 26 86 73 88 77 12 21 2 100 
100 30 64 8 76 17 82 95 94 16 7 43 75 93 32 90 89 91 33 4 37 85 21 73 3 69 44 24 66 5 100 45 6 49 48 60 15 58 28 11 68 56 27 63 1 53 92 34 10 26 20 83 55 23 14 74 52 13 87 97 72 84 54 67 42 41 39 70 35 25 47 96 36 78 71 80 81 99 51 79 9 59 31 50 98 38 18 77 88 29 40 65 61 86 46 22 2 57 19 12 62 
100 90 78 19 8 37 41 89 42 43 73 16 62 34 3 4 49 77 12 68 86 67 40 54 79 33 87 61 5 38 30 47 48 97 84 63 60 44 25 59 66 9 70 81 22 39 46 74 56 57 92 50 69 82 100 11 26 64 28 36 27 94 52 72 45 80 32 14 35 2 71 31 21 23 93 18 51 7 75 58 17 29 13 24 6 98 1 96 76 83 65 15 55 88 53 91 95 85 99 10 20 
100 98 64 97 67 3 7 27 48 47 74 80 69 2 28 32 23 60 81 31 11 16 70 99 18 63 30 5 76 40 39 46 82 58 96 100 4 71 79 6 34 25 54 87 68 55 8 88 92 15 91 1 29 10 61 35 95 90 94 89 50 36 86 21 43 49 41 52 93 57 53 38 17 75 24 78 77 37 73 44 56 9 20 26 84 62 22 12 13 51 59 14 66 65 42 45 72 33 19 85 83 
100 39 74 67 79 29 91 24 48 83 58 4 6 1 99 81 14 78 27 9 94 80 22 54 7 31 66 43 13 76 38 69 95 40 28 64 89 45 19 34 44 3 72 15 42 35 70 53 47 33 100 87 11 18 97 17 59 12 46 61 16 8 36 55 65 86 57 25 30 20 98 71 85 21 2 51 60 5 49 26 82 32 63 10 68 75 52 92 23 84 88 96 77 73 62 93 37 90 41 56 50 
100 80 71 4 91 28 94 69 54 15 35 86 11 16 34 76 97 42 73 81 51 85 9 75 96 98 39 21 53 83 19 5 13 22 59 52 32 1 55 68 6 23 2 38 61 45 40 70 72 41 77 62 29 84 74 93 3 100 37 26 95 89 43 66 78 50 18 46 67 49 63 10 48 12 31 64 99 47 20 79 8 58 24 57 56 65 30 60 14 33 17 88 92 90 7 82 87 27 36 25 44 
100 27 9 24 7 33 32 17 89 58 99 46 56 74 22 31 18 41 29 66 72 5 8 39 80 77 79 35 98 36 83 91 69 51 47 26 82 96 30 63 14 12 57 68 62 4 70 94 95 60 81 40 44 2 20 16 71 55 49 88 21 50 59 97 92 86 76 65 67 38 43 15 84 61 90 13 37 28 78 85 53 87 25 100 45 19 54 23 42 75 3 11 52 10 6 73 34 93 48 1 64 
100 53 25 85 26 89 74 14 15 34 83 6 58 12 44 54 55 64 97 81 93 45 46 40 38 42 79 9 3 18 2 77 28 41 70 60 32 68 86 82 7 24 52 63 66 29 1 39 50 65 94 67 37 27 49 80 23 59 5 47 69 11 33 4 61 43 20 36 99 16 62 31 84 100 30 10 90 75 19 35 13 76 48 95 56 87 78 51 92 57 22 72 96 73 8 17 88 98 91 21 71 
100 3 66 15 88 57 30 22 74 72 100 78 98 71 31 96 67 14 43 49 85 2 16 6 56 47 32 45 13 70 81 38 21 9 69 90 51 64 34 93 5 29 26 77 1 48 59 41 20 97 52 84 18 10 8 36 58 92 75 53 19 65 63 7 27 68 28 83 35 33 99 60 61 12 94 62 44 46 80 87 50 42 86 76 40 82 55 4 11 24 95 17 89 23 37 79 54 73 39 25 91 
100 24 84 5 20 100 71 47 28 79 48 45 46 51 23 37 57 54 93 86 59 11 44 1 64 15 81 26 16 13 49 75 50 42 33 68 80 82 83 38 92 65 25 21 30 60 88 90 18 61 10 14 77 89 6 27 87 97 66 95 39 3 31 56 72 63 29 2 43 8 36 55 58 67 99 41 91 22 98 69 40 52 73 9 17 96 7 76 85 70 19 74 53 35 32 94 62 12 4 34 78 
100 53 91 77 100 98 33 78 58 50 29 57 52 56 45 39 85 97 84 35 72 16 93 2 99 69 44 88 41 59 34 92 42 75 31 79 6 13 63 47 26 66 10 60 90 4 87 55 76 43 74 67 62 8 3 49 20 27 83 71 46 86 25 80 82 21 7 61 19 38 70 28 95 81 1 15 36 12 18 23 17 40 51 68 89 30 73 37 22 65 48 64 32 54 5 94 96 11 9 14 24 
100 44 18 32 61 16 97 96 67 13 34 29 12 20 6 52 85 39 89 59 10 15 86 17 80 98 56 66 22 50 62 31 5 58 41 87 25 14 68 51 88 2 94 37 72 21 1 99 28 90 75 30 84 38 42 24 47 4 83 65 57 93 53 77 63 73 27 60 33 49 91 8 71 92 45 82 46 78 36 76 48 70 54 64 79 43 40 69 7 23 11 26 3 74 35 81 19 100 55 9 95 
100 12 46 51 73 100 84 42 37 29 67 6 66 61 78 22 60 28 34 31 92 11 45 32 16 95 18 63 79 24 26 91 41 75 13 40 86 3 64 55 72 58 93 9 83 30 96 35 48 59 1 68 53 80 62 10 44 15 89 25 71 14 97 47 85 98 4 74 69 43 27 76 36 87 65 38 8 49 52 7 33 2 19 57 90 5 88 70 17 77 20 82 23 39 81 99 94 54 21 50 56 
100 13 34 12 98 81 52 25 35 74 49 51 57 43 100 44 3 2 31 85 95 53 50 47 27 16 22 80 66 87 41 7 61 70 62 36 75 94 20 42 82 48 1 89 91 33 72 58 56 68 67 5 9 99 29 24 83 6 38 76 10 28 14 78 65 92 46 30 73 69 93 18 63 90 77 55 79 86 71 39 26 97 54 40 37 60 4 15 19 17 21 11 96 8 45 32 84 59 64 88 23 
100 3 23 84 78 80 68 19 34 56 1 60 64 58 87 93 95 42 18 83 49 66 92 98 89 76 10 61 54 90 94 100 44 55 16 77 36 43 9 4 47 13 57 39 50 71 99 35 30 59 32 24 96 12 5 17 28 53 31 20 88 97 37 6 2 62 69 91 67 22 38 86 85 15 75 26 46 51 52 81 48 25 7 73 72 65 21 82 41 29 8 63 45 27 14 70 11 40 74 79 33 
100 95 64 9 79 89 10 71 5 33 83 55 8 22 70 66 6 49 45 30 12 63 99 46 61 3 80 13 84 76 29 31 86 65 91 77 14 21 36 38 43 15 32 17 69 28 57 94 41 88 47 56 4 23 75 59 25 67 51 60 97 62 73 52 85 39 68 58 27 1 42 90 20 35 72 48 53 19 82 37 93 50 44 34 96 24 78 74 81 54 87 11 7 98 26 18 40 16 2 92 100 
100 4 39 88 92 26 77 59 11 6 78 67 31 68 19 81 71 52 76 45 65 16 10 41 35 36 66 29 61 90 17 55 8 9 54 86 42 24 13 93 7 100 91 22 27 56 43 89 49 5 72 96 83 23 30 84 97 98 14 32 15 12 21 87 28 37 38 70 69 3 48 99 50 33 53 62 95 47 85 44 51 79 58 82 75 20 18 25 1 64 94 80 57 2 73 46 34 74 60 40 63 
100 10 93 48 51 38 82 4 70 28 94 62 77 92 91 49 100 54 73 56 17 61 88 55 76 63 31 99 5 24 3 13 29 33 1 25 23 20 58 43 21 39 69 84 60 47 75 18 41 44 19 65 90 72 97 74 57 11 64 22 83 50 81 79 85 98 32 8 59 27 42 87 80 7 95 96 37 16 68 67 35 78 6 9 26 30 86 52 53 14 36 45 34 12 46 2 15 89 66 71 40 
100 5 3 35 79 67 25 89 41 40 42 19 77 55 48 59 54 15 82 69 36 97 91 71 51 7 14 95 21 8 88 30 39 73 45 98 18 94 78 33 96 83 22 20 80 74 32 68 24 72 2 34 46 4 49 65 31 47 85 100 63 92 75 84 38 1 60 76 56 70 16 61 9 28 50 29 17 90 99 81 87 37 44 27 6 26 52 13 57 43 10 86 12 23 58 93 53 62 66 11 64 
100 14 100 27 61 52 12 64 90 32 36 31 56 34 26 48 35 5 94 28 92 63 89 65 40 69 22 87 21 45 79 2 58 73 78 11 50 24 88 84 9 30 38 68 77 76 71 20 29 4 54 53 44 19 80 17 13 55 15 66 25 81 62 10 23 57 51 60 59 49 75 3 7 97 98 91 96 82 74 43 70 86 47 95 37 1 6 41 83 93 33 16 67 42 39 18 85 8 46 99 72 
100 15 46 83 99 49 1 40 34 92 25 67 66 45 76 8 29 28 6 81 93 44 79 55 32 77 3 75 57 54 71 78 2 27 72 16 100 56 59 43 65 85 91 50 84 37 51 35 58 86 74 19 42 4 95 87 33 89 69 23 5 38 24 96 94 11 13 17 68 31 80 12 64 14 36 47 97 73 20 21 63 18 41 61 98 22 26 48 9 30 39 62 53 90 7 52 60 82 88 10 70 
100 94 35 47 49 30 78 43 10 54 99 70 91 31 82 86 75 57 1 92 63 14 18 66 97 62 68 44 95 45 33 19 81 17 41 15 50 52 40 7 58 53 79 6 2 32 55 96 69 3 76 24 60 23 48 80 59 51 93 27 98 16 77 64 100 13 28 87 37 29 72 4 12 67 38 61 20 5 34 74 89 84 42 36 46 65 71 21 8 83 22 85 26 11 25 9 88 90 39 73 56 
100 17 77 96 88 29 78 68 89 27 100 94 32 86 46 74 57 53 85 15 72 60 80 95 25 75 62 34 30 7 61 48 99 54 37 83 4 36 50 82 59 69 98 40 52 28 97 10 20 51 79 45 81 39 31 12 84 56 33 18 87 47 65 92 73 63 3 49 2 55 41 43 5 44 9 14 35 8 13 90 71 58 26 6 66 64 11 19 21 23 76 24 93 1 38 67 91 22 16 42 70 
100 96 71 80 41 30 77 82 4 84 2 66 24 52 39 29 33 99 15 44 32 37 40 75 93 38 83 6 53 64 46 98 12 17 86 79 16 87 81 54 73 48 74 42 56 7 45 25 35 18 26 60 95 19 34 13 10 58 100 61 28 50 55 3 91 78 57 62 69 68 1 49 85 72 27 67 21 5 76 36 8 51 47 59 11 89 9 14 63 43 94 92 20 23 70 65 90 97 22 31 88 
100 85 98 39 17 57 87 24 65 69 7 55 95 16 71 42 56 79 22 2 34 60 8 19 97 89 80 53 72 100 78 44 10 5 4 20 14 25 49 37 76 18 90 6 26 31 45 23 52 84 50 43 83 11 27 91 74 75 41 61 66 51 81 33 9 70 13 94 58 36 86 54 28 1 30 21 82 40 99 15 47 59 63 96 46 77 38 35 62 68 12 3 48 64 88 93 67 92 32 29 73 
100 71 36 78 43 99 67 8 74 19 81 50 25 89 38 49 20 79 17 59 94 53 97 98 77 40 85 21 18 28 13 72 4 29 68 46 44 84 90 6 24 63 93 66 96 3 55 32 91 51 37 16 100 57 92 69 80 33 86 12 47 60 23 87 31 82 1 95 41 65 75 39 14 35 56 26 22 88 2 30 64 34 83 48 52 45 7 76 54 42 73 70 27 10 62 9 15 5 11 61 58 
100 89 80 34 25 50 35 90 78 36 12 62 44 37 16 66 18 49 84 52 9 93 98 73 75 88 8 15 11 21 42 7 58 26 29 14 85 86 79 51 96 63 31 72 64 69 92 54 39 27 46 71 40 91 77 33 24 59 68 100 65 43 4 30 87 61 53 97 1 82 94 67 10 83 45 95 23 70 60 3 99 41 13 56 48 74 22 6 55 5 47 17 32 28 38 20 76 19 2 81 57 
100 49 78 46 59 52 81 33 77 83 56 41 30 4 92 95 18 86 48 17 2 44 50 29 31 85 1 67 88 3 20 93 91 45 65 70 37 84 43 69 66 90 16 9 39 27 51 28 55 6 89 14 23 32 58 74 11 35 7 36 79 71 73 62 19 40 98 96 60 97 76 82 75 24 54 26 21 34 42 38 22 61 80 12 87 10 63 64 15 72 53 99 57 100 68 8 5 94 25 47 13 
100 40 87 54 24 22 74 32 11 17 3 75 79 6 78 2 84 57 61 96 88 56 44 5 69 16 28 67 15 48 20 100 42 95 82 59 21 19 45 63 38 49 10 35 12 51 1 68 26 90 60 85 27 77 47 8 98 36 58 83 39 4 93 99 46 30 31 50 76 29 37 53 73 62 64 89 18 92 91 71 70 14 65 97 55 72 52 34 25 94 43 41 23 86 9 7 80 13 66 81 33 
100 52 11 32 65 75 43 29 62 87 38 78 59 100 9 76 94 7 68 64 23 8 66 99 69 57 67 53 84 98 96 95 61 1 3 93 63 81 22 12 34 14 28 19 39 16 82 97 5 2 20 42 48 46 17 45 40 18 6 56 89 60 36 35 21 92 4 74 80 44 33 70 77 37 51 10 24 30 58 86 91 15 47 90 71 55 25 72 41 31 49 79 13 27 83 26 54 73 88 85 50 
100 67 54 69 93 56 44 92 95 68 37 72 96 4 5 9 91 71 43 60 30 57 1 66 74 87 52 61 86 26 62 15 7 29 85 2 50 97 76 49 17 84 45 78 24 83 33 11 65 58 21 70 36 81 55 79 40 13 3 98 51 25 14 6 42 31 8 23 99 89 47 100 32 63 10 94 46 75 22 20 16 27 80 73 48 77 82 28 88 18 90 35 19 39 64 34 41 53 12 38 59 
100 44 37 61 69 83 39 16 50 64 70 2 29 14 84 27 17 80 95 54 23 18 96 5 45 66 92 33 46 87 75 90 36 35 43 76 15 71 7 6 40 3 85 74 34 73 38 56 19 60 77 78 42 24 98 4 9 89 88 62 47 53 11 52 28 65 58 30 97 51 99 25 100 21 32 10 93 57 41 26 59 91 12 22 49 20 67 79 1 13 86 55 82 8 68 63 48 72 94 81 31 
100 63 59 70 77 90 47 57 100 32 41 22 34 26 36 3 80 9 78 67 51 49 83 79 35 30 43 93 31 64 23 16 97 65 50 39 60 19 86 18 20 27 81 21 37 75 88 15 17 29 46 85 13 28 44 10 45 89 14 54 12 55 11 98 73 33 66 74 61 6 92 25 68 38 5 42 8 40 76 99 96 91 4 71 24 82 53 94 7 48 58 95 84 72 56 2 52 1 69 62 87 
100 1 75 40 94 31 13 66 24 63 76 84 79 97 50 25 62 85 10 33 52 95 83 9 56 96 53 34 3 28 29 68 78 20 26 65 12 5 67 35 60 27 90 88 16 55 58 15 36 43 70 57 44 23 19 18 39 54 32 47 41 93 80 38 11 89 48 69 17 100 21 74 59 4 98 8 73 82 49 14 99 86 46 30 45 72 61 51 81 64 92 77 7 87 6 2 42 37 71 91 22 
100 33 51 11 16 75 15 45 56 88 25 41 19 78 18 38 2 54 66 13 52 77 24 57 12 90 48 26 36 6 55 96 20 7 67 42 17 32 59 93 99 8 97 72 22 92 5 98 65 79 61 74 82 60 87 80 58 100 64 76 31 94 70 63 39 27 9 4 49 84 29 89 30 46 69 50 34 21 10 81 47 1 95 28 73 85 44 68 35 53 3 43 91 62 37 71 86 83 23 14 40 
100 70 22 31 58 52 14 43 82 23 35 19 66 4 62 50 88 94 15 12 95 26 86 42 91 44 69 84 24 13 9 51 8 83 53 37 47 67 87 2 56 34 65 71 72 75 7 74 11 20 90 79 76 5 16 63 46 73 1 6 40 80 85 93 81 54 29 3 33 48 38 45 61 97 18 39 68 98 78 77 30 28 17 64 55 25 92 89 10 41 36 100 59 57 99 49 32 96 60 21 27 
100 86 18 76 56 68 24 41 60 26 63 78 65 36 44 28 82 15 4 38 100 51 70 50 83 34 98 40 43 17 71 2 45 87 5 10 1 23 81 64 49 57 67 37 3 47 14 42 30 39 73 52 79 8 13 85 12 21 74 96 89 22 31 91 58 84 53 46 16 92 54 29 80 6 25 69 11 90 55 61 94 99 88 48 32 27 9 7 33 19 72 20 35 97 95 93 66 77 62 59 75 
100 57 6 19 41 59 64 2 32 22 75 100 52 60 97 45 34 1 46 36 26 78 31 42 79 94 81 37 53 20 80 33 92 85 88 8 90 76 27 5 96 3 55 71 73 66 89 91 21 39 9 70 68 35 62 50 65 63 25 48 49 51 14 15 12 87 11 10 28 77 82 67 7 24 16 98 40 47 38 74 44 95 58 54 83 18 86 30 23 13 17 61 84 43 29 99 4 56 69 72 93 
100 14 66 68 7 57 45 77 55 81 94 50 64 29 87 80 25 1 39 46 11 85 90 2 31 74 24 58 5 49 13 54 92 61 63 15 47 83 72 44 16 42 53 27 28 71 12 19 3 65 69 75 52 93 20 98 91 95 10 37 82 99 33 41 22 23 34 89 76 4 62 86 40 26 38 36 18 17 35 59 84 79 88 8 51 43 30 96 21 97 70 78 9 48 73 67 6 56 32 60 100 
100 25 100 54 55 63 43 29 89 22 98 65 94 73 19 83 92 30 61 60 28 37 21 87 62 95 81 75 6 18 40 96 52 88 84 50 69 67 58 77 46 39 78 34 57 24 17 41 86 20 11 70 82 48 7 76 49 91 71 8 32 66 10 38 4 80 33 1 13 53 5 9 16 99 45 31 90 47 59 15 93 35 26 56 23 3 68 79 12 27 85 42 72 64 14 74 44 36 2 97 51 
100 38 35 60 58 59 43 2 71 5 56 13 57 45 47 33 79 80 16 84 86 23 81 48 46 24 14 93 41 67 95 97 76 25 36 51 44 78 34 42 82 90 49 20 91 4 92 11 87 69 12 99 27 3 31 1 15 68 40 72 83 54 100 10 64 98 9 29 75 18 19 85 61 32 94 8 30 88 17 28 52 55 53 77 6 70 65 26 50 62 63 89 21 37 73 96 39 66 74 7 22 
100 20 16 89 44 22 71 27 98 47 14 38 54 72 43 73 56 46 7 62 3 63 36 79 1 84 13 90 39 82 85 9 55 67 99 40 78 65 25 68 37 91 2 48 100 74 11 96 34 87 41 58 30 4 93 35 19 60 80 97 50 88 92 77 94 95 6 31 21 75 53 45 5 15 59 61 32 57 23 29 51 12 64 28 52 81 66 49 86 42 70 8 69 76 24 26 18 83 17 10 33 
100 27 18 30 44 81 60 2 23 96 70 34 40 28 33 29 4 80 17 9 59 94 54 52 50 13 25 41 46 77 68 71 20 83 100 45 53 3 85 99 11 16 38 43 75 24 73 7 76 78 65 48 49 63 62 5 35 10 15 39 66 47 8 6 82 97 72 31 93 22 51 89 32 55 57 88 79 14 26 69 12 91 58 74 95 19 36 56 98 37 92 21 42 67 61 86 64 90 87 1 84 
100 33 32 76 80 57 11 28 4 81 29 37 77 56 100 96 23 50 48 22 19 65 17 13 91 54 9 5 43 98 52 18 97 72 74 26 86 7 70 94 20 44 90 21 63 31 6 93 47 42 64 68 2 24 46 55 39 99 88 60 67 59 10 62 92 41 3 34 25 16 12 38 27 36 84 45 71 58 73 82 78 95 49 83 87 51 14 85 89 8 15 66 1 35 75 61 79 40 30 69 53 
100 95 97 66 4 93 61 82 57 71 56 42 83 31 16 79 30 85 76 48 14 27 59 44 100 60 67 34 89 26 20 90 37 98 75 11 15 24 2 49 55 73 99 86 8 5 52 33 7 36 94 19 35 51 39 88 17 91 74 10 13 87 23 32 1 28 18 63 3 25 81 68 54 62 64 84 53 40 41 21 12 9 69 78 58 96 50 92 43 72 6 70 80 46 22 47 29 65 38 45 77 
100 55 30 8 42 4 54 87 88 66 53 47 37 15 9 75 82 11 25 70 56 46 39 1 94 92 14 61 93 34 49 10 29 83 68 64 89 23 36 90 52 91 59 24 57 41 58 3 19 85 13 48 6 63 65 33 69 72 43 40 16 45 28 32 97 98 67 35 73 5 20 27 79 51 71 60 18 21 26 96 76 77 81 38 84 7 78 95 50 74 31 17 12 100 62 86 22 80 2 44 99 
100 60 48 84 49 99 89 8 53 76 92 6 20 59 15 40 62 64 81 75 26 70 66 21 56 22 17 25 98 93 78 88 14 72 41 33 31 57 86 16 30 7 23 39 63 100 95 55 74 45 71 90 5 47 27 34 18 50 91 68 36 11 58 44 69 1 19 61 79 65 97 43 94 10 3 2 35 24 28 42 12 80 38 46 51 52 29 96 67 87 37 83 9 4 73 82 85 77 54 32 13 
100 46 62 98 27 77 30 12 39 9 26 53 34 88 43 6 11 99 1 45 52 16 65 60 22 79 20 14 91 3 89 51 49 59 100 23 36 58 47 33 69 18 10 72 54 75 55 7 38 24 19 44 67 31 15 90 40 95 13 93 56 17 80 21 8 70 84 94 4 64 42 35 82 97 96 5 68 78 61 50 63 66 71 32 74 41 37 57 87 85 29 28 92 86 81 25 48 76 83 2 73 
100 8 60 84 15 30 72 65 29 19 69 13 47 21 77 57 79 95 49 17 81 32 25 20 82 99 50 80 34 48 11 94 92 39 68 100 46 87 86 62 64 10 54 91 36 31 6 83 44 38 2 33 14 63 53 89 56 23 35 7 75 27 37 85 73 66 55 52 58 59 70 98 22 18 45 96 74 88 26 4 90 76 24 71 42 97 43 67 28 1 3 12 78 40 93 16 5 61 9 51 41 
100 72 54 94 76 100 57 79 60 14 64 83 43 6 48 37 87 88 1 51 40 3 23 52 2 44 90 5 45 81 98 75 73 12 36 11 16 53 46 17 19 47 28 33 31 91 65 67 58 34 86 9 97 50 38 30 29 78 92 25 18 22 39 63 70 32 41 26 89 20 96 4 56 80 24 85 21 49 42 27 13 55 10 71 99 62 82 77 69 74 95 68 59 93 66 8 84 35 7 61 15 
100 72 54 94 76 100 57 79 60 14 64 83 43 6 48 37 87 88 1 51 40 3 23 52 2 44 90 5 45 81 98 75 73 12 36 11 16 53 46 17 19 47 28 33 31 91 65 67 58 34 86 9 97 50 38 30 29 78 92 25 18 22 39 63 70 32 41 26 89 20 96 4 56 80 24 85 21 49 42 27 13 55 10 71 99 62 82 77 69 74 95 68 59 93 66 8 84 35 7 61 15 
100 72 54 94 76 100 57 79 60 14 64 83 43 6 48 37 87 88 1 51 40 3 23 52 2 44 90 5 45 81 98 75 73 12 36 11 16 53 46 17 19 47 28 33 31 91 65 67 58 34 86 9 97 50 38 30 29 78 92 25 18 22 39 63 70 32 41 26 89 20 96 4 56 80 24 85 21 49 42 27 13 55 10 71 99 62 82 77 69 74 95 68 59 93 66 8 84 35 7 61 15 
100 72 54 94 76 100 57 79 60 14 64 83 43 6 48 37 87 88 1 51 40 3 23 52 2 44 90 5 45 81 98 75 73 12 36 11 16 53 46 17 19 47 28 33 31 91 65 67 58 34 86 9 97 50 38 30 29 78 92 25 18 22 39 63 70 32 41 26 89 20 96 4 56 80 24 85 21 49 42 27 13 55 10 71 99 62 82 77 69 74 95 68 59 93 66 8 84 35 7 61 15 
100 72 54 94 76 100 57 79 60 14 64 83 43 6 48 37 87 88 1 51 40 3 23 52 2 44 90 5 45 81 98 75 73 12 36 11 16 53 46 17 19 47 28 33 31 91 65 67 58 34 86 9 97 50 38 30 29 78 92 25 18 22 39 63 70 32 41 26 89 20 96 4 56 80 24 85 21 49 42 27 13 55 10 71 99 62 82 77 69 74 95 68 59 93 66 8 84 35 7 61 15 
100 72 54 94 76 100 57 79 60 14 64 83 43 6 48 37 87 88 1 51 40 3 23 52 2 44 90 5 45 81 98 75 73 12 36 11 16 53 46 17 19 47 28 33 31 91 65 67 58 34 86 9 97 50 38 30 29 78 92 25 18 22 39 63 70 32 41 26 89 20 96 4 56 80 24 85 21 49 42 27 13 55 10 71 99 62 82 77 69 74 95 68 59 93 66 8 84 35 7 61 15 
100 72 54 94 76 100 57 79 60 14 64 83 43 6 48 37 87 88 1 51 40 3 23 52 2 44 90 5 45 81 98 75 73 12 36 11 16 53 46 17 19 47 28 33 31 91 65 67 58 34 86 9 97 50 38 30 29 78 92 25 18 22 39 63 70 32 41 26 89 20 96 4 56 80 24 85 21 49 42 27 13 55 10 71 99 62 82 77 69 74 95 68 59 93 66 8 84 35 7 61 15 
100 72 54 94 76 100 57 79 60 14 64 83 43 6 48 37 87 88 1 51 40 3 23 52 2 44 90 5 45 81 98 75 73 12 36 11 16 53 46 17 19 47 28 33 31 91 65 67 58 34 86 9 97 50 38 30 29 78 92 25 18 22 39 63 70 32 41 26 89 20 96 4 56 80 24 85 21 49 42 27 13 55 10 71 99 62 82 77 69 74 95 68 59 93 66 8 84 35 7 61 15 
100 72 54 94 76 100 57 79 60 14 64 83 43 6 48 37 87 88 1 51 40 3 23 52 2 44 90 5 45 81 98 75 73 12 36 11 16 53 46 17 19 47 28 33 31 91 65 67 58 34 86 9 97 50 38 30 29 78 92 25 18 22 39 63 70 32 41 26 89 20 96 4 56 80 24 85 21 49 42 27 13 55 10 71 99 62 82 77 69 74 95 68 59 93 66 8 84 35 7 61 15 
100 72 54 94 76 100 57 79 60 14 64 83 43 6 48 37 87 88 1 51 40 3 23 52 2 44 90 5 45 81 98 75 73 12 36 11 16 53 46 17 19 47 28 33 31 91 65 67 58 34 86 9 97 50 38 30 29 78 92 25 18 22 39 63 70 32 41 26 89 20 96 4 56 80 24 85 21 49 42 27 13 55 10 71 99 62 82 77 69 74 95 68 59 93 66 8 84 35 7 61 15 
100 72 54 94 76 100 57 79 60 14 64 83 43 6 48 37 87 88 1 51 40 3 23 52 2 44 90 5 45 81 98 75 73 12 36 11 16 53 46 17 19 47 28 33 31 91 65 67 58 34 86 9 97 50 38 30 29 78 92 25 18 22 39 63 70 32 41 26 89 20 96 4 56 80 24 85 21 49 42 27 13 55 10 71 99 62 82 77 69 74 95 68 59 93 66 8 84 35 7 61 15 
100 72 54 94 76 100 57 79 60 14 64 83 43 6 48 37 87 88 1 51 40 3 23 52 2 44 90 5 45 81 98 75 73 12 36 11 16 53 46 17 19 47 28 33 31 91 65 67 58 34 86 9 97 50 38 30 29 78 92 25 18 22 39 63 70 32 41 26 89 20 96 4 56 80 24 85 21 49 42 27 13 55 10 71 99 62 82 77 69 74 95 68 59 93 66 8 84 35 7 61 15 
100 72 54 94 76 100 57 79 60 14 64 83 43 6 48 37 87 88 1 51 40 3 23 52 2 44 90 5 45 81 98 75 73 12 36 11 16 53 46 17 19 47 28 33 31 91 65 67 58 34 86 9 97 50 38 30 29 78 92 25 18 22 39 63 70 32 41 26 89 20 96 4 56 80 24 85 21 49 42 27 13 55 10 71 99 62 82 77 69 74 95 68 59 93 66 8 84 35 7 61 15 
100 72 54 94 76 100 57 79 60 14 64 83 43 6 48 37 87 88 1 51 40 3 23 52 2 44 90 5 45 81 98 75 73 12 36 11 16 53 46 17 19 47 28 33 31 91 65 67 58 34 86 9 97 50 38 30 29 78 92 25 18 22 39 63 70 32 41 26 89 20 96 4 56 80 24 85 21 49 42 27 13 55 10 71 99 62 82 77 69 74 95 68 59 93 66 8 84 35 7 61 15 
100 72 54 94 76 100 57 79 60 14 64 83 43 6 48 37 87 88 1 51 40 3 23 52 2 44 90 5 45 81 98 75 73 12 36 11 16 53 46 17 19 47 28 33 31 91 65 67 58 34 86 9 97 50 38 30 29 78 92 25 18 22 39 63 70 32 41 26 89 20 96 4 56 80 24 85 21 49 42 27 13 55 10 71 99 62 82 77 69 74 95 68 59 93 66 8 84 35 7 61 15 
100 72 54 94 76 100 57 79 60 14 64 83 43 6 48 37 87 88 1 51 40 3 23 52 2 44 90 5 45 81 98 75 73 12 36 11 16 53 46 17 19 47 28 33 31 91 65 67 58 34 86 9 97 50 38 30 29 78 92 25 18 22 39 63 70 32 41 26 89 20 96 4 56 80 24 85 21 49 42 27 13 55 10 71 99 62 82 77 69 74 95 68 59 93 66 8 84 35 7 61 15 
100 72 54 94 76 100 57 79 60 14 64 83 43 6 48 37 87 88 1 51 40 3 23 52 2 44 90 5 45 81 98 75 73 12 36 11 16 53 46 17 19 47 28 33 31 91 65 67 58 34 86 9 97 50 38 30 29 78 92 25 18 22 39 63 70 32 41 26 89 20 96 4 56 80 24 85 21 49 42 27 13 55 10 71 99 62 82 77 69 74 95 68 59 93 66 8 84 35 7 61 15 
100 72 54 94 76 100 57 79 60 14 64 83 43 6 48 37 87 88 1 51 40 3 23 52 2 44 90 5 45 81 98 75 73 12 36 11 16 53 46 17 19 47 28 33 31 91 65 67 58 34 86 9 97 50 38 30 29 78 92 25 18 22 39 63 70 32 41 26 89 20 96 4 56 80 24 85 21 49 42 27 13 55 10 71 99 62 82 77 69 74 95 68 59 93 66 8 84 35 7 61 15 
100 72 54 94 76 100 57 79 60 14 64 83 43 6 48 37 87 88 1 51 40 3 23 52 2 44 90 5 45 81 98 75 73 12 36 11 16 53 46 17 19 47 28 33 31 91 65 67 58 34 86 9 97 50 38 30 29 78 92 25 18 22 39 63 70 32 41 26 89 20 96 4 56 80 24 85 21 49 42 27 13 55 10 71 99 62 82 77 69 74 95 68 59 93 66 8 84 35 7 61 15 
100 72 54 94 76 100 57 79 60 14 64 83 43 6 48 37 87 88 1 51 40 3 23 52 2 44 90 5 45 81 98 75 73 12 36 11 16 53 46 17 19 47 28 33 31 91 65 67 58 34 86 9 97 50 38 30 29 78 92 25 18 22 39 63 70 32 41 26 89 20 96 4 56 80 24 85 21 49 42 27 13 55 10 71 99 62 82 77 69 74 95 68 59 93 66 8 84 35 7 61 15 
100 72 54 94 76 100 57 79 60 14 64 83 43 6 48 37 87 88 1 51 40 3 23 52 2 44 90 5 45 81 98 75 73 12 36 11 16 53 46 17 19 47 28 33 31 91 65 67 58 34 86 9 97 50 38 30 29 78 92 25 18 22 39 63 70 32 41 26 89 20 96 4 56 80 24 85 21 49 42 27 13 55 10 71 99 62 82 77 69 74 95 68 59 93 66 8 84 35 7 61 15 
100 72 54 94 76 100 57 79 60 14 64 83 43 6 48 37 87 88 1 51 40 3 23 52 2 44 90 5 45 81 98 75 73 12 36 11 16 53 46 17 19 47 28 33 31 91 65 67 58 34 86 9 97 50 38 30 29 78 92 25 18 22 39 63 70 32 41 26 89 20 96 4 56 80 24 85 21 49 42 27 13 55 10 71 99 62 82 77 69 74 95 68 59 93 66 8 84 35 7 61 15 
100 72 54 94 76 100 57 79 60 14 64 83 43 6 48 37 87 88 1 51 40 3 23 52 2 44 90 5 45 81 98 75 73 12 36 11 16 53 46 17 19 47 28 33 31 91 65 67 58 34 86 9 97 50 38 30 29 78 92 25 18 22 39 63 70 32 41 26 89 20 96 4 56 80 24 85 21 49 42 27 13 55 10 71 99 62 82 77 69 74 95 68 59 93 66 8 84 35 7 61 15 
100 72 54 94 76 100 57 79 60 14 64 83 43 6 48 37 87 88 1 51 40 3 23 52 2 44 90 5 45 81 98 75 73 12 36 11 16 53 46 17 19 47 28 33 31 91 65 67 58 34 86 9 97 50 38 30 29 78 92 25 18 22 39 63 70 32 41 26 89 20 96 4 56 80 24 85 21 49 42 27 13 55 10 71 99 62 82 77 69 74 95 68 59 93 66 8 84 35 7 61 15 
100 72 54 94 76 100 57 79 60 14 64 83 43 6 48 37 87 88 1 51 40 3 23 52 2 44 90 5 45 81 98 75 73 12 36 11 16 53 46 17 19 47 28 33 31 91 65 67 58 34 86 9 97 50 38 30 29 78 92 25 18 22 39 63 70 32 41 26 89 20 96 4 56 80 24 85 21 49 42 27 13 55 10 71 99 62 82 77 69 74 95 68 59 93 66 8 84 35 7 61 15 
100 72 54 94 76 100 57 79 60 14 64 83 43 6 48 37 87 88 1 51 40 3 23 52 2 44 90 5 45 81 98 75 73 12 36 11 16 53 46 17 19 47 28 33 31 91 65 67 58 34 86 9 97 50 38 30 29 78 92 25 18 22 39 63 70 32 41 26 89 20 96 4 56 80 24 85 21 49 42 27 13 55 10 71 99 62 82 77 69 74 95 68 59 93 66 8 84 35 7 61 15 
100 72 54 94 76 100 57 79 60 14 64 83 43 6 48 37 87 88 1 51 40 3 23 52 2 44 90 5 45 81 98 75 73 12 36 11 16 53 46 17 19 47 28 33 31 91 65 67 58 34 86 9 97 50 38 30 29 78 92 25 18 22 39 63 70 32 41 26 89 20 96 4 56 80 24 85 21 49 42 27 13 55 10 71 99 62 82 77 69 74 95 68 59 93 66 8 84 35 7 61 15 
100 72 54 94 76 100 57 79 60 14 64 83 43 6 48 37 87 88 1 51 40 3 23 52 2 44 90 5 45 81 98 75 73 12 36 11 16 53 46 17 19 47 28 33 31 91 65 67 58 34 86 9 97 50 38 30 29 78 92 25 18 22 39 63 70 32 41 26 89 20 96 4 56 80 24 85 21 49 42 27 13 55 10 71 99 62 82 77 69 74 95 68 59 93 66 8 84 35 7 61 15 
100 72 54 94 76 100 57 79 60 14 64 83 43 6 48 37 87 88 1 51 40 3 23 52 2 44 90 5 45 81 98 75 73 12 36 11 16 53 46 17 19 47 28 33 31 91 65 67 58 34 86 9 97 50 38 30 29 78 92 25 18 22 39 63 70 32 41 26 89 20 96 4 56 80 24 85 21 49 42 27 13 55 10 71 99 62 82 77 69 74 95 68 59 93 66 8 84 35 7 61 15 
100 72 54 94 76 100 57 79 60 14 64 83 43 6 48 37 87 88 1 51 40 3 23 52 2 44 90 5 45 81 98 75 73 12 36 11 16 53 46 17 19 47 28 33 31 91 65 67 58 34 86 9 97 50 38 30 29 78 92 25 18 22 39 63 70 32 41 26 89 20 96 4 56 80 24 85 21 49 42 27 13 55 10 71 99 62 82 77 69 74 95 68 59 93 66 8 84 35 7 61 15 
100 72 54 94 76 100 57 79 60 14 64 83 43 6 48 37 87 88 1 51 40 3 23 52 2 44 90 5 45 81 98 75 73 12 36 11 16 53 46 17 19 47 28 33 31 91 65 67 58 34 86 9 97 50 38 30 29 78 92 25 18 22 39 63 70 32 41 26 89 20 96 4 56 80 24 85 21 49 42 27 13 55 10 71 99 62 82 77 69 74 95 68 59 93 66 8 84 35 7 61 15 
100 72 54 94 76 100 57 79 60 14 64 83 43 6 48 37 87 88 1 51 40 3 23 52 2 44 90 5 45 81 98 75 73 12 36 11 16 53 46 17 19 47 28 33 31 91 65 67 58 34 86 9 97 50 38 30 29 78 92 25 18 22 39 63 70 32 41 26 89 20 96 4 56 80 24 85 21 49 42 27 13 55 10 71 99 62 82 77 69 74 95 68 59 93 66 8 84 35 7 61 15 
100 72 54 94 76 100 57 79 60 14 64 83 43 6 48 37 87 88 1 51 40 3 23 52 2 44 90 5 45 81 98 75 73 12 36 11 16 53 46 17 19 47 28 33 31 91 65 67 58 34 86 9 97 50 38 30 29 78 92 25 18 22 39 63 70 32 41 26 89 20 96 4 56 80 24 85 21 49 42 27 13 55 10 71 99 62 82 77 69 74 95 68 59 93 66 8 84 35 7 61 15 
100 72 54 94 76 100 57 79 60 14 64 83 43 6 48 37 87 88 1 51 40 3 23 52 2 44 90 5 45 81 98 75 73 12 36 11 16 53 46 17 19 47 28 33 31 91 65 67 58 34 86 9 97 50 38 30 29 78 92 25 18 22 39 63 70 32 41 26 89 20 96 4 56 80 24 85 21 49 42 27 13 55 10 71 99 62 82 77 69 74 95 68 59 93 66 8 84 35 7 61 15 
100 72 54 94 76 100 57 79 60 14 64 83 43 6 48 37 87 88 1 51 40 3 23 52 2 44 90 5 45 81 98 75 73 12 36 11 16 53 46 17 19 47 28 33 31 91 65 67 58 34 86 9 97 50 38 30 29 78 92 25 18 22 39 63 70 32 41 26 89 20 96 4 56 80 24 85 21 49 42 27 13 55 10 71 99 62 82 77 69 74 95 68 59 93 66 8 84 35 7 61 15 
100 72 54 94 76 100 57 79 60 14 64 83 43 6 48 37 87 88 1 51 40 3 23 52 2 44 90 5 45 81 98 75 73 12 36 11 16 53 46 17 19 47 28 33 31 91 65 67 58 34 86 9 97 50 38 30 29 78 92 25 18 22 39 63 70 32 41 26 89 20 96 4 56 80 24 85 21 49 42 27 13 55 10 71 99 62 82 77 69 74 95 68 59 93 66 8 84 35 7 61 15 
100 72 54 94 76 100 57 79 60 14 64 83 43 6 48 37 87 88 1 51 40 3 23 52 2 44 90 5 45 81 98 75 73 12 36 11 16 53 46 17 19 47 28 33 31 91 65 67 58 34 86 9 97 50 38 30 29 78 92 25 18 22 39 63 70 32 41 26 89 20 96 4 56 80 24 85 21 49 42 27 13 55 10 71 99 62 82 77 69 74 95 68 59 93 66 8 84 35 7 61 15 
100 72 54 94 76 100 57 79 60 14 64 83 43 6 48 37 87 88 1 51 40 3 23 52 2 44 90 5 45 81 98 75 73 12 36 11 16 53 46 17 19 47 28 33 31 91 65 67 58 34 86 9 97 50 38 30 29 78 92 25 18 22 39 63 70 32 41 26 89 20 96 4 56 80 24 85 21 49 42 27 13 55 10 71 99 62 82 77 69 74 95 68 59 93 66 8 84 35 7 61 15 
100 72 54 94 76 100 57 79 60 14 64 83 43 6 48 37 87 88 1 51 40 3 23 52 2 44 90 5 45 81 98 75 73 12 36 11 16 53 46 17 19 47 28 33 31 91 65 67 58 34 86 9 97 50 38 30 29 78 92 25 18 22 39 63 70 32 41 26 89 20 96 4 56 80 24 85 21 49 42 27 13 55 10 71 99 62 82 77 69 74 95 68 59 93 66 8 84 35 7 61 15 
100 72 54 94 76 100 57 79 60 14 64 83 43 6 48 37 87 88 1 51 40 3 23 52 2 44 90 5 45 81 98 75 73 12 36 11 16 53 46 17 19 47 28 33 31 91 65 67 58 34 86 9 97 50 38 30 29 78 92 25 18 22 39 63 70 32 41 26 89 20 96 4 56 80 24 85 21 49 42 27 13 55 10 71 99 62 82 77 69 74 95 68 59 93 66 8 84 35 7 61 15 
100 72 54 94 76 100 57 79 60 14 64 83 43 6 48 37 87 88 1 51 40 3 23 52 2 44 90 5 45 81 98 75 73 12 36 11 16 53 46 17 19 47 28 33 31 91 65 67 58 34 86 9 97 50 38 30 29 78 92 25 18 22 39 63 70 32 41 26 89 20 96 4 56 80 24 85 21 49 42 27 13 55 10 71 99 62 82 77 69 74 95 68 59 93 66 8 84 35 7 61 15 
100 72 54 94 76 100 57 79 60 14 64 83 43 6 48 37 87 88 1 51 40 3 23 52 2 44 90 5 45 81 98 75 73 12 36 11 16 53 46 17 19 47 28 33 31 91 65 67 58 34 86 9 97 50 38 30 29 78 92 25 18 22 39 63 70 32 41 26 89 20 96 4 56 80 24 85 21 49 42 27 13 55 10 71 99 62 82 77 69 74 95 68 59 93 66 8 84 35 7 61 15 
100 72 54 94 76 100 57 79 60 14 64 83 43 6 48 37 87 88 1 51 40 3 23 52 2 44 90 5 45 81 98 75 73 12 36 11 16 53 46 17 19 47 28 33 31 91 65 67 58 34 86 9 97 50 38 30 29 78 92 25 18 22 39 63 70 32 41 26 89 20 96 4 56 80 24 85 21 49 42 27 13 55 10 71 99 62 82 77 69 74 95 68 59 93 66 8 84 35 7 61 15 
100 72 54 94 76 100 57 79 60 14 64 83 43 6 48 37 87 88 1 51 40 3 23 52 2 44 90 5 45 81 98 75 73 12 36 11 16 53 46 17 19 47 28 33 31 91 65 67 58 34 86 9 97 50 38 30 29 78 92 25 18 22 39 63 70 32 41 26 89 20 96 4 56 80 24 85 21 49 42 27 13 55 10 71 99 62 82 77 69 74 95 68 59 93 66 8 84 35 7 61 15 
100 72 54 94 76 100 57 79 60 14 64 83 43 6 48 37 87 88 1 51 40 3 23 52 2 44 90 5 45 81 98 75 73 12 36 11 16 53 46 17 19 47 28 33 31 91 65 67 58 34 86 9 97 50 38 30 29 78 92 25 18 22 39 63 70 32 41 26 89 20 96 4 56 80 24 85 21 49 42 27 13 55 10 71 99 62 82 77 69 74 95 68 59 93 66 8 84 35 7 61 15 
100 72 54 94 76 100 57 79 60 14 64 83 43 6 48 37 87 88 1 51 40 3 23 52 2 44 90 5 45 81 98 75 73 12 36 11 16 53 46 17 19 47 28 33 31 91 65 67 58 34 86 9 97 50 38 30 29 78 92 25 18 22 39 63 70 32 41 26 89 20 96 4 56 80 24 85 21 49 42 27 13 55 10 71 99 62 82 77 69 74 95 68 59 93 66 8 84 35 7 61 15 
100 72 54 94 76 100 57 79 60 14 64 83 43 6 48 37 87 88 1 51 40 3 23 52 2 44 90 5 45 81 98 75 73 12 36 11 16 53 46 17 19 47 28 33 31 91 65 67 58 34 86 9 97 50 38 30 29 78 92 25 18 22 39 63 70 32 41 26 89 20 96 4 56 80 24 85 21 49 42 27 13 55 10 71 99 62 82 77 69 74 95 68 59 93 66 8 84 35 7 61 15 
100 72 54 94 76 100 57 79 60 14 64 83 43 6 48 37 87 88 1 51 40 3 23 52 2 44 90 5 45 81 98 75 73 12 36 11 16 53 46 17 19 47 28 33 31 91 65 67 58 34 86 9 97 50 38 30 29 78 92 25 18 22 39 63 70 32 41 26 89 20 96 4 56 80 24 85 21 49 42 27 13 55 10 71 99 62 82 77 69 74 95 68 59 93 66 8 84 35 7 61 15 
100 72 54 94 76 100 57 79 60 14 64 83 43 6 48 37 87 88 1 51 40 3 23 52 2 44 90 5 45 81 98 75 73 12 36 11 16 53 46 17 19 47 28 33 31 91 65 67 58 34 86 9 97 50 38 30 29 78 92 25 18 22 39 63 70 32 41 26 89 20 96 4 56 80 24 85 21 49 42 27 13 55 10 71 99 62 82 77 69 74 95 68 59 93 66 8 84 35 7 61 15 
100 72 54 94 76 100 57 79 60 14 64 83 43 6 48 37 87 88 1 51 40 3 23 52 2 44 90 5 45 81 98 75 73 12 36 11 16 53 46 17 19 47 28 33 31 91 65 67 58 34 86 9 97 50 38 30 29 78 92 25 18 22 39 63 70 32 41 26 89 20 96 4 56 80 24 85 21 49 42 27 13 55 10 71 99 62 82 77 69 74 95 68 59 93 66 8 84 35 7 61 15 
100 72 54 94 76 100 57 79 60 14 64 83 43 6 48 37 87 88 1 51 40 3 23 52 2 44 90 5 45 81 98 75 73 12 36 11 16 53 46 17 19 47 28 33 31 91 65 67 58 34 86 9 97 50 38 30 29 78 92 25 18 22 39 63 70 32 41 26 89 20 96 4 56 80 24 85 21 49 42 27 13 55 10 71 99 62 82 77 69 74 95 68 59 93 66 8 84 35 7 61 15 
100 72 54 94 76 100 57 79 60 14 64 83 43 6 48 37 87 88 1 51 40 3 23 52 2 44 90 5 45 81 98 75 73 12 36 11 16 53 46 17 19 47 28 33 31 91 65 67 58 34 86 9 97 50 38 30 29 78 92 25 18 22 39 63 70 32 41 26 89 20 96 4 56 80 24 85 21 49 42 27 13 55 10 71 99 62 82 77 69 74 95 68 59 93 66 8 84 35 7 61 15 
100 72 54 94 76 100 57 79 60 14 64 83 43 6 48 37 87 88 1 51 40 3 23 52 2 44 90 5 45 81 98 75 73 12 36 11 16 53 46 17 19 47 28 33 31 91 65 67 58 34 86 9 97 50 38 30 29 78 92 25 18 22 39 63 70 32 41 26 89 20 96 4 56 80 24 85 21 49 42 27 13 55 10 71 99 62 82 77 69 74 95 68 59 93 66 8 84 35 7 61 15 
100 72 54 94 76 100 57 79 60 14 64 83 43 6 48 37 87 88 1 51 40 3 23 52 2 44 90 5 45 81 98 75 73 12 36 11 16 53 46 17 19 47 28 33 31 91 65 67 58 34 86 9 97 50 38 30 29 78 92 25 18 22 39 63 70 32 41 26 89 20 96 4 56 80 24 85 21 49 42 27 13 55 10 71 99 62 82 77 69 74 95 68 59 93 66 8 84 35 7 61 15 
100 72 54 94 76 100 57 79 60 14 64 83 43 6 48 37 87 88 1 51 40 3 23 52 2 44 90 5 45 81 98 75 73 12 36 11 16 53 46 17 19 47 28 33 31 91 65 67 58 34 86 9 97 50 38 30 29 78 92 25 18 22 39 63 70 32 41 26 89 20 96 4 56 80 24 85 21 49 42 27 13 55 10 71 99 62 82 77 69 74 95 68 59 93 66 8 84 35 7 61 15 
100 72 54 94 76 100 57 79 60 14 64 83 43 6 48 37 87 88 1 51 40 3 23 52 2 44 90 5 45 81 98 75 73 12 36 11 16 53 46 17 19 47 28 33 31 91 65 67 58 34 86 9 97 50 38 30 29 78 92 25 18 22 39 63 70 32 41 26 89 20 96 4 56 80 24 85 21 49 42 27 13 55 10 71 99 62 82 77 69 74 95 68 59 93 66 8 84 35 7 61 15 
100 72 54 94 76 100 57 79 60 14 64 83 43 6 48 37 87 88 1 51 40 3 23 52 2 44 90 5 45 81 98 75 73 12 36 11 16 53 46 17 19 47 28 33 31 91 65 67 58 34 86 9 97 50 38 30 29 78 92 25 18 22 39 63 70 32 41 26 89 20 96 4 56 80 24 85 21 49 42 27 13 55 10 71 99 62 82 77 69 74 95 68 59 93 66 8 84 35 7 61 15 
100 72 54 94 76 100 57 79 60 14 64 83 43 6 48 37 87 88 1 51 40 3 23 52 2 44 90 5 45 81 98 75 73 12 36 11 16 53 46 17 19 47 28 33 31 91 65 67 58 34 86 9 97 50 38 30 29 78 92 25 18 22 39 63 70 32 41 26 89 20 96 4 56 80 24 85 21 49 42 27 13 55 10 71 99 62 82 77 69 74 95 68 59 93 66 8 84 35 7 61 15 
100 72 54 94 76 100 57 79 60 14 64 83 43 6 48 37 87 88 1 51 40 3 23 52 2 44 90 5 45 81 98 75 73 12 36 11 16 53 46 17 19 47 28 33 31 91 65 67 58 34 86 9 97 50 38 30 29 78 92 25 18 22 39 63 70 32 41 26 89 20 96 4 56 80 24 85 21 49 42 27 13 55 10 71 99 62 82 77 69 74 95 68 59 93 66 8 84 35 7 61 15 
100 72 54 94 76 100 57 79 60 14 64 83 43 6 48 37 87 88 1 51 40 3 23 52 2 44 90 5 45 81 98 75 73 12 36 11 16 53 46 17 19 47 28 33 31 91 65 67 58 34 86 9 97 50 38 30 29 78 92 25 18 22 39 63 70 32 41 26 89 20 96 4 56 80 24 85 21 49 42 27 13 55 10 71 99 62 82 77 69 74 95 68 59 93 66 8 84 35 7 61 15 
100 72 54 94 76 100 57 79 60 14 64 83 43 6 48 37 87 88 1 51 40 3 23 52 2 44 90 5 45 81 98 75 73 12 36 11 16 53 46 17 19 47 28 33 31 91 65 67 58 34 86 9 97 50 38 30 29 78 92 25 18 22 39 63 70 32 41 26 89 20 96 4 56 80 24 85 21 49 42 27 13 55 10 71 99 62 82 77 69 74 95 68 59 93 66 8 84 35 7 61 15 
100 72 54 94 76 100 57 79 60 14 64 83 43 6 48 37 87 88 1 51 40 3 23 52 2 44 90 5 45 81 98 75 73 12 36 11 16 53 46 17 19 47 28 33 31 91 65 67 58 34 86 9 97 50 38 30 29 78 92 25 18 22 39 63 70 32 41 26 89 20 96 4 56 80 24 85 21 49 42 27 13 55 10 71 99 62 82 77 69 74 95 68 59 93 66 8 84 35 7 61 15 
100 72 54 94 76 100 57 79 60 14 64 83 43 6 48 37 87 88 1 51 40 3 23 52 2 44 90 5 45 81 98 75 73 12 36 11 16 53 46 17 19 47 28 33 31 91 65 67 58 34 86 9 97 50 38 30 29 78 92 25 18 22 39 63 70 32 41 26 89 20 96 4 56 80 24 85 21 49 42 27 13 55 10 71 99 62 82 77 69 74 95 68 59 93 66 8 84 35 7 61 15 
100 72 54 94 76 100 57 79 60 14 64 83 43 6 48 37 87 88 1 51 40 3 23 52 2 44 90 5 45 81 98 75 73 12 36 11 16 53 46 17 19 47 28 33 31 91 65 67 58 34 86 9 97 50 38 30 29 78 92 25 18 22 39 63 70 32 41 26 89 20 96 4 56 80 24 85 21 49 42 27 13 55 10 71 99 62 82 77 69 74 95 68 59 93 66 8 84 35 7 61 15 
100 72 54 94 76 100 57 79 60 14 64 83 43 6 48 37 87 88 1 51 40 3 23 52 2 44 90 5 45 81 98 75 73 12 36 11 16 53 46 17 19 47 28 33 31 91 65 67 58 34 86 9 97 50 38 30 29 78 92 25 18 22 39 63 70 32 41 26 89 20 96 4 56 80 24 85 21 49 42 27 13 55 10 71 99 62 82 77 69 74 95 68 59 93 66 8 84 35 7 61 15 
100 72 54 94 76 100 57 79 60 14 64 83 43 6 48 37 87 88 1 51 40 3 23 52 2 44 90 5 45 81 98 75 73 12 36 11 16 53 46 17 19 47 28 33 31 91 65 67 58 34 86 9 97 50 38 30 29 78 92 25 18 22 39 63 70 32 41 26 89 20 96 4 56 80 24 85 21 49 42 27 13 55 10 71 99 62 82 77 69 74 95 68 59 93 66 8 84 35 7 61 15 
100 72 54 94 76 100 57 79 60 14 64 83 43 6 48 37 87 88 1 51 40 3 23 52 2 44 90 5 45 81 98 75 73 12 36 11 16 53 46 17 19 47 28 33 31 91 65 67 58 34 86 9 97 50 38 30 29 78 92 25 18 22 39 63 70 32 41 26 89 20 96 4 56 80 24 85 21 49 42 27 13 55 10 71 99 62 82 77 69 74 95 68 59 93 66 8 84 35 7 61 15 
100 72 54 94 76 100 57 79 60 14 64 83 43 6 48 37 87 88 1 51 40 3 23 52 2 44 90 5 45 81 98 75 73 12 36 11 16 53 46 17 19 47 28 33 31 91 65 67 58 34 86 9 97 50 38 30 29 78 92 25 18 22 39 63 70 32 41 26 89 20 96 4 56 80 24 85 21 49 42 27 13 55 10 71 99 62 82 77 69 74 95 68 59 93 66 8 84 35 7 61 15 
100 72 54 94 76 100 57 79 60 14 64 83 43 6 48 37 87 88 1 51 40 3 23 52 2 44 90 5 45 81 98 75 73 12 36 11 16 53 46 17 19 47 28 33 31 91 65 67 58 34 86 9 97 50 38 30 29 78 92 25 18 22 39 63 70 32 41 26 89 20 96 4 56 80 24 85 21 49 42 27 13 55 10 71 99 62 82 77 69 74 95 68 59 93 66 8 84 35 7 61 15 
100 72 54 94 76 100 57 79 60 14 64 83 43 6 48 37 87 88 1 51 40 3 23 52 2 44 90 5 45 81 98 75 73 12 36 11 16 53 46 17 19 47 28 33 31 91 65 67 58 34 86 9 97 50 38 30 29 78 92 25 18 22 39 63 70 32 41 26 89 20 96 4 56 80 24 85 21 49 42 27 13 55 10 71 99 62 82 77 69 74 95 68 59 93 66 8 84 35 7 61 15 
100 72 54 94 76 100 57 79 60 14 64 83 43 6 48 37 87 88 1 51 40 3 23 52 2 44 90 5 45 81 98 75 73 12 36 11 16 53 46 17 19 47 28 33 31 91 65 67 58 34 86 9 97 50 38 30 29 78 92 25 18 22 39 63 70 32 41 26 89 20 96 4 56 80 24 85 21 49 42 27 13 55 10 71 99 62 82 77 69 74 95 68 59 93 66 8 84 35 7 61 15 
100 72 54 94 76 100 57 79 60 14 64 83 43 6 48 37 87 88 1 51 40 3 23 52 2 44 90 5 45 81 98 75 73 12 36 11 16 53 46 17 19 47 28 33 31 91 65 67 58 34 86 9 97 50 38 30 29 78 92 25 18 22 39 63 70 32 41 26 89 20 96 4 56 80 24 85 21 49 42 27 13 55 10 71 99 62 82 77 69 74 95 68 59 93 66 8 84 35 7 61 15 
100 72 54 94 76 100 57 79 60 14 64 83 43 6 48 37 87 88 1 51 40 3 23 52 2 44 90 5 45 81 98 75 73 12 36 11 16 53 46 17 19 47 28 33 31 91 65 67 58 34 86 9 97 50 38 30 29 78 92 25 18 22 39 63 70 32 41 26 89 20 96 4 56 80 24 85 21 49 42 27 13 55 10 71 99 62 82 77 69 74 95 68 59 93 66 8 84 35 7 61 15 
100 72 54 94 76 100 57 79 60 14 64 83 43 6 48 37 87 88 1 51 40 3 23 52 2 44 90 5 45 81 98 75 73 12 36 11 16 53 46 17 19 47 28 33 31 91 65 67 58 34 86 9 97 50 38 30 29 78 92 25 18 22 39 63 70 32 41 26 89 20 96 4 56 80 24 85 21 49 42 27 13 55 10 71 99 62 82 77 69 74 95 68 59 93 66 8 84 35 7 61 15 
100 72 54 94 76 100 57 79 60 14 64 83 43 6 48 37 87 88 1 51 40 3 23 52 2 44 90 5 45 81 98 75 73 12 36 11 16 53 46 17 19 47 28 33 31 91 65 67 58 34 86 9 97 50 38 30 29 78 92 25 18 22 39 63 70 32 41 26 89 20 96 4 56 80 24 85 21 49 42 27 13 55 10 71 99 62 82 77 69 74 95 68 59 93 66 8 84 35 7 61 15 
100 72 54 94 76 100 57 79 60 14 64 83 43 6 48 37 87 88 1 51 40 3 23 52 2 44 90 5 45 81 98 75 73 12 36 11 16 53 46 17 19 47 28 33 31 91 65 67 58 34 86 9 97 50 38 30 29 78 92 25 18 22 39 63 70 32 41 26 89 20 96 4 56 80 24 85 21 49 42 27 13 55 10 71 99 62 82 77 69 74 95 68 59 93 66 8 84 35 7 61 15 
100 72 54 94 76 100 57 79 60 14 64 83 43 6 48 37 87 88 1 51 40 3 23 52 2 44 90 5 45 81 98 75 73 12 36 11 16 53 46 17 19 47 28 33 31 91 65 67 58 34 86 9 97 50 38 30 29 78 92 25 18 22 39 63 70 32 41 26 89 20 96 4 56 80 24 85 21 49 42 27 13 55 10 71 99 62 82 77 69 74 95 68 59 93 66 8 84 35 7 61 15 
100 72 54 94 76 100 57 79 60 14 64 83 43 6 48 37 87 88 1 51 40 3 23 52 2 44 90 5 45 81 98 75 73 12 36 11 16 53 46 17 19 47 28 33 31 91 65 67 58 34 86 9 97 50 38 30 29 78 92 25 18 22 39 63 70 32 41 26 89 20 96 4 56 80 24 85 21 49 42 27 13 55 10 71 99 62 82 77 69 74 95 68 59 93 66 8 84 35 7 61 15 
100 72 54 94 76 100 57 79 60 14 64 83 43 6 48 37 87 88 1 51 40 3 23 52 2 44 90 5 45 81 98 75 73 12 36 11 16 53 46 17 19 47 28 33 31 91 65 67 58 34 86 9 97 50 38 30 29 78 92 25 18 22 39 63 70 32 41 26 89 20 96 4 56 80 24 85 21 49 42 27 13 55 10 71 99 62 82 77 69 74 95 68 59 93 66 8 84 35 7 61 15 
100 72 54 94 76 100 57 79 60 14 64 83 43 6 48 37 87 88 1 51 40 3 23 52 2 44 90 5 45 81 98 75 73 12 36 11 16 53 46 17 19 47 28 33 31 91 65 67 58 34 86 9 97 50 38 30 29 78 92 25 18 22 39 63 70 32 41 26 89 20 96 4 56 80 24 85 21 49 42 27 13 55 10 71 99 62 82 77 69 74 95 68 59 93 66 8 84 35 7 61 15 
100 72 54 94 76 100 57 79 60 14 64 83 43 6 48 37 87 88 1 51 40 3 23 52 2 44 90 5 45 81 98 75 73 12 36 11 16 53 46 17 19 47 28 33 31 91 65 67 58 34 86 9 97 50 38 30 29 78 92 25 18 22 39 63 70 32 41 26 89 20 96 4 56 80 24 85 21 49 42 27 13 55 10 71 99 62 82 77 69 74 95 68 59 93 66 8 84 35 7 61 15 
100 72 54 94 76 100 57 79 60 14 64 83 43 6 48 37 87 88 1 51 40 3 23 52 2 44 90 5 45 81 98 75 73 12 36 11 16 53 46 17 19 47 28 33 31 91 65 67 58 34 86 9 97 50 38 30 29 78 92 25 18 22 39 63 70 32 41 26 89 20 96 4 56 80 24 85 21 49 42 27 13 55 10 71 99 62 82 77 69 74 95 68 59 93 66 8 84 35 7 61 15 
100 72 54 94 76 100 57 79 60 14 64 83 43 6 48 37 87 88 1 51 40 3 23 52 2 44 90 5 45 81 98 75 73 12 36 11 16 53 46 17 19 47 28 33 31 91 65 67 58 34 86 9 97 50 38 30 29 78 92 25 18 22 39 63 70 32 41 26 89 20 96 4 56 80 24 85 21 49 42 27 13 55 10 71 99 62 82 77 69 74 95 68 59 93 66 8 84 35 7 61 15 
100 72 54 94 76 100 57 79 60 14 64 83 43 6 48 37 87 88 1 51 40 3 23 52 2 44 90 5 45 81 98 75 73 12 36 11 16 53 46 17 19 47 28 33 31 91 65 67 58 34 86 9 97 50 38 30 29 78 92 25 18 22 39 63 70 32 41 26 89 20 96 4 56 80 24 85 21 49 42 27 13 55 10 71 99 62 82 77 69 74 95 68 59 93 66 8 84 35 7 61 15 
100 72 54 94 76 100 57 79 60 14 64 83 43 6 48 37 87 88 1 51 40 3 23 52 2 44 90 5 45 81 98 75 73 12 36 11 16 53 46 17 19 47 28 33 31 91 65 67 58 34 86 9 97 50 38 30 29 78 92 25 18 22 39 63 70 32 41 26 89 20 96 4 56 80 24 85 21 49 42 27 13 55 10 71 99 62 82 77 69 74 95 68 59 93 66 8 84 35 7 61 15 
100 72 54 94 76 100 57 79 60 14 64 83 43 6 48 37 87 88 1 51 40 3 23 52 2 44 90 5 45 81 98 75 73 12 36 11 16 53 46 17 19 47 28 33 31 91 65 67 58 34 86 9 97 50 38 30 29 78 92 25 18 22 39 63 70 32 41 26 89 20 96 4 56 80 24 85 21 49 42 27 13 55 10 71 99 62 82 77 69 74 95 68 59 93 66 8 84 35 7 61 15 
100 72 54 94 76 100 57 79 60 14 64 83 43 6 48 37 87 88 1 51 40 3 23 52 2 44 90 5 45 81 98 75 73 12 36 11 16 53 46 17 19 47 28 33 31 91 65 67 58 34 86 9 97 50 38 30 29 78 92 25 18 22 39 63 70 32 41 26 89 20 96 4 56 80 24 85 21 49 42 27 13 55 10 71 99 62 82 77 69 74 95 68 59 93 66 8 84 35 7 61 15 
100 72 54 94 76 100 57 79 60 14 64 83 43 6 48 37 87 88 1 51 40 3 23 52 2 44 90 5 45 81 98 75 73 12 36 11 16 53 46 17 19 47 28 33 31 91 65 67 58 34 86 9 97 50 38 30 29 78 92 25 18 22 39 63 70 32 41 26 89 20 96 4 56 80 24 85 21 49 42 27 13 55 10 71 99 62 82 77 69 74 95 68 59 93 66 8 84 35 7 61 15 
100 72 54 94 76 100 57 79 60 14 64 83 43 6 48 37 87 88 1 51 40 3 23 52 2 44 90 5 45 81 98 75 73 12 36 11 16 53 46 17 19 47 28 33 31 91 65 67 58 34 86 9 97 50 38 30 29 78 92 25 18 22 39 63 70 32 41 26 89 20 96 4 56 80 24 85 21 49 42 27 13 55 10 71 99 62 82 77 69 74 95 68 59 93 66 8 84 35 7 61 15 
100 72 54 94 76 100 57 79 60 14 64 83 43 6 48 37 87 88 1 51 40 3 23 52 2 44 90 5 45 81 98 75 73 12 36 11 16 53 46 17 19 47 28 33 31 91 65 67 58 34 86 9 97 50 38 30 29 78 92 25 18 22 39 63 70 32 41 26 89 20 96 4 56 80 24 85 21 49 42 27 13 55 10 71 99 62 82 77 69 74 95 68 59 93 66 8 84 35 7 61 15 
100 72 54 94 76 100 57 79 60 14 64 83 43 6 48 37 87 88 1 51 40 3 23 52 2 44 90 5 45 81 98 75 73 12 36 11 16 53 46 17 19 47 28 33 31 91 65 67 58 34 86 9 97 50 38 30 29 78 92 25 18 22 39 63 70 32 41 26 89 20 96 4 56 80 24 85 21 49 42 27 13 55 10 71 99 62 82 77 69 74 95 68 59 93 66 8 84 35 7 61 15 
100 72 54 94 76 100 57 79 60 14 64 83 43 6 48 37 87 88 1 51 40 3 23 52 2 44 90 5 45 81 98 75 73 12 36 11 16 53 46 17 19 47 28 33 31 91 65 67 58 34 86 9 97 50 38 30 29 78 92 25 18 22 39 63 70 32 41 26 89 20 96 4 56 80 24 85 21 49 42 27 13 55 10 71 99 62 82 77 69 74 95 68 59 93 66 8 84 35 7 61 15 
100 72 54 94 76 100 57 79 60 14 64 83 43 6 48 37 87 88 1 51 40 3 23 52 2 44 90 5 45 81 98 75 73 12 36 11 16 53 46 17 19 47 28 33 31 91 65 67 58 34 86 9 97 50 38 30 29 78 92 25 18 22 39 63 70 32 41 26 89 20 96 4 56 80 24 85 21 49 42 27 13 55 10 71 99 62 82 77 69 74 95 68 59 93 66 8 84 35 7 61 15 
100 72 54 94 76 100 57 79 60 14 64 83 43 6 48 37 87 88 1 51 40 3 23 52 2 44 90 5 45 81 98 75 73 12 36 11 16 53 46 17 19 47 28 33 31 91 65 67 58 34 86 9 97 50 38 30 29 78 92 25 18 22 39 63 70 32 41 26 89 20 96 4 56 80 24 85 21 49 42 27 13 55 10 71 99 62 82 77 69 74 95 68 59 93 66 8 84 35 7 61 15 
100 72 54 94 76 100 57 79 60 14 64 83 43 6 48 37 87 88 1 51 40 3 23 52 2 44 90 5 45 81 98 75 73 12 36 11 16 53 46 17 19 47 28 33 31 91 65 67 58 34 86 9 97 50 38 30 29 78 92 25 18 22 39 63 70 32 41 26 89 20 96 4 56 80 24 85 21 49 42 27 13 55 10 71 99 62 82 77 69 74 95 68 59 93 66 8 84 35 7 61 15 
100 72 54 94 76 100 57 79 60 14 64 83 43 6 48 37 87 88 1 51 40 3 23 52 2 44 90 5 45 81 98 75 73 12 36 11 16 53 46 17 19 47 28 33 31 91 65 67 58 34 86 9 97 50 38 30 29 78 92 25 18 22 39 63 70 32 41 26 89 20 96 4 56 80 24 85 21 49 42 27 13 55 10 71 99 62 82 77 69 74 95 68 59 93 66 8 84 35 7 61 15 
100 72 54 94 76 100 57 79 60 14 64 83 43 6 48 37 87 88 1 51 40 3 23 52 2 44 90 5 45 81 98 75 73 12 36 11 16 53 46 17 19 47 28 33 31 91 65 67 58 34 86 9 97 50 38 30 29 78 92 25 18 22 39 63 70 32 41 26 89 20 96 4 56 80 24 85 21 49 42 27 13 55 10 71 99 62 82 77 69 74 95 68 59 93 66 8 84 35 7 61 15 
100 72 54 94 76 100 57 79 60 14 64 83 43 6 48 37 87 88 1 51 40 3 23 52 2 44 90 5 45 81 98 75 73 12 36 11 16 53 46 17 19 47 28 33 31 91 65 67 58 34 86 9 97 50 38 30 29 78 92 25 18 22 39 63 70 32 41 26 89 20 96 4 56 80 24 85 21 49 42 27 13 55 10 71 99 62 82 77 69 74 95 68 59 93 66 8 84 35 7 61 15 
100 72 54 94 76 100 57 79 60 14 64 83 43 6 48 37 87 88 1 51 40 3 23 52 2 44 90 5 45 81 98 75 73 12 36 11 16 53 46 17 19 47 28 33 31 91 65 67 58 34 86 9 97 50 38 30 29 78 92 25 18 22 39 63 70 32 41 26 89 20 96 4 56 80 24 85 21 49 42 27 13 55 10 71 99 62 82 77 69 74 95 68 59 93 66 8 84 35 7 61 15 
100 72 54 94 76 100 57 79 60 14 64 83 43 6 48 37 87 88 1 51 40 3 23 52 2 44 90 5 45 81 98 75 73 12 36 11 16 53 46 17 19 47 28 33 31 91 65 67 58 34 86 9 97 50 38 30 29 78 92 25 18 22 39 63 70 32 41 26 89 20 96 4 56 80 24 85 21 49 42 27 13 55 10 71 99 62 82 77 69 74 95 68 59 93 66 8 84 35 7 61 15 
