100
100 94 26 86 22 36 3 75 77 59 83 11 74 98 5 57 25 63 71 19 89 7 46 88 64 68 29 1 2 44 47 100 50 33 99 28 93 79 48 95 8 32 54 61 40 6 66 67 53 17 14 55 18 41 21 35 38 4 80 49 96 27 24 13 91 23 72 82 16 84 12 51 87 45 76 58 70 52 56 37 20 65 78 34 73 9 81 85 62 92 90 42 39 15 31 97 43 60 69 30 10 
100 37 34 47 44 63 26 1 9 66 54 87 95 84 48 25 53 7 76 22 14 29 30 13 96 56 16 80 11 77 94 89 70 91 8 57 3 40 68 5 46 39 51 23 79 100 49 98 99 71 93 59 36 61 6 20 50 24 81 4 12 33 15 52 21 31 73 2 90 28 17 69 82 42 55 38 75 78 27 97 43 45 92 60 35 85 10 62 64 86 18 83 41 58 67 88 72 32 74 65 19 
100 44 19 59 6 75 58 47 72 87 52 65 1 11 37 26 7 66 31 34 57 56 13 62 68 30 61 55 41 4 97 39 99 69 86 74 95 73 40 88 48 70 28 98 23 22 43 81 93 27 54 10 12 33 83 49 29 51 96 67 17 32 9 3 24 63 15 100 16 71 18 53 78 50 45 25 5 60 36 94 91 42 14 21 92 64 77 90 2 46 35 8 80 85 89 82 79 84 38 20 76 
100 25 63 26 69 91 76 83 41 52 18 14 88 96 34 10 38 36 82 43 61 45 9 77 70 13 97 48 19 62 89 75 99 79 74 42 12 16 22 33 58 7 59 6 27 85 40 32 68 1 90 15 55 73 39 66 50 46 98 67 47 29 23 5 31 21 11 86 72 94 78 30 95 80 87 84 35 49 81 8 44 54 64 53 60 28 100 4 20 51 17 24 92 57 93 71 3 2 37 56 65 
100 44 13 23 43 72 8 26 96 92 84 78 41 73 42 62 4 61 37 80 52 10 50 18 30 67 65 28 88 94 7 82 93 12 40 45 91 83 59 38 99 95 32 31 98 21 19 47 3 66 85 70 75 68 57 58 53 46 51 14 36 89 77 33 24 49 9 39 5 16 29 11 60 22 27 69 87 1 54 20 81 79 63 48 90 71 2 64 100 76 55 86 25 17 6 74 97 35 56 34 15 
100 37 17 11 100 93 44 77 41 6 72 48 60 39 25 45 38 26 52 89 35 47 71 76 94 10 68 20 91 85 67 1 65 92 18 54 28 86 55 69 7 15 66 83 90 96 74 4 31 61 97 56 13 43 12 22 9 63 79 64 8 84 32 62 14 29 16 2 24 42 5 23 78 50 53 40 73 33 21 82 99 36 3 57 80 70 87 81 19 34 30 58 27 51 75 95 59 46 49 88 98 
100 47 99 14 22 8 56 57 87 60 61 85 98 76 13 2 75 89 38 84 95 97 82 45 19 78 23 16 46 40 42 54 65 80 53 88 93 91 11 67 94 7 26 83 1 12 62 70 30 20 72 100 58 96 6 9 32 52 44 71 90 66 48 86 25 49 64 33 77 79 21 35 69 50 41 10 17 27 37 24 68 43 36 51 31 39 34 92 28 5 59 74 73 55 4 15 29 81 63 18 3 
100 77 62 97 32 1 94 40 69 3 42 15 61 99 13 7 5 92 96 31 81 68 48 38 20 51 82 88 98 50 87 21 54 37 43 12 25 55 84 6 27 90 39 67 64 22 100 47 59 18 46 52 83 14 72 24 53 60 9 80 63 93 28 34 71 23 74 11 73 30 44 17 95 65 91 16 56 2 4 66 79 57 33 89 49 19 75 8 86 85 36 10 76 78 29 35 70 45 41 26 58 
100 37 61 69 31 29 63 86 96 16 71 51 45 67 21 49 99 4 87 88 85 58 73 98 36 89 90 14 76 30 1 65 72 93 39 53 40 13 42 35 34 19 6 27 5 68 7 18 75 38 56 92 91 17 50 55 3 41 46 54 32 48 12 66 70 74 44 24 25 47 64 95 84 62 57 59 81 83 22 11 78 79 33 43 97 82 8 77 28 26 10 23 15 94 20 2 9 60 100 80 52 
100 51 5 38 2 59 73 15 50 29 57 7 94 3 32 9 1 96 61 33 36 58 6 90 62 69 92 37 21 16 49 14 64 53 18 12 31 72 23 35 25 48 89 99 91 26 87 88 84 30 83 81 82 52 45 80 10 85 95 41 42 44 20 79 67 55 13 4 28 77 47 93 40 43 11 68 63 76 8 86 66 54 24 17 60 46 97 70 56 71 34 65 19 74 39 75 27 98 22 78 100 
100 30 25 92 54 95 72 97 89 36 99 100 6 70 51 56 59 28 7 39 3 66 27 21 87 43 85 44 67 19 81 83 60 23 49 22 55 65 40 13 79 46 11 53 42 82 50 5 74 69 93 75 14 61 63 33 24 10 35 2 90 8 80 31 96 94 84 58 73 52 12 77 1 15 47 4 26 48 64 29 88 16 20 91 71 9 57 76 18 17 32 37 62 98 45 68 34 86 78 38 41 
100 89 64 44 69 36 66 93 62 59 54 84 73 92 91 78 63 87 82 7 37 52 38 56 22 24 15 19 25 2 61 88 43 14 60 90 51 71 79 3 85 95 67 75 55 16 98 77 17 31 40 4 72 5 27 6 76 34 13 26 28 94 48 30 41 53 45 18 10 96 42 50 21 70 99 23 58 39 20 49 81 11 46 9 29 32 47 68 65 57 83 1 12 97 74 35 86 100 80 8 33 
100 50 67 26 91 83 76 19 74 35 46 93 99 44 63 10 17 87 8 94 42 1 78 9 39 6 28 66 95 69 2 18 75 54 80 90 27 4 84 13 65 21 40 16 11 32 82 58 96 100 98 47 60 3 57 15 41 53 85 81 24 14 68 88 31 89 70 71 34 20 33 51 64 5 59 77 12 49 48 29 56 37 97 30 52 72 86 79 22 7 36 23 73 62 25 92 45 43 55 38 61 
100 18 80 63 50 89 61 83 11 29 45 43 51 87 96 66 38 14 59 82 41 64 2 71 13 35 42 34 85 28 92 33 9 24 20 60 8 94 17 3 95 32 58 49 98 40 4 21 97 93 90 30 15 7 6 81 52 57 72 16 91 76 100 10 44 53 39 19 37 73 84 47 88 55 75 74 62 36 68 1 77 22 12 69 25 54 31 99 65 5 48 67 27 70 26 56 78 23 46 79 86 
100 56 89 3 62 25 50 75 90 85 96 80 48 53 46 13 52 71 69 65 60 33 92 37 2 63 83 99 39 32 100 36 73 97 61 64 4 10 24 59 27 55 34 14 18 12 41 72 5 66 26 45 57 98 88 91 86 70 94 79 95 77 17 78 42 74 22 21 68 23 6 31 9 16 81 87 51 19 93 44 49 28 30 82 40 7 1 67 38 15 84 35 29 58 54 47 43 20 11 8 76 
100 97 82 96 4 100 40 94 33 68 1 71 58 93 79 55 25 80 84 56 43 77 31 87 22 60 81 74 24 29 64 11 52 90 89 66 26 36 32 14 48 2 7 69 23 85 83 19 91 76 57 10 62 16 35 15 51 50 47 73 37 61 34 95 65 30 5 21 20 67 13 9 99 92 78 42 41 3 44 39 8 49 72 46 59 12 86 17 70 63 98 54 27 53 75 6 45 38 88 28 18 
100 10 48 3 100 12 1 6 44 89 91 2 36 62 76 11 69 24 79 70 96 50 97 58 51 49 78 74 25 85 35 30 83 92 98 57 20 14 31 9 63 42 68 64 67 16 54 27 40 23 72 8 99 33 93 32 95 88 77 87 15 43 29 22 82 65 38 52 84 81 34 28 46 5 56 61 75 19 53 21 80 47 60 94 7 39 41 37 66 59 90 55 4 73 17 86 26 45 18 13 71 
100 51 78 59 34 44 17 90 4 19 47 80 5 71 54 9 22 40 87 86 66 3 99 75 30 1 84 65 35 69 37 45 38 48 91 98 92 82 29 88 20 63 32 53 77 27 62 21 23 46 41 73 97 93 81 58 31 25 42 85 2 14 16 52 94 79 83 12 8 13 7 57 50 72 26 67 100 49 76 95 64 55 36 60 89 28 6 11 96 74 70 24 15 43 68 56 33 61 39 18 10 
100 38 31 92 12 40 29 73 93 71 62 75 13 30 69 63 28 17 85 95 27 53 20 49 16 74 23 87 39 5 55 90 66 61 57 97 47 82 83 44 19 26 94 96 78 32 91 42 1 21 48 86 34 67 81 89 60 41 18 2 22 25 68 10 56 54 36 46 43 79 14 33 15 59 72 99 8 3 45 58 4 88 11 70 52 6 51 24 37 65 64 98 50 35 7 80 9 76 100 84 77 
100 2 33 81 65 24 76 57 30 85 28 40 87 53 74 11 84 47 31 17 89 92 68 8 88 96 26 99 69 22 90 41 3 100 73 66 54 59 62 14 5 16 67 48 10 20 56 79 21 75 72 93 12 49 27 4 97 61 64 7 6 58 98 60 13 15 29 80 18 25 52 86 1 83 70 43 82 19 91 23 46 55 35 38 42 78 51 77 36 94 34 50 39 95 32 37 44 71 45 9 63 
100 76 10 68 11 70 32 58 37 23 21 43 36 3 29 20 60 90 66 84 87 85 4 33 9 82 7 54 46 69 74 16 18 61 42 44 35 45 13 78 47 71 5 80 65 94 51 28 52 12 57 72 95 92 53 64 73 34 1 55 49 14 93 41 88 59 40 96 8 89 98 77 2 6 99 22 81 24 15 39 79 48 50 75 86 62 38 31 19 25 91 63 26 97 17 27 100 30 83 56 67 
100 93 43 29 99 90 41 34 19 52 50 59 78 55 96 15 32 16 4 71 48 57 95 100 11 7 94 23 21 17 30 69 54 24 6 39 56 68 84 76 60 38 81 47 40 2 92 77 91 26 46 66 20 44 67 49 28 45 14 58 83 12 33 10 63 18 79 5 85 75 72 61 27 86 35 37 22 87 53 82 64 25 98 73 13 65 62 9 8 36 1 42 74 80 70 97 3 88 51 31 89 
100 54 51 48 26 35 18 52 20 78 16 49 42 80 97 32 28 8 25 59 66 22 24 43 19 50 62 92 53 98 7 23 14 36 71 76 72 29 57 85 74 2 81 94 88 10 67 11 4 12 45 69 17 1 82 30 86 21 93 90 75 47 77 65 89 73 79 5 55 95 9 68 96 99 58 63 13 100 37 61 27 41 33 40 34 70 31 83 91 87 56 64 6 44 84 46 38 60 3 39 15 
100 71 53 12 83 55 13 84 85 9 79 27 51 20 39 75 38 31 25 90 5 43 22 21 96 15 14 56 65 100 26 50 57 82 52 4 92 23 93 61 7 89 69 76 80 47 32 42 54 95 10 62 48 41 67 88 64 87 98 37 59 1 78 45 17 46 18 33 74 2 94 24 49 77 68 19 40 99 63 30 97 86 6 16 60 36 58 73 3 81 8 91 29 35 44 34 72 11 66 28 70 
100 94 35 87 44 36 19 22 67 89 47 18 98 30 34 12 76 5 79 41 29 100 74 23 66 17 77 91 45 3 26 68 15 7 63 13 11 21 38 78 80 24 60 58 83 33 28 40 32 52 50 43 14 72 53 82 27 61 97 42 48 9 92 96 99 10 37 8 56 86 54 31 1 55 4 71 16 6 49 69 25 70 39 90 2 93 73 84 59 46 65 95 88 64 51 75 81 62 57 20 85 
100 29 30 47 92 99 17 94 31 42 60 4 45 44 14 81 79 71 91 34 77 2 41 55 28 70 82 20 38 23 58 10 67 96 76 36 84 46 95 75 8 72 11 27 40 61 33 88 86 100 53 9 5 19 80 57 50 89 69 66 74 26 83 68 93 48 16 52 21 87 49 65 62 64 51 32 25 3 22 78 85 97 39 43 90 37 15 98 35 18 59 56 7 63 1 6 54 73 12 13 24 
100 5 36 28 27 88 12 53 75 11 38 48 15 41 14 57 68 1 25 66 71 73 30 90 86 55 51 64 60 3 20 80 19 34 89 2 32 85 74 95 56 84 78 52 93 13 33 49 24 26 63 70 92 69 42 17 91 45 39 6 87 31 8 100 37 9 82 72 77 16 47 23 81 50 18 43 65 40 79 94 22 35 46 7 29 44 67 61 99 98 59 76 4 58 54 10 83 96 97 62 21 
100 100 44 69 17 14 96 23 82 86 48 46 50 42 62 36 92 61 75 2 90 83 68 43 71 40 35 65 16 10 66 9 49 6 12 72 55 19 99 31 45 39 1 7 22 34 27 51 78 24 29 79 89 97 47 81 20 30 32 56 58 85 54 70 11 18 53 26 74 67 64 84 77 25 21 13 28 88 37 59 94 95 98 3 4 52 57 63 60 93 76 87 15 41 33 5 8 91 80 73 38 
100 36 87 31 9 80 19 47 98 3 33 12 73 52 26 1 89 70 66 5 82 86 20 11 65 91 44 43 15 58 62 38 100 93 6 32 68 2 10 24 57 69 63 40 81 84 64 85 49 83 8 14 7 16 60 51 34 88 72 67 37 4 41 17 30 18 61 45 56 13 78 96 29 97 99 79 53 42 77 71 76 25 94 92 23 54 55 28 27 74 46 21 48 59 35 90 22 50 75 95 39 
100 59 46 52 20 58 45 10 24 87 56 61 64 99 26 30 82 17 54 74 62 41 2 32 76 66 47 29 65 13 14 15 51 70 91 37 90 5 93 77 49 18 21 35 7 68 72 12 94 4 25 8 78 67 89 9 63 55 38 97 57 3 6 73 39 31 28 88 34 43 60 81 16 50 33 95 48 27 85 40 84 44 42 36 96 19 75 23 100 11 1 86 83 92 98 80 69 53 22 71 79 
100 49 100 9 95 91 77 43 55 80 58 82 73 40 63 85 64 27 81 20 87 50 53 3 57 8 12 70 66 75 35 99 29 37 84 68 69 13 76 32 45 38 4 23 86 42 18 41 2 65 22 56 39 61 59 34 89 25 96 46 74 60 1 67 30 72 44 19 79 26 11 51 88 92 98 97 71 33 6 28 17 24 36 78 10 47 48 31 14 94 5 16 15 83 54 52 90 7 62 93 21 
100 62 100 2 82 33 52 83 4 32 58 88 21 60 55 25 16 64 11 36 19 13 1 24 8 41 72 74 29 7 6 89 53 31 37 51 76 99 56 49 14 87 95 85 84 96 23 46 39 20 30 35 9 73 26 44 47 38 28 69 75 71 63 59 90 94 15 17 65 77 79 61 45 48 18 5 57 12 34 66 78 67 97 80 92 98 22 40 91 10 86 54 50 68 93 42 43 70 3 27 81 
100 60 1 24 81 36 44 95 51 80 87 77 25 19 12 63 83 13 2 91 62 84 4 56 69 89 58 18 5 88 10 74 86 20 37 49 40 73 47 100 92 31 98 3 7 22 8 14 82 15 55 85 70 50 41 96 39 75 57 30 72 45 11 79 54 90 97 35 26 17 27 61 71 32 43 21 66 76 48 29 78 6 64 53 68 93 59 23 65 42 52 28 38 67 9 99 16 94 46 33 34 
100 17 67 24 53 14 6 70 98 80 49 68 88 96 99 34 26 90 82 89 65 71 66 75 84 60 12 16 63 56 1 45 83 44 25 13 95 35 94 9 19 2 87 48 39 85 55 43 57 52 27 23 3 93 61 77 91 7 46 100 38 33 58 79 86 51 15 50 76 29 20 31 40 11 64 74 22 92 30 97 36 78 54 47 21 72 18 81 32 41 37 62 42 69 73 8 28 59 10 4 5 
100 73 99 12 5 14 18 74 32 31 66 75 50 48 94 62 20 4 6 41 2 88 40 47 36 11 15 82 59 22 80 28 45 43 7 58 61 67 70 98 55 17 76 69 96 65 33 52 81 85 29 78 27 100 54 72 95 91 1 86 63 3 56 92 44 49 21 16 24 34 39 25 46 30 53 42 79 10 51 37 9 89 77 71 93 64 8 68 13 38 87 26 83 84 23 90 57 60 35 19 97 
100 23 39 5 29 56 46 38 78 60 90 18 71 50 32 4 65 82 83 48 59 33 88 10 85 97 62 31 99 22 58 70 27 47 17 89 57 64 67 63 69 28 51 1 6 16 13 49 26 19 86 92 11 8 12 91 41 53 61 54 81 3 14 30 25 7 74 9 66 34 98 55 77 42 100 44 80 52 68 95 15 73 40 20 76 45 75 21 2 72 93 43 35 96 79 94 36 24 37 87 84 
100 15 27 78 22 7 65 56 61 29 79 36 45 8 20 76 48 82 92 9 28 97 59 96 18 32 94 16 33 35 3 46 21 25 72 60 50 73 64 70 4 49 67 84 89 51 71 58 52 13 2 34 77 95 1 37 54 90 66 19 5 38 31 57 87 100 11 85 30 63 43 6 55 17 81 12 91 86 14 53 26 99 74 39 44 47 42 40 41 68 83 93 98 62 80 88 24 23 75 69 10 
100 53 93 54 92 78 69 57 50 28 96 67 3 63 86 30 98 32 52 8 40 65 75 38 71 94 51 29 82 12 70 59 18 87 16 41 95 90 13 44 1 68 72 17 88 55 10 85 21 20 61 37 35 25 47 4 58 56 97 15 43 91 99 9 48 2 100 23 7 89 42 60 34 11 64 62 49 84 83 24 26 6 66 14 31 22 5 77 39 73 27 33 80 76 81 36 46 45 74 79 19 
100 32 88 87 59 79 25 98 40 42 54 97 73 31 10 21 60 37 12 16 51 69 15 93 27 3 39 63 100 46 58 91 48 26 68 17 50 30 66 2 92 14 75 28 83 81 33 90 55 18 45 96 47 11 89 65 56 44 23 95 24 76 20 8 38 94 6 36 7 5 61 52 85 43 29 84 99 9 62 57 1 74 71 77 78 67 41 86 53 13 35 34 19 22 64 70 72 49 4 82 80 
100 97 1 60 16 73 39 84 40 71 36 95 99 57 50 21 93 48 31 15 25 13 10 68 66 85 91 92 100 90 89 80 64 70 38 52 46 82 6 56 83 96 76 11 26 5 43 79 23 45 41 14 74 51 37 17 27 4 34 30 33 8 2 47 81 22 20 72 24 61 18 75 63 65 32 67 35 55 44 9 53 69 77 28 98 19 12 59 58 29 42 86 49 78 87 3 62 88 54 7 94 
100 35 1 87 2 53 34 84 92 54 17 72 98 44 3 88 38 91 85 65 60 27 80 70 56 58 57 51 96 89 59 95 37 75 63 31 21 41 40 13 6 66 47 86 68 20 16 64 99 19 8 83 33 67 14 78 76 73 25 45 46 79 69 23 81 18 12 100 28 9 26 94 7 62 52 24 22 30 82 42 49 93 32 97 36 77 48 55 4 74 10 39 90 15 71 50 61 29 11 43 5 
100 64 63 85 46 19 42 77 69 2 37 23 79 98 28 50 36 92 53 38 70 76 16 13 93 25 55 97 84 51 59 5 54 27 99 1 62 40 90 72 35 66 82 52 26 15 45 57 96 87 18 80 9 24 12 78 100 43 75 49 91 7 20 21 74 32 8 22 95 47 83 29 73 60 14 6 48 41 17 94 33 68 39 31 61 86 89 56 81 88 30 10 4 58 11 65 67 3 34 71 44 
100 53 59 74 37 38 22 36 51 4 100 18 90 6 54 2 71 98 58 68 99 50 28 29 34 86 3 1 57 84 21 26 79 64 62 93 9 45 70 44 20 77 43 40 52 89 76 41 32 97 80 42 92 67 47 85 82 35 73 19 8 66 48 88 46 60 83 63 11 56 78 13 12 30 33 55 24 5 14 96 17 69 10 95 94 61 16 39 27 65 91 23 15 7 81 31 87 49 75 72 25 
100 34 61 22 57 69 13 92 100 27 87 63 28 99 24 11 10 1 25 81 41 6 4 18 26 97 2 68 17 56 44 43 59 38 72 79 91 16 66 60 75 95 53 64 50 83 20 8 23 47 65 82 84 45 31 70 77 85 40 62 32 93 29 78 49 39 96 30 37 33 52 55 36 42 73 89 51 90 98 15 71 7 74 58 14 94 86 21 76 19 54 48 67 88 9 12 80 46 5 3 35 
100 49 1 45 87 41 74 98 91 54 97 46 67 29 13 58 99 56 94 65 32 30 11 51 62 59 86 4 63 53 6 61 31 39 15 52 79 16 55 40 82 14 5 77 24 7 9 68 85 88 17 12 95 57 38 75 21 72 37 66 80 73 71 26 22 42 83 76 10 96 90 33 8 100 35 23 64 60 89 27 2 44 84 50 43 36 81 3 69 19 28 18 78 25 93 92 48 20 47 34 70 
100 70 36 12 9 58 5 80 55 23 40 18 77 11 96 98 31 8 17 79 60 86 38 6 4 93 72 30 90 25 46 32 44 62 78 92 48 65 99 7 88 34 63 84 28 81 15 67 68 85 51 37 71 94 95 91 54 16 22 82 27 42 29 89 61 1 41 74 45 87 43 19 50 73 14 39 24 69 21 100 2 64 53 57 66 47 20 33 56 35 76 26 75 83 3 10 49 13 97 59 52 
100 41 68 73 76 61 52 72 54 93 38 98 34 88 67 42 6 23 9 58 17 50 60 33 100 75 97 3 45 31 77 36 62 8 53 92 55 78 19 24 87 80 40 25 94 70 74 13 81 86 99 18 56 82 29 44 26 16 57 84 1 43 7 27 49 4 64 20 5 48 2 89 30 12 83 32 28 10 79 37 14 69 22 85 39 51 66 91 95 35 63 90 47 15 71 11 59 21 65 96 46 
100 73 49 9 17 6 76 7 21 56 83 99 39 38 25 31 47 90 37 92 24 50 16 65 20 71 41 66 78 89 81 40 75 72 77 55 82 94 4 64 33 60 44 36 70 29 98 52 2 67 8 84 1 51 26 87 48 57 53 68 96 32 15 42 13 10 63 5 12 59 54 19 100 80 85 28 30 62 22 45 27 93 43 58 61 69 3 91 34 14 46 97 23 35 86 11 18 88 79 95 74 
100 25 100 66 85 5 17 30 52 93 6 54 27 40 62 56 87 57 59 16 70 68 83 78 98 74 97 19 21 3 65 76 46 88 55 50 67 71 15 10 47 91 41 1 72 60 95 63 92 26 90 89 31 43 37 35 45 7 58 13 4 23 79 82 14 64 34 86 33 80 18 94 51 49 20 9 96 28 22 39 8 75 73 48 24 99 11 12 42 2 81 61 36 77 29 32 69 38 44 84 53 
100 69 97 68 58 8 48 79 30 73 50 76 44 72 60 37 16 31 98 99 94 96 42 5 24 81 53 22 62 95 87 39 75 49 27 71 57 77 64 15 86 23 34 45 66 74 10 13 93 100 40 78 9 56 7 38 46 33 25 51 85 43 32 1 92 28 80 29 65 2 55 26 21 19 12 59 41 47 4 11 63 82 90 89 84 3 91 61 6 67 52 70 20 88 14 36 83 35 17 18 54 
100 2 63 14 5 33 82 51 64 92 59 94 17 54 65 85 10 95 40 67 32 26 83 97 6 55 74 35 53 100 88 43 46 30 11 89 18 47 49 84 24 44 42 52 8 29 31 91 50 57 4 58 25 1 15 76 16 61 13 79 22 36 77 71 48 62 9 41 34 78 68 69 21 38 39 66 27 60 7 23 81 86 96 3 12 28 98 73 37 70 90 19 93 87 99 56 45 75 20 72 80 
100 57 42 47 88 41 73 4 61 1 3 38 58 67 40 45 22 48 60 10 56 11 100 79 35 33 72 30 26 31 23 39 62 90 87 65 12 86 81 6 96 85 92 93 66 14 17 69 95 25 78 37 36 44 2 46 89 9 84 59 43 99 82 77 16 83 51 75 71 54 27 74 34 52 98 76 28 97 5 63 15 49 50 70 91 13 8 80 20 7 24 32 18 55 29 21 68 19 64 94 53 
100 68 83 28 71 69 27 52 44 93 66 43 31 94 14 4 96 46 13 17 55 51 32 48 1 7 79 84 5 82 11 57 53 42 62 12 91 63 89 87 50 23 100 6 3 40 21 72 78 74 18 35 80 22 64 29 15 34 92 8 99 70 20 61 77 81 85 54 19 26 97 33 58 60 65 98 38 37 9 56 24 10 73 49 45 86 47 41 59 30 36 16 39 95 90 25 76 2 67 88 75 
100 10 58 87 97 35 56 93 1 91 25 60 19 3 31 81 65 66 72 55 84 86 96 38 14 27 36 23 99 68 28 57 9 51 53 2 62 15 75 22 45 6 20 71 82 50 85 13 26 64 74 7 48 76 33 39 78 46 73 69 5 44 92 70 24 11 8 32 90 30 98 100 83 77 43 41 63 59 67 89 17 16 34 4 54 80 94 47 52 18 49 61 42 21 88 12 40 37 29 95 79 
100 57 52 37 16 22 63 81 66 47 41 58 50 14 70 5 11 94 45 31 91 95 8 28 53 6 72 85 17 86 40 83 1 26 34 90 35 7 54 51 68 97 76 89 69 21 74 98 29 32 62 59 2 23 65 73 71 55 56 33 30 44 19 77 96 48 15 75 80 60 43 79 92 4 3 82 10 24 84 100 61 64 39 25 67 38 87 36 20 49 46 13 99 9 78 27 12 88 93 18 42 
100 4 21 91 31 41 66 17 8 86 46 98 10 33 81 45 24 29 75 73 89 53 19 99 49 79 96 93 80 71 62 15 68 70 14 36 40 88 59 48 77 94 50 39 54 65 44 32 78 5 84 64 72 60 82 67 92 61 51 27 58 16 1 23 3 38 26 9 6 30 83 20 56 43 63 2 34 7 100 37 13 28 57 90 11 87 76 18 95 55 35 12 85 52 74 42 25 47 22 97 69 
100 41 55 78 75 98 43 65 80 56 86 37 6 60 82 89 83 38 20 23 36 19 57 63 44 61 100 53 76 39 88 21 29 50 8 67 40 7 96 48 11 22 93 15 32 71 3 10 90 33 79 4 24 97 68 74 66 5 18 81 25 13 45 17 54 62 2 30 51 59 99 47 69 92 85 35 72 58 77 94 95 12 9 31 14 84 42 26 52 64 46 91 28 70 1 49 27 73 87 34 16 
100 71 93 13 32 96 35 68 94 5 77 50 24 51 49 42 70 40 89 39 19 78 36 92 80 73 95 91 72 99 81 26 8 100 56 79 37 41 64 61 33 55 59 54 84 90 58 10 23 69 29 22 75 67 28 2 30 83 98 74 20 45 48 25 1 14 31 85 15 27 97 60 46 86 38 65 88 16 18 4 82 53 7 47 66 62 52 43 11 34 17 6 12 76 21 44 87 3 57 9 63 
100 73 69 23 63 1 5 64 50 31 38 4 86 76 68 54 45 83 84 43 42 88 96 24 53 17 60 39 15 58 91 82 75 28 74 72 77 48 89 11 37 95 47 94 7 56 55 25 62 22 90 66 49 99 35 92 41 80 19 44 98 21 12 3 79 65 93 85 34 97 71 59 13 61 8 9 87 100 27 30 36 14 26 33 70 52 81 78 67 2 10 51 18 6 20 16 29 57 32 46 40 
100 60 48 67 72 2 20 66 6 78 73 19 71 87 96 4 8 58 30 24 11 14 80 13 90 97 44 100 56 50 37 62 27 81 51 35 99 59 84 70 32 53 93 88 29 7 74 43 10 95 47 76 31 40 65 5 89 77 3 63 98 45 75 28 41 42 54 17 79 55 69 12 26 18 92 38 39 34 9 22 94 85 36 25 49 21 57 83 15 16 33 82 68 86 64 91 46 1 61 52 23 
100 76 50 63 79 88 15 11 54 24 22 42 5 44 33 81 94 35 52 91 3 68 14 45 16 100 58 71 27 30 21 89 51 31 67 61 8 83 47 1 10 90 12 20 82 17 2 37 80 13 38 77 96 65 99 36 26 66 62 93 78 87 98 48 53 40 95 59 34 23 19 18 46 74 41 92 49 6 25 29 4 73 39 69 97 57 28 32 86 7 75 9 56 72 60 70 85 64 55 84 43 
100 92 24 4 27 75 87 44 84 66 78 83 32 9 40 25 95 76 57 58 33 35 81 71 30 34 85 39 29 38 100 96 26 72 46 60 23 94 91 22 15 97 99 67 50 55 64 1 14 69 53 74 31 88 42 62 80 28 8 90 47 21 56 89 68 5 79 6 45 20 37 7 43 65 11 18 10 93 63 59 77 36 16 3 19 73 54 48 82 41 13 51 70 49 12 2 52 86 98 61 17 
100 4 77 25 11 96 89 40 71 91 69 57 34 82 70 6 80 81 20 74 16 21 78 10 28 17 98 43 72 32 60 88 29 95 3 45 7 50 92 12 31 13 99 47 58 75 62 27 94 93 100 36 39 68 30 15 35 9 73 42 54 52 1 84 24 38 63 48 67 14 85 37 66 53 87 59 56 33 76 18 8 79 19 64 26 51 44 90 46 49 83 41 55 65 61 2 86 5 22 97 23 
100 36 68 17 46 9 2 21 40 88 24 96 18 35 50 87 69 63 93 99 12 95 29 92 76 16 59 56 64 52 70 13 34 86 57 38 77 37 32 33 54 27 31 81 20 48 100 82 10 6 7 79 22 98 11 84 66 60 65 41 58 51 25 15 73 94 85 26 42 5 47 78 28 44 19 61 74 80 53 23 90 14 39 71 30 3 72 49 97 89 43 75 67 83 91 8 62 55 45 4 1 
100 28 26 48 97 60 65 35 68 61 96 36 52 43 41 76 62 34 54 94 92 73 51 95 100 29 1 80 77 53 49 70 2 31 18 91 32 72 83 30 90 75 40 98 33 3 38 17 57 21 55 82 74 19 93 9 22 39 99 88 5 89 24 87 37 78 45 86 69 12 85 79 14 25 15 8 13 27 81 59 46 56 20 44 4 67 84 64 58 63 66 6 16 47 7 71 50 23 42 11 10 
100 76 99 90 77 38 17 92 82 25 67 6 11 14 50 47 27 8 30 61 46 66 72 20 70 45 97 1 52 51 40 10 88 9 43 79 58 35 84 71 63 37 80 100 29 12 4 86 78 81 62 64 44 94 31 56 22 53 28 60 18 49 54 21 7 75 73 83 69 68 96 24 13 85 57 93 3 16 34 33 5 39 19 98 59 55 32 65 42 36 74 2 15 89 48 41 95 87 23 91 26 
100 60 46 7 65 49 89 14 42 9 57 70 71 30 20 68 23 79 36 32 27 66 90 18 52 81 93 98 19 6 33 100 59 10 64 5 45 28 96 53 78 38 4 88 15 80 11 35 92 58 44 94 61 67 40 8 1 21 62 86 87 56 3 12 47 39 50 16 85 22 84 26 43 34 63 48 31 54 17 72 99 55 69 75 41 76 97 2 37 13 73 77 51 25 91 83 29 82 74 95 24 
100 62 37 43 58 51 83 9 81 69 22 26 17 2 68 16 88 100 61 45 74 78 28 49 93 72 39 38 29 75 53 52 33 3 60 41 55 18 25 47 63 79 85 46 21 89 19 10 77 30 4 66 91 6 5 12 27 86 56 64 13 76 35 23 54 57 80 44 65 94 82 99 7 32 1 97 36 59 84 15 8 42 90 73 34 98 20 96 70 71 50 48 87 31 67 14 95 40 92 24 11 
100 89 92 94 8 72 36 78 3 100 7 90 97 26 83 46 71 73 24 19 22 42 28 40 52 4 91 85 32 6 63 41 67 27 99 39 33 44 48 43 47 9 17 45 20 11 16 65 87 82 76 75 51 96 15 1 68 79 50 30 81 21 5 70 57 62 34 93 54 49 86 18 12 37 59 95 64 88 66 74 56 55 69 10 25 80 38 23 98 2 60 58 77 14 84 13 53 31 61 35 29 
100 26 18 41 87 86 56 90 80 27 62 67 75 17 39 34 97 8 76 89 1 100 57 10 28 37 13 12 92 85 79 99 60 98 33 94 69 15 35 66 49 38 43 36 71 74 2 59 20 58 46 48 44 9 29 14 4 83 73 47 61 50 3 30 78 24 77 51 63 42 23 68 95 16 82 65 19 54 53 5 64 45 25 32 21 70 22 55 72 91 96 93 6 7 31 84 11 88 40 81 52 
100 76 59 36 24 100 41 85 55 57 43 60 87 93 28 63 75 15 9 53 52 65 12 66 54 86 49 6 30 67 83 14 21 39 35 1 34 22 56 78 45 89 88 10 70 16 92 90 19 37 18 62 29 68 47 98 94 20 71 69 42 38 48 26 8 32 91 40 46 73 31 74 5 58 17 27 3 84 61 33 23 72 81 7 64 96 99 82 44 2 80 97 4 51 13 95 77 79 11 50 25 
100 9 59 36 49 2 52 44 13 26 30 38 86 3 5 83 93 24 75 95 63 96 81 74 62 57 16 43 92 35 18 70 87 67 8 69 79 22 100 60 99 53 19 65 41 40 73 23 28 47 12 20 25 71 29 85 37 89 6 64 76 61 50 80 45 10 1 88 91 21 54 31 66 51 97 34 46 84 14 78 90 55 17 72 7 94 48 15 32 11 39 33 42 82 98 27 56 58 4 77 68 
100 73 51 85 49 96 44 35 56 92 89 46 74 40 29 11 53 57 71 47 20 4 10 80 30 32 36 13 95 54 43 70 55 7 28 21 64 97 50 62 81 2 82 27 1 5 15 76 78 17 3 84 65 100 16 98 66 6 14 26 79 90 94 63 99 33 60 58 8 22 69 42 34 86 12 31 39 45 25 38 18 37 72 61 67 41 93 52 83 48 75 24 91 19 68 88 77 23 87 59 9 
100 61 18 94 25 4 90 23 71 67 92 20 27 99 85 21 30 77 97 35 69 100 3 58 42 17 89 29 91 56 80 31 86 55 36 38 9 48 75 7 50 39 65 10 84 68 87 41 6 15 2 63 66 34 16 52 46 11 13 19 54 5 33 51 83 22 60 79 8 32 28 93 82 53 26 59 40 95 96 43 88 1 24 62 76 70 37 74 73 81 45 14 72 57 12 47 44 78 49 98 64 
100 88 3 72 67 34 81 8 78 25 99 49 83 36 32 31 22 29 43 18 61 28 59 77 26 54 20 55 19 53 39 79 66 50 68 15 41 65 95 33 56 52 73 48 74 30 51 21 82 86 17 60 92 23 45 75 38 16 91 76 4 62 96 89 7 87 46 13 69 70 11 80 2 35 42 90 94 9 84 64 58 47 93 27 71 37 85 44 24 100 5 10 40 6 14 98 1 97 12 57 63 
100 83 89 37 73 12 79 27 52 77 80 13 39 19 2 56 15 65 87 54 61 91 64 25 43 7 21 60 9 46 95 96 66 74 67 18 78 50 14 62 5 71 31 81 98 47 10 41 23 93 42 72 75 51 16 3 4 28 33 88 76 35 34 86 8 44 90 1 68 20 30 55 85 70 45 40 26 6 92 57 32 48 49 53 63 58 24 36 22 99 38 29 11 59 17 97 94 82 69 100 84 
100 37 53 42 65 25 84 8 58 77 15 4 96 71 26 99 61 40 81 54 27 70 68 34 98 23 10 94 73 17 86 83 2 88 97 18 50 79 100 47 20 87 78 52 43 92 6 31 7 41 29 44 57 62 9 93 64 90 67 95 12 75 85 55 66 28 39 3 22 76 80 1 91 5 36 45 49 33 82 14 56 11 63 72 13 16 51 48 35 19 38 60 89 30 74 24 69 21 32 59 46 
100 13 3 99 54 79 55 17 62 82 8 20 87 18 9 95 88 85 39 1 76 48 80 16 32 6 23 71 67 26 46 40 89 73 29 15 44 90 22 11 86 78 92 93 65 12 30 14 81 45 72 10 63 66 68 51 38 49 42 24 91 77 31 52 56 84 21 50 47 61 58 70 98 60 57 4 7 43 25 74 75 37 28 53 83 27 69 94 35 97 59 100 41 64 2 34 36 5 19 96 33 
100 7 1 84 50 17 87 88 9 94 48 37 6 80 65 90 54 92 93 21 28 22 96 79 60 19 64 86 46 10 26 51 95 47 12 5 41 75 30 13 31 72 55 25 56 52 91 100 66 58 23 57 24 36 42 77 27 8 71 67 53 29 20 62 43 16 63 2 83 14 61 68 81 97 44 11 89 4 33 35 99 73 49 70 82 98 34 45 78 38 39 85 69 15 76 59 32 3 40 74 18 
100 76 99 14 95 18 52 85 27 7 56 1 3 88 68 25 38 90 29 30 67 73 63 6 26 82 8 45 92 96 97 80 58 13 46 61 55 42 49 70 31 47 37 89 79 71 20 12 15 53 17 72 28 100 64 98 32 40 74 77 60 87 5 9 24 75 23 86 16 51 94 44 21 35 65 83 66 93 69 36 57 11 34 41 43 39 22 19 48 50 62 2 84 54 59 78 91 33 81 10 4 
100 66 54 4 67 25 40 16 39 61 48 22 57 64 34 98 62 12 46 52 23 17 14 37 77 88 5 90 19 7 82 47 60 26 11 31 1 41 3 45 28 59 44 43 84 95 56 63 6 51 73 32 27 78 80 89 97 21 83 33 69 75 99 53 13 81 100 68 58 8 86 91 49 35 92 76 96 29 24 87 74 70 42 15 94 36 18 9 10 79 30 93 2 71 38 72 20 50 65 85 55 
100 14 100 75 91 66 87 79 73 9 6 3 60 39 52 22 10 25 21 45 48 28 47 29 74 23 89 40 20 95 63 67 61 96 56 99 64 72 38 37 7 30 8 46 4 34 17 1 86 57 44 82 11 36 81 80 35 13 92 70 94 43 88 68 59 85 50 24 2 31 19 27 55 83 49 12 32 69 5 76 77 51 33 98 54 26 41 84 90 16 62 78 42 58 15 65 18 53 97 93 71 
100 26 67 92 59 68 5 3 98 20 63 36 42 39 12 54 1 75 14 17 78 11 100 13 64 70 32 49 96 62 93 47 53 45 43 84 77 15 23 35 52 86 94 55 37 44 30 33 71 99 69 4 57 40 7 6 61 9 95 58 38 25 76 2 29 46 81 8 16 60 24 89 31 91 80 72 28 27 18 48 79 50 87 51 74 65 73 82 21 97 22 66 19 56 41 85 34 88 10 83 90 
100 78 24 56 2 68 97 21 88 23 25 11 16 91 90 13 45 43 81 26 73 54 33 96 50 86 76 55 7 53 35 18 60 39 31 63 99 100 4 34 87 77 46 47 42 37 85 74 52 95 10 51 29 6 19 80 38 27 69 92 40 82 67 49 57 70 71 89 72 66 5 30 15 83 20 14 32 59 12 17 36 3 28 62 48 9 41 64 8 84 61 79 22 1 65 94 93 44 58 75 98 
100 58 60 2 53 30 69 76 22 92 52 46 37 19 66 18 83 86 20 99 54 87 96 67 85 98 44 70 11 38 47 78 71 27 36 59 63 89 84 91 5 25 21 72 50 12 3 90 13 41 80 62 100 28 74 75 97 1 45 39 24 14 16 34 73 33 8 61 7 31 43 35 68 15 48 57 64 6 32 56 29 94 82 17 55 88 93 4 81 65 23 49 9 95 42 77 10 26 40 51 79 
100 69 61 20 10 97 16 100 18 91 27 12 72 67 11 34 47 42 80 59 64 76 78 93 3 19 30 96 6 50 33 37 25 68 8 90 45 74 44 94 5 85 21 75 28 55 73 92 83 98 81 35 13 32 89 65 88 54 52 36 31 39 40 57 29 84 51 38 79 66 49 22 23 9 60 4 17 48 62 99 1 95 14 71 26 82 15 53 63 41 7 24 70 87 43 2 58 56 77 46 86 
100 72 32 79 5 19 68 3 64 56 15 26 40 81 33 80 60 82 52 34 30 24 95 8 16 63 57 99 93 29 27 100 54 48 9 22 17 44 71 11 31 2 28 25 51 97 90 75 43 94 7 20 77 59 67 85 49 12 10 65 4 83 42 50 87 47 21 70 55 37 39 18 45 84 13 78 1 23 86 41 6 46 69 61 89 76 35 36 96 53 38 98 91 66 58 73 88 92 74 14 62 
100 95 27 97 5 12 69 48 15 25 11 3 59 41 56 75 4 51 40 73 37 77 93 99 33 63 80 62 44 67 43 9 29 90 32 21 79 52 19 50 72 60 49 54 86 58 71 94 34 38 14 36 22 13 87 23 91 28 76 18 53 57 85 89 100 84 17 16 78 70 47 7 46 81 45 64 96 10 6 8 2 74 42 92 66 88 30 31 26 24 35 83 55 65 39 1 61 68 82 20 98 
100 66 10 27 37 3 89 88 19 98 29 16 11 69 35 31 40 36 43 15 25 6 14 93 70 4 23 54 74 34 92 22 2 59 90 100 7 64 57 86 47 62 53 94 58 77 67 1 20 72 50 80 55 84 24 63 46 21 61 5 76 13 48 8 91 42 49 56 60 73 81 79 87 65 9 17 75 78 12 82 41 45 33 28 95 96 32 30 44 51 83 39 26 18 97 99 68 52 85 38 71 
100 61 91 50 86 62 38 78 47 21 8 69 5 67 84 99 60 56 26 72 19 28 85 41 10 64 54 34 90 77 25 95 51 87 52 7 58 46 94 39 12 31 30 36 83 92 11 1 42 74 93 49 68 23 65 6 29 22 4 40 89 13 15 24 57 9 88 35 43 76 32 66 75 80 2 100 16 98 14 96 17 97 48 79 20 71 44 73 81 45 59 82 55 70 18 27 33 53 37 63 3 
100 82 51 61 46 75 30 17 100 19 14 70 66 99 3 63 62 53 28 49 11 25 23 93 57 1 83 8 31 7 29 48 60 85 39 84 69 32 92 78 34 45 74 5 91 24 13 21 56 73 15 97 22 26 40 44 52 96 59 90 38 37 67 80 68 81 64 18 58 41 9 10 72 36 27 71 6 2 12 89 77 95 50 20 65 54 87 4 35 88 55 98 16 79 86 76 94 42 43 33 47 
100 67 46 80 64 17 59 40 99 71 73 24 85 14 21 47 38 3 29 51 83 70 7 78 87 11 81 52 88 92 89 16 74 25 20 69 6 54 22 36 56 2 82 32 53 5 26 4 58 55 91 72 94 1 93 79 84 30 96 44 61 9 66 90 95 42 13 18 45 35 10 100 76 19 31 68 86 12 77 97 15 63 48 75 49 57 41 50 98 62 60 28 39 34 23 37 27 65 33 8 43 
100 16 66 35 44 25 76 95 18 40 59 60 13 84 34 72 68 80 8 63 4 38 51 81 83 43 86 23 33 3 10 77 36 67 41 1 64 45 37 28 100 57 96 93 58 2 20 87 27 56 48 91 62 69 61 32 97 78 99 55 89 88 12 5 52 90 74 82 39 26 75 71 9 47 29 7 31 30 15 22 98 11 79 70 94 85 92 46 50 14 54 24 49 65 73 53 19 6 17 21 42 
100 93 38 17 62 21 53 18 72 60 100 78 88 7 25 49 90 5 89 33 64 39 92 44 65 71 59 55 48 76 34 95 40 16 42 12 15 36 86 50 28 51 61 30 81 83 98 80 66 32 27 52 22 46 74 26 8 97 77 79 84 70 75 23 4 1 37 24 29 63 56 35 11 2 94 96 20 9 73 91 99 87 13 58 31 45 19 10 3 82 43 41 68 57 69 47 6 67 54 14 85 
100 6 3 90 2 57 60 82 56 4 42 5 38 30 22 99 96 24 94 78 25 43 46 70 7 81 18 72 1 75 93 11 59 17 76 20 92 62 14 9 19 32 48 69 23 73 41 26 91 68 49 31 58 27 85 61 87 79 63 52 97 98 84 51 100 44 65 12 95 77 47 10 55 80 89 35 15 36 39 86 40 13 45 83 67 37 50 34 29 71 88 64 28 33 21 54 8 66 74 53 16 
100 30 53 95 59 25 32 94 49 71 91 78 93 86 12 8 27 43 36 75 18 35 52 57 20 13 56 58 90 85 16 99 64 72 28 38 45 48 6 73 51 46 60 10 97 74 1 31 55 4 80 79 76 37 67 83 2 54 61 33 70 3 23 7 69 63 26 68 66 34 15 81 50 96 44 47 87 98 41 89 82 92 5 84 65 14 77 42 40 9 29 11 62 39 88 19 21 100 24 22 17 
100 72 16 78 89 84 60 36 95 9 41 92 59 98 57 24 50 53 19 13 87 48 15 90 91 81 33 6 52 11 17 35 29 2 46 10 56 80 63 71 21 74 77 85 7 26 93 44 18 68 83 31 27 32 100 58 45 40 99 69 67 65 54 14 8 82 30 38 86 39 61 75 66 42 3 5 97 76 73 22 47 1 70 64 88 34 55 28 37 51 12 79 62 4 49 23 43 96 25 20 94 
100 27 15 70 100 44 99 43 39 23 50 25 29 78 52 65 47 51 92 90 88 32 42 62 30 1 9 91 36 48 31 72 59 45 13 55 4 81 24 7 89 28 26 87 94 20 73 38 54 2 6 49 46 63 64 60 83 58 95 8 80 75 86 82 35 79 37 12 53 77 71 68 67 17 74 76 22 98 61 18 11 97 41 40 66 56 14 16 21 96 69 19 3 5 10 85 34 33 84 57 93 
100 70 40 43 90 100 32 15 24 6 73 18 64 53 82 56 96 37 89 49 8 52 17 74 29 69 16 3 63 67 78 38 47 48 77 42 58 7 26 39 65 36 92 44 54 72 98 97 4 50 86 23 25 2 80 84 57 76 19 87 20 28 45 79 22 27 94 21 1 81 5 14 46 83 11 59 75 30 12 35 13 31 91 9 41 66 33 99 95 68 62 61 71 93 60 85 88 34 10 55 51 
100 98 37 44 43 57 51 72 67 33 38 34 8 60 7 87 19 22 41 26 71 55 5 100 88 86 39 89 14 32 13 94 82 78 46 47 30 16 74 81 1 75 85 29 9 17 76 2 11 49 36 80 96 63 90 99 91 92 27 45 53 54 70 20 4 77 65 12 31 3 93 64 23 73 69 56 84 42 6 18 52 66 61 59 95 21 97 83 28 48 50 62 40 25 68 10 15 58 35 24 79 
100 86 22 21 45 71 92 25 8 7 79 85 56 84 29 67 43 3 44 73 52 9 61 69 72 78 48 31 91 27 87 39 62 75 41 49 24 93 94 17 35 13 68 77 38 10 15 57 19 70 83 76 90 30 66 74 64 46 47 53 100 96 1 32 16 5 51 82 95 42 89 36 26 54 28 2 23 60 55 6 18 50 20 97 33 98 11 58 14 37 65 63 81 4 80 40 88 34 59 12 99 
100 86 22 21 45 71 92 25 8 7 79 85 56 84 29 67 43 3 44 73 52 9 61 69 72 78 48 31 91 27 87 39 62 75 41 49 24 93 94 17 35 13 68 77 38 10 15 57 19 70 83 76 90 30 66 74 64 46 47 53 100 96 1 32 16 5 51 82 95 42 89 36 26 54 28 2 23 60 55 6 18 50 20 97 33 98 11 58 14 37 65 63 81 4 80 40 88 34 59 12 99 
100 86 22 21 45 71 92 25 8 7 79 85 56 84 29 67 43 3 44 73 52 9 61 69 72 78 48 31 91 27 87 39 62 75 41 49 24 93 94 17 35 13 68 77 38 10 15 57 19 70 83 76 90 30 66 74 64 46 47 53 100 96 1 32 16 5 51 82 95 42 89 36 26 54 28 2 23 60 55 6 18 50 20 97 33 98 11 58 14 37 65 63 81 4 80 40 88 34 59 12 99 
100 86 22 21 45 71 92 25 8 7 79 85 56 84 29 67 43 3 44 73 52 9 61 69 72 78 48 31 91 27 87 39 62 75 41 49 24 93 94 17 35 13 68 77 38 10 15 57 19 70 83 76 90 30 66 74 64 46 47 53 100 96 1 32 16 5 51 82 95 42 89 36 26 54 28 2 23 60 55 6 18 50 20 97 33 98 11 58 14 37 65 63 81 4 80 40 88 34 59 12 99 
100 86 22 21 45 71 92 25 8 7 79 85 56 84 29 67 43 3 44 73 52 9 61 69 72 78 48 31 91 27 87 39 62 75 41 49 24 93 94 17 35 13 68 77 38 10 15 57 19 70 83 76 90 30 66 74 64 46 47 53 100 96 1 32 16 5 51 82 95 42 89 36 26 54 28 2 23 60 55 6 18 50 20 97 33 98 11 58 14 37 65 63 81 4 80 40 88 34 59 12 99 
100 86 22 21 45 71 92 25 8 7 79 85 56 84 29 67 43 3 44 73 52 9 61 69 72 78 48 31 91 27 87 39 62 75 41 49 24 93 94 17 35 13 68 77 38 10 15 57 19 70 83 76 90 30 66 74 64 46 47 53 100 96 1 32 16 5 51 82 95 42 89 36 26 54 28 2 23 60 55 6 18 50 20 97 33 98 11 58 14 37 65 63 81 4 80 40 88 34 59 12 99 
100 86 22 21 45 71 92 25 8 7 79 85 56 84 29 67 43 3 44 73 52 9 61 69 72 78 48 31 91 27 87 39 62 75 41 49 24 93 94 17 35 13 68 77 38 10 15 57 19 70 83 76 90 30 66 74 64 46 47 53 100 96 1 32 16 5 51 82 95 42 89 36 26 54 28 2 23 60 55 6 18 50 20 97 33 98 11 58 14 37 65 63 81 4 80 40 88 34 59 12 99 
100 86 22 21 45 71 92 25 8 7 79 85 56 84 29 67 43 3 44 73 52 9 61 69 72 78 48 31 91 27 87 39 62 75 41 49 24 93 94 17 35 13 68 77 38 10 15 57 19 70 83 76 90 30 66 74 64 46 47 53 100 96 1 32 16 5 51 82 95 42 89 36 26 54 28 2 23 60 55 6 18 50 20 97 33 98 11 58 14 37 65 63 81 4 80 40 88 34 59 12 99 
100 86 22 21 45 71 92 25 8 7 79 85 56 84 29 67 43 3 44 73 52 9 61 69 72 78 48 31 91 27 87 39 62 75 41 49 24 93 94 17 35 13 68 77 38 10 15 57 19 70 83 76 90 30 66 74 64 46 47 53 100 96 1 32 16 5 51 82 95 42 89 36 26 54 28 2 23 60 55 6 18 50 20 97 33 98 11 58 14 37 65 63 81 4 80 40 88 34 59 12 99 
100 86 22 21 45 71 92 25 8 7 79 85 56 84 29 67 43 3 44 73 52 9 61 69 72 78 48 31 91 27 87 39 62 75 41 49 24 93 94 17 35 13 68 77 38 10 15 57 19 70 83 76 90 30 66 74 64 46 47 53 100 96 1 32 16 5 51 82 95 42 89 36 26 54 28 2 23 60 55 6 18 50 20 97 33 98 11 58 14 37 65 63 81 4 80 40 88 34 59 12 99 
100 86 22 21 45 71 92 25 8 7 79 85 56 84 29 67 43 3 44 73 52 9 61 69 72 78 48 31 91 27 87 39 62 75 41 49 24 93 94 17 35 13 68 77 38 10 15 57 19 70 83 76 90 30 66 74 64 46 47 53 100 96 1 32 16 5 51 82 95 42 89 36 26 54 28 2 23 60 55 6 18 50 20 97 33 98 11 58 14 37 65 63 81 4 80 40 88 34 59 12 99 
100 86 22 21 45 71 92 25 8 7 79 85 56 84 29 67 43 3 44 73 52 9 61 69 72 78 48 31 91 27 87 39 62 75 41 49 24 93 94 17 35 13 68 77 38 10 15 57 19 70 83 76 90 30 66 74 64 46 47 53 100 96 1 32 16 5 51 82 95 42 89 36 26 54 28 2 23 60 55 6 18 50 20 97 33 98 11 58 14 37 65 63 81 4 80 40 88 34 59 12 99 
100 86 22 21 45 71 92 25 8 7 79 85 56 84 29 67 43 3 44 73 52 9 61 69 72 78 48 31 91 27 87 39 62 75 41 49 24 93 94 17 35 13 68 77 38 10 15 57 19 70 83 76 90 30 66 74 64 46 47 53 100 96 1 32 16 5 51 82 95 42 89 36 26 54 28 2 23 60 55 6 18 50 20 97 33 98 11 58 14 37 65 63 81 4 80 40 88 34 59 12 99 
100 86 22 21 45 71 92 25 8 7 79 85 56 84 29 67 43 3 44 73 52 9 61 69 72 78 48 31 91 27 87 39 62 75 41 49 24 93 94 17 35 13 68 77 38 10 15 57 19 70 83 76 90 30 66 74 64 46 47 53 100 96 1 32 16 5 51 82 95 42 89 36 26 54 28 2 23 60 55 6 18 50 20 97 33 98 11 58 14 37 65 63 81 4 80 40 88 34 59 12 99 
100 86 22 21 45 71 92 25 8 7 79 85 56 84 29 67 43 3 44 73 52 9 61 69 72 78 48 31 91 27 87 39 62 75 41 49 24 93 94 17 35 13 68 77 38 10 15 57 19 70 83 76 90 30 66 74 64 46 47 53 100 96 1 32 16 5 51 82 95 42 89 36 26 54 28 2 23 60 55 6 18 50 20 97 33 98 11 58 14 37 65 63 81 4 80 40 88 34 59 12 99 
100 86 22 21 45 71 92 25 8 7 79 85 56 84 29 67 43 3 44 73 52 9 61 69 72 78 48 31 91 27 87 39 62 75 41 49 24 93 94 17 35 13 68 77 38 10 15 57 19 70 83 76 90 30 66 74 64 46 47 53 100 96 1 32 16 5 51 82 95 42 89 36 26 54 28 2 23 60 55 6 18 50 20 97 33 98 11 58 14 37 65 63 81 4 80 40 88 34 59 12 99 
100 86 22 21 45 71 92 25 8 7 79 85 56 84 29 67 43 3 44 73 52 9 61 69 72 78 48 31 91 27 87 39 62 75 41 49 24 93 94 17 35 13 68 77 38 10 15 57 19 70 83 76 90 30 66 74 64 46 47 53 100 96 1 32 16 5 51 82 95 42 89 36 26 54 28 2 23 60 55 6 18 50 20 97 33 98 11 58 14 37 65 63 81 4 80 40 88 34 59 12 99 
100 86 22 21 45 71 92 25 8 7 79 85 56 84 29 67 43 3 44 73 52 9 61 69 72 78 48 31 91 27 87 39 62 75 41 49 24 93 94 17 35 13 68 77 38 10 15 57 19 70 83 76 90 30 66 74 64 46 47 53 100 96 1 32 16 5 51 82 95 42 89 36 26 54 28 2 23 60 55 6 18 50 20 97 33 98 11 58 14 37 65 63 81 4 80 40 88 34 59 12 99 
100 86 22 21 45 71 92 25 8 7 79 85 56 84 29 67 43 3 44 73 52 9 61 69 72 78 48 31 91 27 87 39 62 75 41 49 24 93 94 17 35 13 68 77 38 10 15 57 19 70 83 76 90 30 66 74 64 46 47 53 100 96 1 32 16 5 51 82 95 42 89 36 26 54 28 2 23 60 55 6 18 50 20 97 33 98 11 58 14 37 65 63 81 4 80 40 88 34 59 12 99 
100 86 22 21 45 71 92 25 8 7 79 85 56 84 29 67 43 3 44 73 52 9 61 69 72 78 48 31 91 27 87 39 62 75 41 49 24 93 94 17 35 13 68 77 38 10 15 57 19 70 83 76 90 30 66 74 64 46 47 53 100 96 1 32 16 5 51 82 95 42 89 36 26 54 28 2 23 60 55 6 18 50 20 97 33 98 11 58 14 37 65 63 81 4 80 40 88 34 59 12 99 
100 86 22 21 45 71 92 25 8 7 79 85 56 84 29 67 43 3 44 73 52 9 61 69 72 78 48 31 91 27 87 39 62 75 41 49 24 93 94 17 35 13 68 77 38 10 15 57 19 70 83 76 90 30 66 74 64 46 47 53 100 96 1 32 16 5 51 82 95 42 89 36 26 54 28 2 23 60 55 6 18 50 20 97 33 98 11 58 14 37 65 63 81 4 80 40 88 34 59 12 99 
100 86 22 21 45 71 92 25 8 7 79 85 56 84 29 67 43 3 44 73 52 9 61 69 72 78 48 31 91 27 87 39 62 75 41 49 24 93 94 17 35 13 68 77 38 10 15 57 19 70 83 76 90 30 66 74 64 46 47 53 100 96 1 32 16 5 51 82 95 42 89 36 26 54 28 2 23 60 55 6 18 50 20 97 33 98 11 58 14 37 65 63 81 4 80 40 88 34 59 12 99 
100 86 22 21 45 71 92 25 8 7 79 85 56 84 29 67 43 3 44 73 52 9 61 69 72 78 48 31 91 27 87 39 62 75 41 49 24 93 94 17 35 13 68 77 38 10 15 57 19 70 83 76 90 30 66 74 64 46 47 53 100 96 1 32 16 5 51 82 95 42 89 36 26 54 28 2 23 60 55 6 18 50 20 97 33 98 11 58 14 37 65 63 81 4 80 40 88 34 59 12 99 
100 86 22 21 45 71 92 25 8 7 79 85 56 84 29 67 43 3 44 73 52 9 61 69 72 78 48 31 91 27 87 39 62 75 41 49 24 93 94 17 35 13 68 77 38 10 15 57 19 70 83 76 90 30 66 74 64 46 47 53 100 96 1 32 16 5 51 82 95 42 89 36 26 54 28 2 23 60 55 6 18 50 20 97 33 98 11 58 14 37 65 63 81 4 80 40 88 34 59 12 99 
100 86 22 21 45 71 92 25 8 7 79 85 56 84 29 67 43 3 44 73 52 9 61 69 72 78 48 31 91 27 87 39 62 75 41 49 24 93 94 17 35 13 68 77 38 10 15 57 19 70 83 76 90 30 66 74 64 46 47 53 100 96 1 32 16 5 51 82 95 42 89 36 26 54 28 2 23 60 55 6 18 50 20 97 33 98 11 58 14 37 65 63 81 4 80 40 88 34 59 12 99 
100 86 22 21 45 71 92 25 8 7 79 85 56 84 29 67 43 3 44 73 52 9 61 69 72 78 48 31 91 27 87 39 62 75 41 49 24 93 94 17 35 13 68 77 38 10 15 57 19 70 83 76 90 30 66 74 64 46 47 53 100 96 1 32 16 5 51 82 95 42 89 36 26 54 28 2 23 60 55 6 18 50 20 97 33 98 11 58 14 37 65 63 81 4 80 40 88 34 59 12 99 
100 86 22 21 45 71 92 25 8 7 79 85 56 84 29 67 43 3 44 73 52 9 61 69 72 78 48 31 91 27 87 39 62 75 41 49 24 93 94 17 35 13 68 77 38 10 15 57 19 70 83 76 90 30 66 74 64 46 47 53 100 96 1 32 16 5 51 82 95 42 89 36 26 54 28 2 23 60 55 6 18 50 20 97 33 98 11 58 14 37 65 63 81 4 80 40 88 34 59 12 99 
100 86 22 21 45 71 92 25 8 7 79 85 56 84 29 67 43 3 44 73 52 9 61 69 72 78 48 31 91 27 87 39 62 75 41 49 24 93 94 17 35 13 68 77 38 10 15 57 19 70 83 76 90 30 66 74 64 46 47 53 100 96 1 32 16 5 51 82 95 42 89 36 26 54 28 2 23 60 55 6 18 50 20 97 33 98 11 58 14 37 65 63 81 4 80 40 88 34 59 12 99 
100 86 22 21 45 71 92 25 8 7 79 85 56 84 29 67 43 3 44 73 52 9 61 69 72 78 48 31 91 27 87 39 62 75 41 49 24 93 94 17 35 13 68 77 38 10 15 57 19 70 83 76 90 30 66 74 64 46 47 53 100 96 1 32 16 5 51 82 95 42 89 36 26 54 28 2 23 60 55 6 18 50 20 97 33 98 11 58 14 37 65 63 81 4 80 40 88 34 59 12 99 
100 86 22 21 45 71 92 25 8 7 79 85 56 84 29 67 43 3 44 73 52 9 61 69 72 78 48 31 91 27 87 39 62 75 41 49 24 93 94 17 35 13 68 77 38 10 15 57 19 70 83 76 90 30 66 74 64 46 47 53 100 96 1 32 16 5 51 82 95 42 89 36 26 54 28 2 23 60 55 6 18 50 20 97 33 98 11 58 14 37 65 63 81 4 80 40 88 34 59 12 99 
100 86 22 21 45 71 92 25 8 7 79 85 56 84 29 67 43 3 44 73 52 9 61 69 72 78 48 31 91 27 87 39 62 75 41 49 24 93 94 17 35 13 68 77 38 10 15 57 19 70 83 76 90 30 66 74 64 46 47 53 100 96 1 32 16 5 51 82 95 42 89 36 26 54 28 2 23 60 55 6 18 50 20 97 33 98 11 58 14 37 65 63 81 4 80 40 88 34 59 12 99 
100 86 22 21 45 71 92 25 8 7 79 85 56 84 29 67 43 3 44 73 52 9 61 69 72 78 48 31 91 27 87 39 62 75 41 49 24 93 94 17 35 13 68 77 38 10 15 57 19 70 83 76 90 30 66 74 64 46 47 53 100 96 1 32 16 5 51 82 95 42 89 36 26 54 28 2 23 60 55 6 18 50 20 97 33 98 11 58 14 37 65 63 81 4 80 40 88 34 59 12 99 
100 86 22 21 45 71 92 25 8 7 79 85 56 84 29 67 43 3 44 73 52 9 61 69 72 78 48 31 91 27 87 39 62 75 41 49 24 93 94 17 35 13 68 77 38 10 15 57 19 70 83 76 90 30 66 74 64 46 47 53 100 96 1 32 16 5 51 82 95 42 89 36 26 54 28 2 23 60 55 6 18 50 20 97 33 98 11 58 14 37 65 63 81 4 80 40 88 34 59 12 99 
100 86 22 21 45 71 92 25 8 7 79 85 56 84 29 67 43 3 44 73 52 9 61 69 72 78 48 31 91 27 87 39 62 75 41 49 24 93 94 17 35 13 68 77 38 10 15 57 19 70 83 76 90 30 66 74 64 46 47 53 100 96 1 32 16 5 51 82 95 42 89 36 26 54 28 2 23 60 55 6 18 50 20 97 33 98 11 58 14 37 65 63 81 4 80 40 88 34 59 12 99 
100 86 22 21 45 71 92 25 8 7 79 85 56 84 29 67 43 3 44 73 52 9 61 69 72 78 48 31 91 27 87 39 62 75 41 49 24 93 94 17 35 13 68 77 38 10 15 57 19 70 83 76 90 30 66 74 64 46 47 53 100 96 1 32 16 5 51 82 95 42 89 36 26 54 28 2 23 60 55 6 18 50 20 97 33 98 11 58 14 37 65 63 81 4 80 40 88 34 59 12 99 
100 86 22 21 45 71 92 25 8 7 79 85 56 84 29 67 43 3 44 73 52 9 61 69 72 78 48 31 91 27 87 39 62 75 41 49 24 93 94 17 35 13 68 77 38 10 15 57 19 70 83 76 90 30 66 74 64 46 47 53 100 96 1 32 16 5 51 82 95 42 89 36 26 54 28 2 23 60 55 6 18 50 20 97 33 98 11 58 14 37 65 63 81 4 80 40 88 34 59 12 99 
100 86 22 21 45 71 92 25 8 7 79 85 56 84 29 67 43 3 44 73 52 9 61 69 72 78 48 31 91 27 87 39 62 75 41 49 24 93 94 17 35 13 68 77 38 10 15 57 19 70 83 76 90 30 66 74 64 46 47 53 100 96 1 32 16 5 51 82 95 42 89 36 26 54 28 2 23 60 55 6 18 50 20 97 33 98 11 58 14 37 65 63 81 4 80 40 88 34 59 12 99 
100 86 22 21 45 71 92 25 8 7 79 85 56 84 29 67 43 3 44 73 52 9 61 69 72 78 48 31 91 27 87 39 62 75 41 49 24 93 94 17 35 13 68 77 38 10 15 57 19 70 83 76 90 30 66 74 64 46 47 53 100 96 1 32 16 5 51 82 95 42 89 36 26 54 28 2 23 60 55 6 18 50 20 97 33 98 11 58 14 37 65 63 81 4 80 40 88 34 59 12 99 
100 86 22 21 45 71 92 25 8 7 79 85 56 84 29 67 43 3 44 73 52 9 61 69 72 78 48 31 91 27 87 39 62 75 41 49 24 93 94 17 35 13 68 77 38 10 15 57 19 70 83 76 90 30 66 74 64 46 47 53 100 96 1 32 16 5 51 82 95 42 89 36 26 54 28 2 23 60 55 6 18 50 20 97 33 98 11 58 14 37 65 63 81 4 80 40 88 34 59 12 99 
100 86 22 21 45 71 92 25 8 7 79 85 56 84 29 67 43 3 44 73 52 9 61 69 72 78 48 31 91 27 87 39 62 75 41 49 24 93 94 17 35 13 68 77 38 10 15 57 19 70 83 76 90 30 66 74 64 46 47 53 100 96 1 32 16 5 51 82 95 42 89 36 26 54 28 2 23 60 55 6 18 50 20 97 33 98 11 58 14 37 65 63 81 4 80 40 88 34 59 12 99 
100 86 22 21 45 71 92 25 8 7 79 85 56 84 29 67 43 3 44 73 52 9 61 69 72 78 48 31 91 27 87 39 62 75 41 49 24 93 94 17 35 13 68 77 38 10 15 57 19 70 83 76 90 30 66 74 64 46 47 53 100 96 1 32 16 5 51 82 95 42 89 36 26 54 28 2 23 60 55 6 18 50 20 97 33 98 11 58 14 37 65 63 81 4 80 40 88 34 59 12 99 
100 86 22 21 45 71 92 25 8 7 79 85 56 84 29 67 43 3 44 73 52 9 61 69 72 78 48 31 91 27 87 39 62 75 41 49 24 93 94 17 35 13 68 77 38 10 15 57 19 70 83 76 90 30 66 74 64 46 47 53 100 96 1 32 16 5 51 82 95 42 89 36 26 54 28 2 23 60 55 6 18 50 20 97 33 98 11 58 14 37 65 63 81 4 80 40 88 34 59 12 99 
100 86 22 21 45 71 92 25 8 7 79 85 56 84 29 67 43 3 44 73 52 9 61 69 72 78 48 31 91 27 87 39 62 75 41 49 24 93 94 17 35 13 68 77 38 10 15 57 19 70 83 76 90 30 66 74 64 46 47 53 100 96 1 32 16 5 51 82 95 42 89 36 26 54 28 2 23 60 55 6 18 50 20 97 33 98 11 58 14 37 65 63 81 4 80 40 88 34 59 12 99 
100 86 22 21 45 71 92 25 8 7 79 85 56 84 29 67 43 3 44 73 52 9 61 69 72 78 48 31 91 27 87 39 62 75 41 49 24 93 94 17 35 13 68 77 38 10 15 57 19 70 83 76 90 30 66 74 64 46 47 53 100 96 1 32 16 5 51 82 95 42 89 36 26 54 28 2 23 60 55 6 18 50 20 97 33 98 11 58 14 37 65 63 81 4 80 40 88 34 59 12 99 
100 86 22 21 45 71 92 25 8 7 79 85 56 84 29 67 43 3 44 73 52 9 61 69 72 78 48 31 91 27 87 39 62 75 41 49 24 93 94 17 35 13 68 77 38 10 15 57 19 70 83 76 90 30 66 74 64 46 47 53 100 96 1 32 16 5 51 82 95 42 89 36 26 54 28 2 23 60 55 6 18 50 20 97 33 98 11 58 14 37 65 63 81 4 80 40 88 34 59 12 99 
100 86 22 21 45 71 92 25 8 7 79 85 56 84 29 67 43 3 44 73 52 9 61 69 72 78 48 31 91 27 87 39 62 75 41 49 24 93 94 17 35 13 68 77 38 10 15 57 19 70 83 76 90 30 66 74 64 46 47 53 100 96 1 32 16 5 51 82 95 42 89 36 26 54 28 2 23 60 55 6 18 50 20 97 33 98 11 58 14 37 65 63 81 4 80 40 88 34 59 12 99 
100 86 22 21 45 71 92 25 8 7 79 85 56 84 29 67 43 3 44 73 52 9 61 69 72 78 48 31 91 27 87 39 62 75 41 49 24 93 94 17 35 13 68 77 38 10 15 57 19 70 83 76 90 30 66 74 64 46 47 53 100 96 1 32 16 5 51 82 95 42 89 36 26 54 28 2 23 60 55 6 18 50 20 97 33 98 11 58 14 37 65 63 81 4 80 40 88 34 59 12 99 
100 86 22 21 45 71 92 25 8 7 79 85 56 84 29 67 43 3 44 73 52 9 61 69 72 78 48 31 91 27 87 39 62 75 41 49 24 93 94 17 35 13 68 77 38 10 15 57 19 70 83 76 90 30 66 74 64 46 47 53 100 96 1 32 16 5 51 82 95 42 89 36 26 54 28 2 23 60 55 6 18 50 20 97 33 98 11 58 14 37 65 63 81 4 80 40 88 34 59 12 99 
100 86 22 21 45 71 92 25 8 7 79 85 56 84 29 67 43 3 44 73 52 9 61 69 72 78 48 31 91 27 87 39 62 75 41 49 24 93 94 17 35 13 68 77 38 10 15 57 19 70 83 76 90 30 66 74 64 46 47 53 100 96 1 32 16 5 51 82 95 42 89 36 26 54 28 2 23 60 55 6 18 50 20 97 33 98 11 58 14 37 65 63 81 4 80 40 88 34 59 12 99 
100 86 22 21 45 71 92 25 8 7 79 85 56 84 29 67 43 3 44 73 52 9 61 69 72 78 48 31 91 27 87 39 62 75 41 49 24 93 94 17 35 13 68 77 38 10 15 57 19 70 83 76 90 30 66 74 64 46 47 53 100 96 1 32 16 5 51 82 95 42 89 36 26 54 28 2 23 60 55 6 18 50 20 97 33 98 11 58 14 37 65 63 81 4 80 40 88 34 59 12 99 
100 86 22 21 45 71 92 25 8 7 79 85 56 84 29 67 43 3 44 73 52 9 61 69 72 78 48 31 91 27 87 39 62 75 41 49 24 93 94 17 35 13 68 77 38 10 15 57 19 70 83 76 90 30 66 74 64 46 47 53 100 96 1 32 16 5 51 82 95 42 89 36 26 54 28 2 23 60 55 6 18 50 20 97 33 98 11 58 14 37 65 63 81 4 80 40 88 34 59 12 99 
100 86 22 21 45 71 92 25 8 7 79 85 56 84 29 67 43 3 44 73 52 9 61 69 72 78 48 31 91 27 87 39 62 75 41 49 24 93 94 17 35 13 68 77 38 10 15 57 19 70 83 76 90 30 66 74 64 46 47 53 100 96 1 32 16 5 51 82 95 42 89 36 26 54 28 2 23 60 55 6 18 50 20 97 33 98 11 58 14 37 65 63 81 4 80 40 88 34 59 12 99 
100 86 22 21 45 71 92 25 8 7 79 85 56 84 29 67 43 3 44 73 52 9 61 69 72 78 48 31 91 27 87 39 62 75 41 49 24 93 94 17 35 13 68 77 38 10 15 57 19 70 83 76 90 30 66 74 64 46 47 53 100 96 1 32 16 5 51 82 95 42 89 36 26 54 28 2 23 60 55 6 18 50 20 97 33 98 11 58 14 37 65 63 81 4 80 40 88 34 59 12 99 
100 86 22 21 45 71 92 25 8 7 79 85 56 84 29 67 43 3 44 73 52 9 61 69 72 78 48 31 91 27 87 39 62 75 41 49 24 93 94 17 35 13 68 77 38 10 15 57 19 70 83 76 90 30 66 74 64 46 47 53 100 96 1 32 16 5 51 82 95 42 89 36 26 54 28 2 23 60 55 6 18 50 20 97 33 98 11 58 14 37 65 63 81 4 80 40 88 34 59 12 99 
100 86 22 21 45 71 92 25 8 7 79 85 56 84 29 67 43 3 44 73 52 9 61 69 72 78 48 31 91 27 87 39 62 75 41 49 24 93 94 17 35 13 68 77 38 10 15 57 19 70 83 76 90 30 66 74 64 46 47 53 100 96 1 32 16 5 51 82 95 42 89 36 26 54 28 2 23 60 55 6 18 50 20 97 33 98 11 58 14 37 65 63 81 4 80 40 88 34 59 12 99 
100 86 22 21 45 71 92 25 8 7 79 85 56 84 29 67 43 3 44 73 52 9 61 69 72 78 48 31 91 27 87 39 62 75 41 49 24 93 94 17 35 13 68 77 38 10 15 57 19 70 83 76 90 30 66 74 64 46 47 53 100 96 1 32 16 5 51 82 95 42 89 36 26 54 28 2 23 60 55 6 18 50 20 97 33 98 11 58 14 37 65 63 81 4 80 40 88 34 59 12 99 
100 86 22 21 45 71 92 25 8 7 79 85 56 84 29 67 43 3 44 73 52 9 61 69 72 78 48 31 91 27 87 39 62 75 41 49 24 93 94 17 35 13 68 77 38 10 15 57 19 70 83 76 90 30 66 74 64 46 47 53 100 96 1 32 16 5 51 82 95 42 89 36 26 54 28 2 23 60 55 6 18 50 20 97 33 98 11 58 14 37 65 63 81 4 80 40 88 34 59 12 99 
100 86 22 21 45 71 92 25 8 7 79 85 56 84 29 67 43 3 44 73 52 9 61 69 72 78 48 31 91 27 87 39 62 75 41 49 24 93 94 17 35 13 68 77 38 10 15 57 19 70 83 76 90 30 66 74 64 46 47 53 100 96 1 32 16 5 51 82 95 42 89 36 26 54 28 2 23 60 55 6 18 50 20 97 33 98 11 58 14 37 65 63 81 4 80 40 88 34 59 12 99 
100 86 22 21 45 71 92 25 8 7 79 85 56 84 29 67 43 3 44 73 52 9 61 69 72 78 48 31 91 27 87 39 62 75 41 49 24 93 94 17 35 13 68 77 38 10 15 57 19 70 83 76 90 30 66 74 64 46 47 53 100 96 1 32 16 5 51 82 95 42 89 36 26 54 28 2 23 60 55 6 18 50 20 97 33 98 11 58 14 37 65 63 81 4 80 40 88 34 59 12 99 
100 86 22 21 45 71 92 25 8 7 79 85 56 84 29 67 43 3 44 73 52 9 61 69 72 78 48 31 91 27 87 39 62 75 41 49 24 93 94 17 35 13 68 77 38 10 15 57 19 70 83 76 90 30 66 74 64 46 47 53 100 96 1 32 16 5 51 82 95 42 89 36 26 54 28 2 23 60 55 6 18 50 20 97 33 98 11 58 14 37 65 63 81 4 80 40 88 34 59 12 99 
100 86 22 21 45 71 92 25 8 7 79 85 56 84 29 67 43 3 44 73 52 9 61 69 72 78 48 31 91 27 87 39 62 75 41 49 24 93 94 17 35 13 68 77 38 10 15 57 19 70 83 76 90 30 66 74 64 46 47 53 100 96 1 32 16 5 51 82 95 42 89 36 26 54 28 2 23 60 55 6 18 50 20 97 33 98 11 58 14 37 65 63 81 4 80 40 88 34 59 12 99 
100 86 22 21 45 71 92 25 8 7 79 85 56 84 29 67 43 3 44 73 52 9 61 69 72 78 48 31 91 27 87 39 62 75 41 49 24 93 94 17 35 13 68 77 38 10 15 57 19 70 83 76 90 30 66 74 64 46 47 53 100 96 1 32 16 5 51 82 95 42 89 36 26 54 28 2 23 60 55 6 18 50 20 97 33 98 11 58 14 37 65 63 81 4 80 40 88 34 59 12 99 
100 86 22 21 45 71 92 25 8 7 79 85 56 84 29 67 43 3 44 73 52 9 61 69 72 78 48 31 91 27 87 39 62 75 41 49 24 93 94 17 35 13 68 77 38 10 15 57 19 70 83 76 90 30 66 74 64 46 47 53 100 96 1 32 16 5 51 82 95 42 89 36 26 54 28 2 23 60 55 6 18 50 20 97 33 98 11 58 14 37 65 63 81 4 80 40 88 34 59 12 99 
100 86 22 21 45 71 92 25 8 7 79 85 56 84 29 67 43 3 44 73 52 9 61 69 72 78 48 31 91 27 87 39 62 75 41 49 24 93 94 17 35 13 68 77 38 10 15 57 19 70 83 76 90 30 66 74 64 46 47 53 100 96 1 32 16 5 51 82 95 42 89 36 26 54 28 2 23 60 55 6 18 50 20 97 33 98 11 58 14 37 65 63 81 4 80 40 88 34 59 12 99 
100 86 22 21 45 71 92 25 8 7 79 85 56 84 29 67 43 3 44 73 52 9 61 69 72 78 48 31 91 27 87 39 62 75 41 49 24 93 94 17 35 13 68 77 38 10 15 57 19 70 83 76 90 30 66 74 64 46 47 53 100 96 1 32 16 5 51 82 95 42 89 36 26 54 28 2 23 60 55 6 18 50 20 97 33 98 11 58 14 37 65 63 81 4 80 40 88 34 59 12 99 
100 86 22 21 45 71 92 25 8 7 79 85 56 84 29 67 43 3 44 73 52 9 61 69 72 78 48 31 91 27 87 39 62 75 41 49 24 93 94 17 35 13 68 77 38 10 15 57 19 70 83 76 90 30 66 74 64 46 47 53 100 96 1 32 16 5 51 82 95 42 89 36 26 54 28 2 23 60 55 6 18 50 20 97 33 98 11 58 14 37 65 63 81 4 80 40 88 34 59 12 99 
100 86 22 21 45 71 92 25 8 7 79 85 56 84 29 67 43 3 44 73 52 9 61 69 72 78 48 31 91 27 87 39 62 75 41 49 24 93 94 17 35 13 68 77 38 10 15 57 19 70 83 76 90 30 66 74 64 46 47 53 100 96 1 32 16 5 51 82 95 42 89 36 26 54 28 2 23 60 55 6 18 50 20 97 33 98 11 58 14 37 65 63 81 4 80 40 88 34 59 12 99 
100 86 22 21 45 71 92 25 8 7 79 85 56 84 29 67 43 3 44 73 52 9 61 69 72 78 48 31 91 27 87 39 62 75 41 49 24 93 94 17 35 13 68 77 38 10 15 57 19 70 83 76 90 30 66 74 64 46 47 53 100 96 1 32 16 5 51 82 95 42 89 36 26 54 28 2 23 60 55 6 18 50 20 97 33 98 11 58 14 37 65 63 81 4 80 40 88 34 59 12 99 
100 86 22 21 45 71 92 25 8 7 79 85 56 84 29 67 43 3 44 73 52 9 61 69 72 78 48 31 91 27 87 39 62 75 41 49 24 93 94 17 35 13 68 77 38 10 15 57 19 70 83 76 90 30 66 74 64 46 47 53 100 96 1 32 16 5 51 82 95 42 89 36 26 54 28 2 23 60 55 6 18 50 20 97 33 98 11 58 14 37 65 63 81 4 80 40 88 34 59 12 99 
100 86 22 21 45 71 92 25 8 7 79 85 56 84 29 67 43 3 44 73 52 9 61 69 72 78 48 31 91 27 87 39 62 75 41 49 24 93 94 17 35 13 68 77 38 10 15 57 19 70 83 76 90 30 66 74 64 46 47 53 100 96 1 32 16 5 51 82 95 42 89 36 26 54 28 2 23 60 55 6 18 50 20 97 33 98 11 58 14 37 65 63 81 4 80 40 88 34 59 12 99 
100 86 22 21 45 71 92 25 8 7 79 85 56 84 29 67 43 3 44 73 52 9 61 69 72 78 48 31 91 27 87 39 62 75 41 49 24 93 94 17 35 13 68 77 38 10 15 57 19 70 83 76 90 30 66 74 64 46 47 53 100 96 1 32 16 5 51 82 95 42 89 36 26 54 28 2 23 60 55 6 18 50 20 97 33 98 11 58 14 37 65 63 81 4 80 40 88 34 59 12 99 
100 86 22 21 45 71 92 25 8 7 79 85 56 84 29 67 43 3 44 73 52 9 61 69 72 78 48 31 91 27 87 39 62 75 41 49 24 93 94 17 35 13 68 77 38 10 15 57 19 70 83 76 90 30 66 74 64 46 47 53 100 96 1 32 16 5 51 82 95 42 89 36 26 54 28 2 23 60 55 6 18 50 20 97 33 98 11 58 14 37 65 63 81 4 80 40 88 34 59 12 99 
100 86 22 21 45 71 92 25 8 7 79 85 56 84 29 67 43 3 44 73 52 9 61 69 72 78 48 31 91 27 87 39 62 75 41 49 24 93 94 17 35 13 68 77 38 10 15 57 19 70 83 76 90 30 66 74 64 46 47 53 100 96 1 32 16 5 51 82 95 42 89 36 26 54 28 2 23 60 55 6 18 50 20 97 33 98 11 58 14 37 65 63 81 4 80 40 88 34 59 12 99 
100 86 22 21 45 71 92 25 8 7 79 85 56 84 29 67 43 3 44 73 52 9 61 69 72 78 48 31 91 27 87 39 62 75 41 49 24 93 94 17 35 13 68 77 38 10 15 57 19 70 83 76 90 30 66 74 64 46 47 53 100 96 1 32 16 5 51 82 95 42 89 36 26 54 28 2 23 60 55 6 18 50 20 97 33 98 11 58 14 37 65 63 81 4 80 40 88 34 59 12 99 
100 86 22 21 45 71 92 25 8 7 79 85 56 84 29 67 43 3 44 73 52 9 61 69 72 78 48 31 91 27 87 39 62 75 41 49 24 93 94 17 35 13 68 77 38 10 15 57 19 70 83 76 90 30 66 74 64 46 47 53 100 96 1 32 16 5 51 82 95 42 89 36 26 54 28 2 23 60 55 6 18 50 20 97 33 98 11 58 14 37 65 63 81 4 80 40 88 34 59 12 99 
100 86 22 21 45 71 92 25 8 7 79 85 56 84 29 67 43 3 44 73 52 9 61 69 72 78 48 31 91 27 87 39 62 75 41 49 24 93 94 17 35 13 68 77 38 10 15 57 19 70 83 76 90 30 66 74 64 46 47 53 100 96 1 32 16 5 51 82 95 42 89 36 26 54 28 2 23 60 55 6 18 50 20 97 33 98 11 58 14 37 65 63 81 4 80 40 88 34 59 12 99 
100 86 22 21 45 71 92 25 8 7 79 85 56 84 29 67 43 3 44 73 52 9 61 69 72 78 48 31 91 27 87 39 62 75 41 49 24 93 94 17 35 13 68 77 38 10 15 57 19 70 83 76 90 30 66 74 64 46 47 53 100 96 1 32 16 5 51 82 95 42 89 36 26 54 28 2 23 60 55 6 18 50 20 97 33 98 11 58 14 37 65 63 81 4 80 40 88 34 59 12 99 
100 86 22 21 45 71 92 25 8 7 79 85 56 84 29 67 43 3 44 73 52 9 61 69 72 78 48 31 91 27 87 39 62 75 41 49 24 93 94 17 35 13 68 77 38 10 15 57 19 70 83 76 90 30 66 74 64 46 47 53 100 96 1 32 16 5 51 82 95 42 89 36 26 54 28 2 23 60 55 6 18 50 20 97 33 98 11 58 14 37 65 63 81 4 80 40 88 34 59 12 99 
100 86 22 21 45 71 92 25 8 7 79 85 56 84 29 67 43 3 44 73 52 9 61 69 72 78 48 31 91 27 87 39 62 75 41 49 24 93 94 17 35 13 68 77 38 10 15 57 19 70 83 76 90 30 66 74 64 46 47 53 100 96 1 32 16 5 51 82 95 42 89 36 26 54 28 2 23 60 55 6 18 50 20 97 33 98 11 58 14 37 65 63 81 4 80 40 88 34 59 12 99 
100 86 22 21 45 71 92 25 8 7 79 85 56 84 29 67 43 3 44 73 52 9 61 69 72 78 48 31 91 27 87 39 62 75 41 49 24 93 94 17 35 13 68 77 38 10 15 57 19 70 83 76 90 30 66 74 64 46 47 53 100 96 1 32 16 5 51 82 95 42 89 36 26 54 28 2 23 60 55 6 18 50 20 97 33 98 11 58 14 37 65 63 81 4 80 40 88 34 59 12 99 
100 86 22 21 45 71 92 25 8 7 79 85 56 84 29 67 43 3 44 73 52 9 61 69 72 78 48 31 91 27 87 39 62 75 41 49 24 93 94 17 35 13 68 77 38 10 15 57 19 70 83 76 90 30 66 74 64 46 47 53 100 96 1 32 16 5 51 82 95 42 89 36 26 54 28 2 23 60 55 6 18 50 20 97 33 98 11 58 14 37 65 63 81 4 80 40 88 34 59 12 99 
100 86 22 21 45 71 92 25 8 7 79 85 56 84 29 67 43 3 44 73 52 9 61 69 72 78 48 31 91 27 87 39 62 75 41 49 24 93 94 17 35 13 68 77 38 10 15 57 19 70 83 76 90 30 66 74 64 46 47 53 100 96 1 32 16 5 51 82 95 42 89 36 26 54 28 2 23 60 55 6 18 50 20 97 33 98 11 58 14 37 65 63 81 4 80 40 88 34 59 12 99 
100 86 22 21 45 71 92 25 8 7 79 85 56 84 29 67 43 3 44 73 52 9 61 69 72 78 48 31 91 27 87 39 62 75 41 49 24 93 94 17 35 13 68 77 38 10 15 57 19 70 83 76 90 30 66 74 64 46 47 53 100 96 1 32 16 5 51 82 95 42 89 36 26 54 28 2 23 60 55 6 18 50 20 97 33 98 11 58 14 37 65 63 81 4 80 40 88 34 59 12 99 
100 86 22 21 45 71 92 25 8 7 79 85 56 84 29 67 43 3 44 73 52 9 61 69 72 78 48 31 91 27 87 39 62 75 41 49 24 93 94 17 35 13 68 77 38 10 15 57 19 70 83 76 90 30 66 74 64 46 47 53 100 96 1 32 16 5 51 82 95 42 89 36 26 54 28 2 23 60 55 6 18 50 20 97 33 98 11 58 14 37 65 63 81 4 80 40 88 34 59 12 99 
100 86 22 21 45 71 92 25 8 7 79 85 56 84 29 67 43 3 44 73 52 9 61 69 72 78 48 31 91 27 87 39 62 75 41 49 24 93 94 17 35 13 68 77 38 10 15 57 19 70 83 76 90 30 66 74 64 46 47 53 100 96 1 32 16 5 51 82 95 42 89 36 26 54 28 2 23 60 55 6 18 50 20 97 33 98 11 58 14 37 65 63 81 4 80 40 88 34 59 12 99 
100 86 22 21 45 71 92 25 8 7 79 85 56 84 29 67 43 3 44 73 52 9 61 69 72 78 48 31 91 27 87 39 62 75 41 49 24 93 94 17 35 13 68 77 38 10 15 57 19 70 83 76 90 30 66 74 64 46 47 53 100 96 1 32 16 5 51 82 95 42 89 36 26 54 28 2 23 60 55 6 18 50 20 97 33 98 11 58 14 37 65 63 81 4 80 40 88 34 59 12 99 
100 86 22 21 45 71 92 25 8 7 79 85 56 84 29 67 43 3 44 73 52 9 61 69 72 78 48 31 91 27 87 39 62 75 41 49 24 93 94 17 35 13 68 77 38 10 15 57 19 70 83 76 90 30 66 74 64 46 47 53 100 96 1 32 16 5 51 82 95 42 89 36 26 54 28 2 23 60 55 6 18 50 20 97 33 98 11 58 14 37 65 63 81 4 80 40 88 34 59 12 99 
100 86 22 21 45 71 92 25 8 7 79 85 56 84 29 67 43 3 44 73 52 9 61 69 72 78 48 31 91 27 87 39 62 75 41 49 24 93 94 17 35 13 68 77 38 10 15 57 19 70 83 76 90 30 66 74 64 46 47 53 100 96 1 32 16 5 51 82 95 42 89 36 26 54 28 2 23 60 55 6 18 50 20 97 33 98 11 58 14 37 65 63 81 4 80 40 88 34 59 12 99 
100 86 22 21 45 71 92 25 8 7 79 85 56 84 29 67 43 3 44 73 52 9 61 69 72 78 48 31 91 27 87 39 62 75 41 49 24 93 94 17 35 13 68 77 38 10 15 57 19 70 83 76 90 30 66 74 64 46 47 53 100 96 1 32 16 5 51 82 95 42 89 36 26 54 28 2 23 60 55 6 18 50 20 97 33 98 11 58 14 37 65 63 81 4 80 40 88 34 59 12 99 
100 86 22 21 45 71 92 25 8 7 79 85 56 84 29 67 43 3 44 73 52 9 61 69 72 78 48 31 91 27 87 39 62 75 41 49 24 93 94 17 35 13 68 77 38 10 15 57 19 70 83 76 90 30 66 74 64 46 47 53 100 96 1 32 16 5 51 82 95 42 89 36 26 54 28 2 23 60 55 6 18 50 20 97 33 98 11 58 14 37 65 63 81 4 80 40 88 34 59 12 99 
100 86 22 21 45 71 92 25 8 7 79 85 56 84 29 67 43 3 44 73 52 9 61 69 72 78 48 31 91 27 87 39 62 75 41 49 24 93 94 17 35 13 68 77 38 10 15 57 19 70 83 76 90 30 66 74 64 46 47 53 100 96 1 32 16 5 51 82 95 42 89 36 26 54 28 2 23 60 55 6 18 50 20 97 33 98 11 58 14 37 65 63 81 4 80 40 88 34 59 12 99 
100 86 22 21 45 71 92 25 8 7 79 85 56 84 29 67 43 3 44 73 52 9 61 69 72 78 48 31 91 27 87 39 62 75 41 49 24 93 94 17 35 13 68 77 38 10 15 57 19 70 83 76 90 30 66 74 64 46 47 53 100 96 1 32 16 5 51 82 95 42 89 36 26 54 28 2 23 60 55 6 18 50 20 97 33 98 11 58 14 37 65 63 81 4 80 40 88 34 59 12 99 
100 86 22 21 45 71 92 25 8 7 79 85 56 84 29 67 43 3 44 73 52 9 61 69 72 78 48 31 91 27 87 39 62 75 41 49 24 93 94 17 35 13 68 77 38 10 15 57 19 70 83 76 90 30 66 74 64 46 47 53 100 96 1 32 16 5 51 82 95 42 89 36 26 54 28 2 23 60 55 6 18 50 20 97 33 98 11 58 14 37 65 63 81 4 80 40 88 34 59 12 99 
100 86 22 21 45 71 92 25 8 7 79 85 56 84 29 67 43 3 44 73 52 9 61 69 72 78 48 31 91 27 87 39 62 75 41 49 24 93 94 17 35 13 68 77 38 10 15 57 19 70 83 76 90 30 66 74 64 46 47 53 100 96 1 32 16 5 51 82 95 42 89 36 26 54 28 2 23 60 55 6 18 50 20 97 33 98 11 58 14 37 65 63 81 4 80 40 88 34 59 12 99 
100 86 22 21 45 71 92 25 8 7 79 85 56 84 29 67 43 3 44 73 52 9 61 69 72 78 48 31 91 27 87 39 62 75 41 49 24 93 94 17 35 13 68 77 38 10 15 57 19 70 83 76 90 30 66 74 64 46 47 53 100 96 1 32 16 5 51 82 95 42 89 36 26 54 28 2 23 60 55 6 18 50 20 97 33 98 11 58 14 37 65 63 81 4 80 40 88 34 59 12 99 
100 86 22 21 45 71 92 25 8 7 79 85 56 84 29 67 43 3 44 73 52 9 61 69 72 78 48 31 91 27 87 39 62 75 41 49 24 93 94 17 35 13 68 77 38 10 15 57 19 70 83 76 90 30 66 74 64 46 47 53 100 96 1 32 16 5 51 82 95 42 89 36 26 54 28 2 23 60 55 6 18 50 20 97 33 98 11 58 14 37 65 63 81 4 80 40 88 34 59 12 99 
100 86 22 21 45 71 92 25 8 7 79 85 56 84 29 67 43 3 44 73 52 9 61 69 72 78 48 31 91 27 87 39 62 75 41 49 24 93 94 17 35 13 68 77 38 10 15 57 19 70 83 76 90 30 66 74 64 46 47 53 100 96 1 32 16 5 51 82 95 42 89 36 26 54 28 2 23 60 55 6 18 50 20 97 33 98 11 58 14 37 65 63 81 4 80 40 88 34 59 12 99 
100 86 22 21 45 71 92 25 8 7 79 85 56 84 29 67 43 3 44 73 52 9 61 69 72 78 48 31 91 27 87 39 62 75 41 49 24 93 94 17 35 13 68 77 38 10 15 57 19 70 83 76 90 30 66 74 64 46 47 53 100 96 1 32 16 5 51 82 95 42 89 36 26 54 28 2 23 60 55 6 18 50 20 97 33 98 11 58 14 37 65 63 81 4 80 40 88 34 59 12 99 
100 86 22 21 45 71 92 25 8 7 79 85 56 84 29 67 43 3 44 73 52 9 61 69 72 78 48 31 91 27 87 39 62 75 41 49 24 93 94 17 35 13 68 77 38 10 15 57 19 70 83 76 90 30 66 74 64 46 47 53 100 96 1 32 16 5 51 82 95 42 89 36 26 54 28 2 23 60 55 6 18 50 20 97 33 98 11 58 14 37 65 63 81 4 80 40 88 34 59 12 99 
100 86 22 21 45 71 92 25 8 7 79 85 56 84 29 67 43 3 44 73 52 9 61 69 72 78 48 31 91 27 87 39 62 75 41 49 24 93 94 17 35 13 68 77 38 10 15 57 19 70 83 76 90 30 66 74 64 46 47 53 100 96 1 32 16 5 51 82 95 42 89 36 26 54 28 2 23 60 55 6 18 50 20 97 33 98 11 58 14 37 65 63 81 4 80 40 88 34 59 12 99 
