100
100 17 67 19 72 34 59 45 5 79 62 94 50 7 81 33 55 98 93 80 6 1 65 61 24 28 31 89 85 18 64 37 40 14 39 60 9 71 42 51 23 21 57 49 74 52 75 46 97 3 13 48 54 36 78 68 92 83 95 4 69 38 82 84 35 77 32 99 8 53 100 96 12 27 11 16 58 10 43 30 26 15 47 20 88 86 70 66 29 22 2 44 87 91 56 63 73 41 90 25 76 
100 67 15 94 13 33 43 52 95 65 81 22 10 89 84 8 92 45 57 90 16 32 24 46 87 23 51 74 21 47 78 91 71 38 62 55 25 42 53 36 54 12 17 86 76 58 3 18 48 40 72 66 70 73 75 39 31 56 88 1 26 97 83 77 7 60 34 96 27 44 50 59 19 79 14 100 37 5 85 20 82 99 98 41 49 11 80 35 63 61 9 30 64 6 28 29 4 93 2 69 68 
100 69 27 74 81 55 38 25 50 53 77 51 93 98 86 72 4 57 84 45 12 3 73 95 11 89 13 96 40 87 43 97 60 56 6 46 29 82 9 33 49 8 83 99 80 31 1 52 78 18 16 7 26 79 62 15 39 28 36 76 22 58 59 23 100 90 47 5 17 10 63 41 92 61 85 48 19 34 35 65 67 88 71 68 44 91 54 32 94 21 20 37 24 75 64 2 14 42 66 70 30 
100 96 9 99 11 41 25 88 29 44 13 55 33 83 72 8 74 95 76 82 18 38 32 30 42 100 91 70 68 84 73 92 62 86 10 78 90 89 54 26 57 35 4 21 43 94 20 52 7 66 6 1 12 3 17 63 93 16 77 64 46 53 31 47 27 60 56 34 49 79 24 37 14 23 2 97 87 75 98 48 81 15 69 85 65 36 45 67 61 71 5 80 51 19 39 50 22 28 40 58 59 
100 98 88 89 54 23 31 100 26 42 34 73 33 91 69 17 12 84 52 86 93 90 2 32 16 3 97 79 6 36 21 67 4 80 47 65 70 22 83 68 63 74 85 44 96 9 8 62 87 15 57 10 20 75 56 1 49 82 48 40 28 37 5 13 53 14 30 41 60 61 51 94 11 43 19 18 35 58 39 24 72 77 81 64 45 99 78 29 55 46 95 76 27 71 50 92 38 66 7 59 25 
100 19 83 86 15 64 72 37 38 35 3 66 46 16 52 96 75 22 6 73 92 9 32 85 77 21 51 63 43 25 18 8 11 69 81 48 7 84 34 50 61 17 24 82 53 90 23 57 71 89 28 1 93 62 39 95 79 55 27 59 78 47 2 20 100 45 67 88 65 5 97 56 33 58 91 70 31 36 14 76 30 68 41 94 87 13 12 99 49 44 54 74 42 10 98 80 4 29 26 60 40 
100 98 74 22 6 21 57 5 11 89 92 33 96 50 31 7 30 8 85 17 49 73 72 37 18 20 84 43 56 59 64 83 40 80 91 23 86 34 32 46 41 38 97 68 79 45 54 58 77 76 24 10 26 13 25 29 82 55 39 61 51 42 65 4 15 66 48 100 52 27 3 81 53 70 9 16 95 94 12 71 28 75 88 1 60 35 63 93 62 44 69 87 78 14 67 2 47 99 36 19 90 
100 12 98 36 81 95 60 49 47 64 40 41 43 42 69 72 66 8 59 75 21 57 2 68 30 29 50 62 71 65 79 28 31 14 33 78 20 3 91 13 23 58 4 38 37 87 6 44 45 25 93 46 7 74 16 9 100 89 53 56 35 61 97 96 54 11 34 99 22 52 77 83 86 84 80 17 63 88 27 76 32 24 90 5 67 73 51 10 94 48 15 55 19 1 26 39 92 85 70 82 18 
100 97 92 56 49 76 61 31 99 34 5 45 62 43 65 16 67 41 18 66 98 1 8 69 55 42 78 57 54 47 70 14 17 3 15 20 35 77 88 96 81 38 50 23 40 75 74 44 4 100 21 60 59 39 29 82 90 37 87 26 93 19 53 30 22 11 79 51 71 68 85 46 13 9 12 80 28 86 94 25 72 7 91 48 89 63 36 32 10 33 58 52 64 27 2 84 24 6 73 95 83 
100 43 9 61 89 36 10 38 1 41 50 33 37 53 74 68 35 52 96 79 91 87 6 73 44 24 49 31 12 81 5 17 30 99 69 19 45 83 40 77 32 21 42 95 47 3 93 48 4 56 84 22 2 98 94 20 29 72 90 92 11 86 67 15 59 70 97 65 34 14 23 88 28 71 16 57 58 76 13 55 75 8 46 82 25 63 60 100 80 51 54 66 62 64 78 27 39 18 7 85 26 
100 29 66 8 44 34 67 73 84 6 68 64 33 10 80 99 96 69 82 26 11 45 20 35 77 93 30 60 18 31 72 3 79 5 87 65 91 1 14 88 47 86 61 90 49 83 38 2 76 95 74 51 97 94 53 63 43 55 71 16 59 81 13 25 22 46 92 42 50 40 41 100 58 21 98 23 19 4 9 54 70 37 15 85 36 57 78 89 24 75 28 12 52 17 32 7 39 27 62 48 56 
100 72 99 78 88 51 95 43 86 14 34 52 55 28 97 45 8 15 100 7 77 83 56 24 65 53 29 96 46 50 71 12 36 74 44 33 37 81 4 9 1 62 42 49 59 90 84 91 35 98 47 40 73 85 11 38 31 75 82 21 10 30 68 89 3 22 17 76 67 41 63 25 32 26 20 69 80 64 93 5 2 70 92 23 94 16 79 18 48 6 13 27 19 60 54 61 58 57 87 39 66 
100 55 23 22 74 9 83 27 6 35 70 7 58 30 80 81 36 63 18 28 14 97 46 84 77 54 45 66 3 29 88 11 33 68 93 19 32 15 43 53 47 69 37 25 59 82 42 44 67 75 20 16 24 78 94 38 91 34 1 12 100 73 90 87 51 39 62 57 64 31 86 41 61 56 98 60 92 21 50 52 26 65 40 48 17 96 72 13 99 49 8 5 10 85 95 76 4 79 89 71 2 
100 48 84 79 83 66 76 37 17 12 24 99 43 47 19 13 22 25 49 2 10 35 31 34 60 93 62 7 23 52 44 72 30 61 68 97 28 67 86 5 27 92 1 32 88 59 87 41 53 78 18 20 54 85 63 11 74 14 81 45 38 64 29 51 69 26 94 57 39 50 77 55 58 96 8 56 82 80 15 16 90 89 73 98 40 91 6 9 65 46 36 75 70 21 33 100 42 3 95 71 4 
100 39 97 90 71 84 30 80 37 7 95 74 41 17 54 70 42 20 51 25 62 72 15 59 19 49 100 92 65 83 6 55 29 76 61 89 22 4 9 35 68 96 57 98 14 75 52 48 32 87 58 63 21 46 26 28 23 91 53 47 93 27 86 99 36 43 50 64 67 73 1 40 24 5 16 31 10 77 88 44 78 85 38 12 11 82 56 13 66 81 79 60 8 69 45 94 34 2 3 33 18 
100 53 7 58 6 14 40 90 1 86 98 4 35 39 87 61 74 54 76 41 65 32 80 81 79 34 66 30 91 71 67 51 85 99 8 12 3 46 92 75 97 11 62 60 10 93 43 73 23 36 48 88 25 26 64 47 13 20 15 63 44 45 77 33 37 84 21 9 72 78 5 96 55 16 29 31 50 56 69 82 89 59 49 27 95 22 94 52 17 38 2 57 68 42 18 24 83 70 28 19 100 
100 98 23 99 6 27 85 51 79 82 28 92 55 59 86 58 30 56 53 29 87 32 3 11 40 91 61 18 68 83 71 78 95 64 33 70 46 25 49 17 75 19 16 2 41 44 24 1 50 20 35 5 93 7 31 13 81 96 8 47 43 88 60 66 14 69 90 12 48 15 63 34 57 94 9 52 89 72 39 73 45 54 76 84 38 4 100 80 67 62 26 65 37 97 42 74 10 21 77 36 22 
100 89 49 90 88 2 37 98 22 13 17 52 15 55 69 7 93 27 41 5 53 10 73 95 24 79 43 30 32 68 29 1 59 21 19 92 80 70 56 100 62 66 9 38 35 54 8 18 76 58 87 47 48 60 67 50 74 28 94 11 12 64 97 16 33 31 61 96 39 6 99 72 71 3 25 81 86 85 34 40 45 51 63 84 57 91 20 36 23 26 44 83 46 14 78 77 75 4 42 65 82 
100 71 56 81 32 38 95 22 90 42 99 86 97 52 94 11 29 26 61 50 20 62 51 12 15 92 96 85 91 100 21 30 4 79 49 70 17 74 27 69 67 48 10 78 73 33 3 46 44 8 98 13 77 60 83 64 68 16 80 7 93 76 66 47 87 43 82 53 89 23 34 55 59 58 72 24 37 41 5 57 45 65 9 31 39 19 25 54 28 63 35 2 75 36 6 84 88 40 18 1 14 
100 71 59 61 51 15 96 79 62 93 99 90 18 46 50 7 88 26 66 83 4 30 47 76 6 56 98 13 20 52 34 81 40 84 37 70 77 85 38 86 42 39 28 10 64 49 14 27 16 53 67 92 11 87 100 35 55 74 22 9 25 97 45 89 1 44 54 5 80 82 65 2 32 48 58 19 94 36 12 29 17 75 69 31 33 68 72 43 60 24 91 63 23 57 95 41 78 8 3 73 21 
100 71 50 66 62 2 96 35 33 12 42 98 68 72 26 61 55 70 38 57 73 95 88 9 49 69 41 58 81 99 43 85 74 32 40 77 25 39 1 21 100 75 5 89 92 78 79 48 52 4 60 31 7 56 15 51 44 93 14 97 46 54 22 20 37 45 27 76 8 19 84 94 10 47 6 67 36 18 87 83 23 3 11 28 24 16 80 86 90 53 82 64 17 30 59 13 65 29 91 63 34 
100 91 67 25 49 29 73 4 31 68 5 2 14 88 11 34 21 20 38 48 55 17 27 97 12 30 82 78 70 9 18 93 63 35 28 98 22 56 71 52 41 84 16 94 39 89 50 44 92 59 33 87 72 64 62 15 23 8 19 58 43 90 24 65 36 86 61 47 32 45 42 57 76 75 69 95 60 51 53 6 26 37 80 74 1 10 54 83 3 66 85 96 100 81 46 7 99 79 13 77 40 
100 40 96 90 20 88 3 19 48 17 62 33 53 47 8 85 45 38 49 1 21 28 22 14 66 58 72 9 31 12 68 93 84 54 64 92 16 77 13 94 70 15 36 25 32 27 78 86 50 97 67 51 59 73 79 34 37 55 35 18 6 4 81 10 2 46 7 75 60 80 5 24 41 83 23 82 71 74 29 99 43 44 56 39 61 98 42 11 95 26 89 100 76 91 52 65 63 30 87 69 57 
100 58 27 65 91 78 74 57 89 23 48 75 50 88 61 37 33 94 19 34 86 100 66 69 68 6 60 22 53 30 1 25 70 59 15 35 55 8 52 12 32 71 9 98 17 63 10 73 96 24 79 64 90 72 28 92 84 67 77 21 56 62 42 82 16 41 18 7 14 97 4 29 49 95 76 87 83 47 11 43 45 31 85 38 51 39 36 20 26 81 13 99 44 54 46 2 3 93 80 5 40 
100 53 37 81 39 1 87 47 83 64 71 42 52 48 99 45 91 8 66 65 76 90 28 22 97 20 43 27 36 41 75 61 49 18 68 9 86 77 60 46 67 89 14 40 29 23 57 11 10 84 4 98 17 21 15 5 85 72 34 50 38 6 26 62 93 79 16 51 58 59 31 30 19 88 25 3 94 63 13 95 74 33 44 55 56 35 7 32 73 96 69 70 82 2 12 80 24 54 100 92 78 
100 96 39 19 31 20 72 65 79 91 5 88 80 45 26 64 25 29 87 32 44 16 60 4 100 86 85 8 1 11 50 6 59 30 51 90 35 66 22 71 9 47 36 73 94 52 69 62 46 89 57 13 97 76 15 28 27 83 78 33 42 84 21 34 74 61 3 7 98 24 95 37 82 38 99 54 68 56 12 40 17 23 58 43 55 18 41 70 67 53 2 14 81 92 49 93 10 63 77 48 75 
100 89 12 34 72 99 7 68 15 67 74 46 91 84 10 24 16 19 42 43 22 38 39 53 85 47 20 75 60 36 76 79 30 71 5 81 92 8 95 9 62 45 70 23 96 97 59 50 41 28 31 21 55 29 48 83 88 51 69 2 100 3 90 82 37 87 65 27 35 73 94 6 17 33 93 13 4 44 64 1 56 86 11 18 25 26 52 58 14 80 32 61 49 40 78 57 66 54 77 98 63 
100 11 89 67 96 20 35 70 77 30 13 4 6 95 99 83 61 86 51 18 10 9 65 85 98 40 43 36 94 91 22 69 19 63 54 34 38 84 100 81 17 46 82 44 66 53 68 1 56 7 48 32 3 39 79 28 57 45 16 92 5 47 41 59 50 93 75 29 12 74 60 15 42 87 24 72 25 71 90 23 21 58 26 27 31 73 62 33 64 76 97 49 52 88 37 8 80 2 78 14 55 
100 35 70 49 74 71 16 23 29 98 79 96 21 86 65 5 24 58 77 11 17 8 63 87 61 12 25 46 97 48 66 89 3 90 9 60 80 42 44 73 47 30 26 51 39 82 53 68 84 94 56 45 67 72 28 15 83 20 27 38 55 19 37 81 76 54 40 33 100 78 57 91 95 52 14 92 69 7 36 99 93 6 88 59 31 32 2 64 50 62 41 1 10 85 34 18 13 75 43 22 4 
100 8 73 65 63 5 49 53 61 39 92 78 60 72 7 67 36 84 51 24 25 52 47 98 50 80 62 40 38 56 41 2 97 55 15 99 58 96 88 10 54 23 66 19 69 59 11 34 20 3 46 29 77 74 79 64 45 42 6 9 94 93 76 68 44 82 83 14 91 48 16 31 18 28 75 27 43 89 81 13 90 86 12 35 30 57 100 21 95 33 17 1 32 37 26 71 4 87 70 85 22 
100 11 81 96 90 36 9 32 27 79 1 60 89 70 65 91 77 54 8 14 34 71 48 44 52 58 98 74 84 66 63 28 56 25 20 45 100 38 87 49 29 47 10 35 5 21 57 41 42 16 83 7 3 23 92 93 30 50 17 53 72 40 95 94 26 64 15 68 43 75 59 67 80 61 2 86 19 97 85 37 39 99 62 69 76 33 55 18 46 6 51 82 4 88 31 73 13 22 24 78 12 
100 82 6 40 92 81 33 51 53 96 34 91 61 41 7 57 84 35 95 73 97 56 85 46 25 4 18 59 16 94 54 37 30 15 88 12 45 13 11 86 69 89 5 24 10 8 76 72 100 38 64 77 1 50 23 44 79 31 2 60 27 43 67 19 32 14 52 21 63 71 78 39 80 70 68 28 75 65 87 20 62 26 98 47 9 99 74 42 93 29 22 49 83 90 58 66 3 48 36 17 55 
100 100 6 78 41 24 37 9 81 76 53 4 95 86 58 30 22 70 10 39 55 42 65 90 51 61 66 17 18 91 71 67 63 85 99 40 29 84 2 45 35 3 94 59 92 98 74 26 69 80 50 34 36 5 52 57 33 8 15 16 72 96 20 28 83 32 19 75 87 7 64 1 13 56 44 14 21 89 23 27 88 38 60 46 12 47 97 68 48 77 73 93 54 49 43 79 25 62 82 11 31 
100 42 36 98 21 82 54 22 70 68 71 34 85 67 91 55 66 15 20 74 92 24 83 51 9 29 46 35 61 95 38 100 11 8 78 7 90 56 17 63 28 73 60 93 18 80 65 30 64 41 37 39 45 43 4 3 53 14 62 57 27 48 88 84 79 50 52 6 25 23 75 49 44 87 86 76 40 26 81 12 19 59 16 10 72 94 1 32 77 58 13 97 47 69 33 96 2 5 31 99 89 
100 84 15 49 44 54 62 96 39 24 9 90 86 53 22 23 20 16 48 32 70 40 6 51 67 30 83 43 91 3 31 92 69 28 1 76 38 89 13 41 98 79 73 85 27 59 56 82 26 55 29 5 50 75 35 100 25 97 94 4 7 72 37 14 18 78 36 47 80 58 66 42 63 81 17 2 64 95 52 19 61 99 45 10 77 21 12 8 71 93 34 57 74 11 46 87 60 65 88 33 68 
100 99 86 30 84 38 35 66 40 82 22 12 53 96 44 49 51 74 11 79 16 98 36 62 29 31 75 1 47 4 24 50 2 88 39 76 14 87 59 43 42 65 85 8 19 21 100 68 3 45 60 28 23 78 64 72 67 13 95 27 18 5 54 32 52 93 20 94 71 80 57 61 7 9 73 92 81 89 10 15 34 77 70 48 37 25 97 26 63 46 17 56 58 41 91 6 33 55 69 90 83 
100 10 62 41 70 57 89 93 13 59 69 5 81 55 24 80 73 97 66 87 19 36 85 82 71 46 4 2 88 65 53 64 11 3 25 31 30 78 52 86 49 47 44 79 23 90 74 27 38 9 6 15 83 96 63 1 42 84 72 35 60 34 92 14 29 54 50 77 94 100 20 48 17 8 22 68 75 91 76 43 95 12 21 37 67 7 40 33 61 32 39 26 45 51 58 16 99 28 98 18 56 
100 35 52 98 67 12 28 2 90 80 5 46 43 32 96 44 68 40 37 83 15 22 26 88 47 20 75 51 95 4 92 18 1 23 62 49 14 65 50 79 85 29 100 59 78 54 99 94 42 16 86 69 9 8 38 58 56 19 41 24 10 33 60 39 74 64 55 25 61 72 11 6 48 89 71 76 73 82 97 3 57 36 63 81 70 91 27 66 87 13 34 53 93 31 7 77 17 45 84 30 21 
100 54 52 22 41 45 74 79 2 68 17 90 10 37 85 3 20 61 89 30 96 75 28 73 53 92 63 67 47 34 100 11 93 19 83 78 14 44 87 58 8 60 98 39 70 31 76 33 56 24 32 77 43 48 95 59 23 64 51 5 71 69 49 42 94 97 7 21 50 81 18 4 72 40 82 26 84 62 25 80 6 86 38 99 12 66 29 91 9 16 15 36 57 65 13 88 1 55 27 35 46 
100 10 41 19 90 46 83 35 14 18 60 31 56 96 2 67 23 93 28 62 1 92 9 76 95 79 11 32 87 43 82 61 99 42 80 6 64 49 15 50 91 40 22 12 36 75 51 5 34 8 86 58 37 47 17 57 98 3 72 65 84 20 89 45 55 4 24 26 54 77 74 39 97 70 78 88 48 21 44 29 52 66 71 25 33 30 68 81 16 7 38 69 73 100 27 63 13 94 59 85 53 
100 90 8 99 49 16 76 65 46 30 58 57 2 54 24 5 37 79 66 61 62 60 35 72 85 74 6 19 67 82 44 32 7 56 59 34 38 53 33 23 81 95 12 39 86 78 17 52 31 18 91 40 55 28 11 26 10 63 3 73 47 96 48 20 14 50 93 36 77 80 1 100 69 70 21 45 71 29 9 75 41 43 88 15 68 42 25 27 84 13 89 97 94 83 64 92 22 4 51 87 98 
100 4 50 53 5 100 16 92 86 23 22 21 38 45 33 7 65 18 15 58 95 11 73 46 35 96 42 14 26 43 68 13 60 1 36 98 30 28 82 37 79 49 88 97 52 99 85 80 59 61 57 27 56 40 31 34 12 78 10 62 64 29 83 20 63 55 54 32 77 44 24 47 74 9 89 81 25 76 3 17 84 70 66 51 39 69 91 72 93 41 8 75 2 6 90 87 71 48 94 19 67 
100 85 47 56 30 82 81 48 31 51 35 38 75 17 89 49 21 84 67 59 32 46 20 54 27 64 4 94 58 13 86 50 42 24 2 26 40 45 19 92 91 98 37 80 70 74 29 41 1 61 95 68 23 96 33 5 6 55 12 34 73 7 63 3 39 79 87 90 15 77 53 99 22 43 76 10 25 88 11 44 60 52 9 71 100 66 18 16 36 93 14 78 65 28 97 62 83 69 72 57 8 
100 55 13 64 37 60 40 53 78 85 69 97 34 52 92 17 89 82 70 25 21 87 1 100 11 84 50 22 20 23 30 83 56 95 15 65 47 99 42 45 7 67 86 90 4 6 94 8 68 59 98 9 28 38 32 31 62 26 39 54 16 61 79 44 43 48 5 74 77 73 19 63 2 91 96 93 33 49 29 41 27 14 88 10 58 24 80 18 12 66 71 3 76 81 46 72 57 75 51 36 35 
100 90 78 75 6 8 72 93 35 84 28 13 19 63 16 89 33 48 76 15 71 10 38 59 65 94 4 45 32 9 31 24 68 81 46 57 42 41 67 87 49 61 1 27 97 55 14 70 60 40 54 47 56 51 69 50 82 36 29 17 37 52 100 85 80 99 30 26 22 2 20 92 64 7 79 3 39 74 18 91 98 34 58 53 43 25 95 86 83 66 44 77 11 12 96 21 5 23 62 88 73 
100 33 39 17 13 10 38 31 32 65 9 72 84 11 12 40 44 5 49 28 85 92 81 94 64 68 96 57 22 62 8 67 41 95 45 2 35 43 75 91 7 19 23 99 52 59 24 3 89 47 16 77 63 93 51 37 69 74 30 73 87 86 98 4 90 53 100 21 29 71 79 61 36 58 50 42 70 20 60 78 1 83 88 27 66 15 26 6 97 18 55 80 56 48 46 25 76 82 54 34 14 
100 74 58 82 91 3 59 34 30 100 92 6 75 71 87 80 23 20 38 4 5 25 62 43 35 46 50 51 52 16 13 26 88 10 11 37 61 86 39 27 18 76 48 47 8 65 15 49 56 42 22 68 41 31 55 89 66 36 54 1 32 72 96 63 14 12 7 95 64 70 17 45 99 84 19 9 97 40 67 69 24 29 60 28 2 83 33 53 94 98 93 85 44 79 21 90 77 73 81 57 78 
100 67 51 7 24 23 32 56 66 16 29 75 34 13 85 15 64 83 26 61 59 76 8 87 17 100 53 60 89 31 79 69 94 35 68 44 43 5 25 98 39 4 1 14 65 63 74 6 50 92 97 10 55 72 99 22 11 41 33 52 20 12 73 9 86 90 71 88 38 96 70 45 54 37 18 95 58 93 46 84 3 40 28 42 57 91 36 47 77 30 78 49 80 2 19 27 62 48 21 81 82 
100 15 46 39 24 92 3 12 88 44 36 30 70 21 50 25 94 65 18 27 80 32 42 89 14 83 6 61 40 64 23 85 13 54 60 68 43 74 93 22 10 86 56 16 66 96 34 72 52 26 4 5 11 98 75 73 62 9 91 78 29 81 57 79 69 20 49 17 58 55 41 48 99 53 45 35 51 28 2 97 33 31 38 37 84 19 1 67 63 47 76 77 8 7 87 100 95 59 90 82 71 
100 38 27 74 72 85 77 31 90 62 22 71 16 91 83 14 69 19 97 63 80 9 8 59 7 33 82 15 5 2 66 40 87 4 3 68 12 43 45 64 6 94 52 67 36 32 44 99 49 95 39 13 89 58 25 65 28 47 54 42 93 37 60 21 10 56 61 51 79 18 70 92 48 75 78 46 17 20 98 26 35 53 88 100 23 81 57 55 11 29 76 73 1 84 34 50 30 24 41 86 96 
100 49 84 87 74 36 28 64 85 51 73 61 17 71 88 77 94 93 32 3 48 50 59 47 60 8 16 83 57 82 41 31 37 26 63 2 67 55 81 96 56 100 98 53 7 24 86 75 44 58 6 20 29 18 90 99 69 21 91 66 22 14 65 19 27 43 38 80 13 78 9 62 12 54 68 34 30 33 45 42 76 89 79 15 95 4 35 39 52 5 23 70 40 46 10 72 11 25 1 92 97 
100 39 65 61 58 28 13 38 48 23 83 59 40 95 94 22 77 45 100 52 75 17 71 9 8 27 90 29 54 14 91 2 67 55 79 51 81 10 1 84 11 73 76 37 93 97 42 36 34 92 33 19 44 80 70 50 21 82 31 98 88 5 20 68 72 69 57 26 56 30 12 53 62 63 86 99 4 16 87 18 7 35 49 60 6 74 41 78 46 85 66 64 32 25 24 96 3 89 47 43 15 
100 9 71 77 25 68 43 6 44 94 55 81 64 78 62 30 47 19 88 35 5 85 1 58 40 45 16 100 57 66 13 72 53 75 80 3 31 11 4 52 54 41 46 51 18 33 61 98 10 83 27 36 86 8 28 97 50 84 59 96 70 73 48 82 63 49 2 91 93 22 56 69 87 17 99 21 65 15 95 24 23 79 42 14 7 39 37 92 89 76 29 20 60 26 90 67 12 32 38 34 74 
100 71 22 100 84 46 69 16 96 10 25 34 37 98 52 20 63 40 4 75 68 29 48 91 85 27 83 36 41 17 70 73 42 58 57 74 28 30 23 47 55 86 54 51 79 39 53 77 49 21 12 87 45 6 97 61 3 72 8 15 66 89 2 26 24 14 13 1 31 64 32 93 78 99 19 82 88 5 33 7 50 81 65 92 43 80 35 38 76 60 59 67 62 90 94 56 11 9 44 95 18 
100 79 91 97 31 64 52 71 88 2 95 37 39 82 90 41 49 4 17 65 29 1 50 30 42 3 25 13 51 43 100 35 80 92 5 56 85 46 87 84 7 53 60 63 61 33 69 66 40 67 62 22 12 48 20 83 18 54 73 78 89 8 28 36 74 38 57 34 6 99 68 81 14 76 27 44 45 26 11 59 10 58 47 23 75 32 19 70 98 55 9 72 77 96 24 93 15 16 21 94 86 
100 57 94 86 89 56 10 8 12 29 40 37 54 100 17 59 91 90 99 7 78 74 3 48 93 42 30 27 26 6 92 23 20 64 71 14 95 47 79 1 75 72 45 11 62 36 33 41 4 21 38 69 51 19 58 15 44 9 2 83 77 46 31 53 18 87 49 82 97 13 25 32 98 73 67 65 68 35 70 24 50 81 66 22 96 28 80 76 61 43 60 55 84 5 34 88 52 85 39 63 16 
100 71 85 46 77 70 13 80 51 99 16 34 93 79 48 37 75 88 23 84 54 97 82 22 72 30 6 69 57 12 66 43 59 41 2 8 47 94 38 11 31 86 100 62 32 60 87 29 5 64 27 52 19 40 78 4 17 53 44 73 18 49 14 67 81 65 15 3 21 61 63 35 10 58 39 26 28 91 74 90 68 9 24 83 98 36 7 1 56 25 76 95 89 20 96 92 45 42 50 33 55 
100 36 58 6 20 2 34 93 88 33 50 71 94 69 79 83 92 75 10 77 86 54 25 98 38 46 31 1 8 90 85 84 28 95 64 3 42 100 97 57 65 40 96 62 23 14 35 80 5 56 53 18 22 67 66 17 51 13 16 61 99 63 78 82 73 9 15 32 49 41 21 74 45 87 70 44 91 68 76 11 27 39 52 89 26 55 47 43 60 59 72 30 37 48 7 29 4 24 81 12 19 
100 29 10 56 61 82 86 17 5 74 37 84 11 76 88 13 90 94 40 14 57 99 58 70 45 34 100 25 87 16 68 52 33 79 64 72 28 24 22 54 93 73 3 78 27 39 63 89 53 41 66 46 47 62 12 60 69 75 6 21 36 49 19 71 8 92 43 15 23 67 98 77 80 96 38 65 55 26 35 48 32 4 44 7 91 51 31 18 9 95 83 30 50 97 1 20 81 59 42 85 2 
100 100 9 53 63 52 20 73 66 25 58 98 95 19 28 38 79 6 26 60 81 18 75 22 64 91 4 10 1 55 96 47 30 40 41 62 24 59 99 51 45 35 57 67 42 23 83 13 69 43 12 32 72 46 7 97 94 34 39 14 3 93 48 74 88 8 87 16 21 82 11 89 37 77 49 68 92 61 76 2 80 44 15 29 17 70 86 85 50 27 36 5 90 65 54 71 78 56 33 31 84 
100 32 84 97 20 75 62 73 22 47 80 10 78 77 67 54 46 29 48 58 35 27 19 25 91 38 63 6 60 16 42 2 3 34 87 99 56 53 85 92 98 93 79 23 14 33 64 28 72 17 4 12 59 61 83 89 71 68 7 81 44 45 11 18 49 88 100 82 41 50 40 74 13 43 24 96 65 31 95 26 5 94 90 55 76 15 36 8 52 51 9 30 37 39 66 70 57 21 69 86 1 
100 43 89 42 62 97 49 87 12 36 75 15 69 35 95 50 13 2 68 91 3 47 10 94 66 28 64 23 83 39 14 67 51 57 74 52 33 17 7 30 96 60 4 45 40 77 72 70 32 78 25 88 20 41 37 82 34 16 85 61 44 86 79 48 73 98 84 76 22 26 18 8 21 93 63 56 38 55 81 24 53 59 19 11 29 54 58 100 9 65 5 99 31 27 6 46 1 90 80 92 71 
100 94 65 84 41 39 59 99 76 8 95 100 60 46 10 9 13 4 90 55 34 63 48 61 66 36 86 6 14 43 85 72 83 47 32 19 44 51 7 52 33 70 91 30 20 28 82 97 67 78 24 25 88 68 79 45 42 23 75 74 62 26 50 73 5 38 80 37 2 92 98 49 58 18 53 22 3 40 27 77 64 35 69 15 93 81 96 17 54 87 1 31 56 11 71 89 29 16 21 57 12 
100 41 98 7 88 17 29 25 38 32 53 36 79 86 20 4 21 52 92 3 85 18 35 33 59 26 71 89 66 19 69 2 95 6 60 97 23 78 67 40 94 62 77 61 76 49 80 63 68 30 70 64 75 93 81 24 16 47 99 83 90 1 96 13 15 55 72 73 46 50 56 48 91 22 58 28 51 84 42 37 39 54 100 31 5 45 8 65 82 44 11 57 12 9 34 10 27 14 74 43 87 
100 45 53 24 58 76 10 6 18 38 56 59 52 90 32 37 21 98 89 94 35 62 4 97 26 19 80 28 57 60 49 95 85 39 71 54 40 1 17 22 79 13 23 55 87 63 47 3 25 44 61 70 5 64 30 74 11 69 75 46 7 42 100 12 41 43 84 72 29 2 48 92 50 27 99 15 8 20 88 9 82 73 65 83 81 66 16 91 78 86 14 68 93 96 31 51 77 34 33 67 36 
100 19 78 95 84 27 48 67 63 4 11 60 44 53 86 5 2 49 70 1 96 79 77 40 51 57 87 66 32 82 99 47 50 45 42 34 7 12 37 62 23 72 14 21 3 9 58 6 35 16 39 41 61 81 56 20 38 18 74 43 80 55 54 13 25 88 36 76 26 92 31 94 85 89 46 69 15 90 28 59 68 73 75 52 97 17 65 91 29 100 98 83 71 10 22 93 64 33 8 24 30 
100 31 79 68 37 56 1 69 58 14 8 72 91 17 55 34 83 96 57 3 60 99 64 44 9 61 7 38 90 12 75 23 45 89 85 70 39 28 95 5 59 63 92 42 43 67 73 93 76 74 65 22 35 81 47 51 78 25 40 86 100 48 29 30 54 27 36 87 13 18 19 2 71 32 4 16 6 53 98 62 24 88 80 84 97 10 66 26 15 49 77 33 41 46 11 52 20 94 21 50 82 
100 78 28 88 14 84 47 4 33 69 30 76 39 48 62 43 7 71 58 72 8 19 45 41 24 94 91 63 73 79 54 10 52 3 26 42 96 17 11 2 55 80 70 74 13 57 18 68 22 83 60 51 77 40 90 37 32 93 56 100 12 98 31 95 5 36 82 89 99 81 92 97 20 27 64 67 34 53 46 35 59 23 16 21 1 9 66 86 15 29 75 25 87 6 65 44 50 38 61 49 85 
100 44 40 39 42 85 25 78 37 67 21 48 46 74 71 75 82 22 86 14 13 36 23 3 45 41 50 96 4 43 87 5 68 27 53 94 49 97 1 56 81 35 99 38 16 29 51 79 55 98 84 32 88 52 89 93 92 83 100 72 30 31 54 26 12 15 80 77 70 62 9 58 65 59 28 18 7 76 64 73 33 8 91 2 95 6 60 11 47 24 10 57 20 19 66 17 34 69 61 90 63 
100 25 42 100 9 22 33 17 23 50 26 67 15 32 96 47 83 16 80 53 19 76 6 37 8 57 4 70 90 41 11 36 89 93 65 58 92 18 14 49 72 54 51 77 28 20 91 29 71 99 27 30 82 38 69 2 1 24 5 87 59 13 75 56 21 40 86 48 35 60 44 12 78 45 63 88 10 46 62 84 43 97 73 52 61 3 55 64 7 95 66 79 74 31 81 34 98 68 39 85 94 
100 48 22 52 14 25 67 79 29 71 81 36 75 66 83 57 9 54 12 46 50 68 17 88 92 90 95 31 1 97 77 80 74 34 98 82 6 8 13 24 51 16 49 61 84 28 39 64 44 33 70 42 58 19 43 26 62 73 47 93 85 20 38 4 76 94 65 10 96 7 78 23 53 87 91 99 27 11 72 37 3 86 69 18 5 40 15 21 2 30 45 55 60 100 89 56 63 32 41 35 59 
100 91 22 35 61 67 43 6 96 86 39 26 80 70 59 87 72 62 89 100 60 19 99 5 56 71 37 11 27 63 29 82 65 17 41 55 69 64 74 58 23 54 14 94 90 95 53 46 88 73 47 25 84 49 12 93 42 52 7 8 34 13 97 18 85 24 83 1 28 2 10 38 4 77 81 57 98 30 50 45 48 3 44 40 51 36 31 20 79 78 21 32 9 15 76 66 33 68 16 75 92 
100 22 71 84 58 91 68 83 94 39 10 6 5 2 67 29 76 59 82 28 31 12 95 77 36 57 78 79 43 1 63 93 44 41 55 90 75 80 99 3 86 56 92 72 50 42 13 60 25 49 26 65 14 8 20 45 81 21 9 85 35 97 18 69 33 19 73 51 11 17 88 96 66 24 89 4 53 37 74 87 61 34 47 40 54 27 15 46 70 30 23 64 98 62 38 16 100 48 32 7 52 
100 5 70 86 48 16 23 56 80 37 3 4 90 35 99 9 29 75 100 55 8 24 65 40 77 10 46 49 39 19 11 32 78 13 14 91 68 33 79 21 15 87 54 57 47 22 51 69 85 30 88 82 28 63 17 83 18 81 98 31 41 89 45 74 20 1 73 72 27 84 61 76 62 52 36 67 2 66 92 58 25 6 64 94 44 38 7 71 59 96 97 34 53 26 95 42 50 12 93 43 60 
100 95 58 8 66 98 15 34 43 76 36 67 21 29 84 28 99 3 89 72 63 75 42 57 59 4 62 7 93 92 33 18 82 64 30 54 56 71 69 37 90 91 25 53 40 13 80 14 100 49 44 87 68 38 50 55 10 70 79 77 24 26 9 86 45 35 52 51 1 22 6 73 32 31 78 2 74 85 19 65 17 88 96 20 83 81 12 94 48 97 27 5 11 46 60 16 39 23 47 61 41 
100 36 13 88 22 11 56 33 53 18 24 61 14 90 8 19 3 63 1 68 49 66 82 69 28 26 51 12 78 76 100 21 57 6 15 40 89 71 55 23 65 79 84 47 99 43 95 77 42 34 7 37 44 54 17 86 92 72 45 5 70 38 98 10 60 85 2 59 80 46 31 83 64 48 20 35 30 74 81 67 87 32 41 62 39 96 50 16 52 91 75 97 9 25 73 29 27 93 4 94 58 
100 45 70 6 8 77 54 35 18 5 73 92 3 12 10 65 13 37 98 79 90 75 91 89 84 74 7 80 16 14 49 38 93 29 19 95 81 66 59 97 17 53 2 22 57 67 76 1 26 72 27 52 33 78 63 64 88 68 34 58 50 100 62 21 61 11 47 99 55 20 43 9 41 46 25 15 23 83 82 96 69 56 71 39 87 94 86 60 31 28 30 42 44 40 51 4 24 32 48 85 36 
100 2 31 96 80 100 34 83 35 91 74 93 41 84 68 73 17 24 10 14 87 43 55 63 58 29 79 38 62 45 52 57 65 9 66 8 59 13 36 56 86 85 11 60 54 67 53 72 49 97 21 18 33 3 95 50 1 75 23 77 40 61 25 16 27 32 44 39 4 90 76 82 26 7 94 78 28 47 12 42 15 92 70 19 46 98 51 81 48 99 30 69 71 5 6 20 89 64 37 88 22 
100 37 83 34 94 30 36 78 66 6 59 62 52 71 41 55 86 15 17 46 60 67 44 61 72 24 75 50 22 65 4 57 89 8 58 28 35 56 14 98 85 18 64 73 21 97 43 38 1 76 9 79 26 27 93 23 10 90 33 7 77 80 54 39 51 49 12 32 63 45 13 91 96 53 25 40 3 70 42 5 81 11 95 16 31 2 99 68 92 82 20 84 69 74 87 48 100 88 19 47 29 
100 85 15 99 28 39 44 63 55 5 7 77 59 10 54 33 69 38 66 75 24 90 73 71 81 78 12 56 61 4 70 89 43 17 2 96 29 80 84 41 92 27 22 23 49 79 97 83 82 62 94 68 13 30 46 20 52 95 74 36 98 6 86 25 1 35 88 16 9 91 48 50 72 21 53 18 3 26 11 65 19 87 93 64 76 31 32 8 45 42 58 40 67 51 60 14 57 37 47 34 100 
100 9 37 94 15 28 65 23 1 96 80 40 11 36 26 81 91 13 43 29 17 53 41 24 44 68 63 60 48 83 58 72 12 34 38 82 97 85 50 4 19 32 84 10 62 61 47 35 16 66 33 95 90 3 89 30 79 76 92 98 20 69 71 45 99 67 49 21 55 6 18 77 86 27 25 57 7 2 54 56 78 70 64 59 39 100 5 74 31 93 8 87 52 51 73 14 46 75 42 88 22 
100 82 66 23 73 93 12 41 79 19 4 88 59 85 35 44 24 87 18 97 9 78 17 51 11 71 20 25 30 53 52 32 63 13 92 21 39 96 28 43 45 86 80 54 60 16 33 83 48 75 10 7 50 99 27 100 98 89 57 62 91 70 95 29 67 26 69 68 36 15 14 40 94 5 6 34 46 55 90 8 77 22 38 64 1 84 58 49 65 61 42 3 81 37 31 47 72 56 76 2 74 
100 79 19 52 73 61 32 68 65 27 34 99 45 44 40 76 9 38 56 87 91 60 70 81 69 5 25 59 95 77 67 75 43 50 39 83 58 96 4 42 85 30 84 78 16 31 98 13 47 14 6 1 10 55 2 29 80 54 86 93 57 35 62 11 82 64 71 63 23 36 33 48 26 90 49 7 3 92 20 100 21 18 53 15 89 41 88 97 51 72 22 17 46 74 37 24 12 66 28 94 8 
100 33 65 21 8 85 19 87 10 4 34 37 53 25 43 90 98 94 70 96 32 95 77 26 12 78 56 52 38 50 45 36 24 73 67 42 83 22 39 91 64 49 13 16 20 14 61 29 100 62 84 1 51 59 71 27 18 79 58 99 11 72 48 41 9 7 55 89 81 30 76 57 17 15 46 86 31 74 69 6 60 68 35 75 97 28 92 66 80 2 63 44 5 82 93 47 3 88 40 23 54 
100 86 94 72 83 48 74 15 4 76 80 52 71 100 37 57 50 99 36 13 91 20 65 17 44 68 46 61 97 28 14 85 6 79 16 7 8 87 11 22 34 40 51 77 9 56 59 63 5 2 96 35 73 66 3 38 19 54 92 55 1 60 75 33 49 89 21 84 82 25 31 69 10 93 53 30 67 90 23 12 32 39 24 43 62 41 95 81 26 18 88 27 98 42 58 47 45 78 70 29 64 
100 90 21 2 49 81 8 13 66 33 52 43 7 17 9 88 36 69 18 57 42 22 98 48 34 71 47 75 93 46 87 95 38 94 12 19 68 25 60 30 65 74 83 10 86 24 77 27 4 80 31 67 39 99 97 79 3 6 16 62 23 91 59 11 64 15 78 51 45 5 32 1 40 63 85 82 73 76 50 26 89 14 54 55 96 35 56 53 58 84 72 20 29 100 92 44 41 70 37 61 28 
100 35 20 26 22 70 2 19 41 93 53 7 9 99 43 38 65 95 89 61 15 10 11 37 28 76 16 27 74 33 52 86 81 67 57 55 51 50 8 63 45 96 83 92 3 60 40 48 71 94 85 78 56 5 47 100 79 80 30 13 88 69 73 29 21 17 6 68 4 59 98 44 75 72 32 14 87 39 46 25 24 1 31 84 36 97 54 49 58 34 18 23 62 64 42 77 82 12 66 90 91 
100 72 1 97 39 9 33 82 17 70 32 92 71 12 73 15 58 95 26 47 57 16 67 7 51 96 14 93 3 85 98 52 31 29 25 99 53 20 65 22 24 75 2 28 19 21 55 64 90 8 37 91 87 68 46 76 79 83 38 80 69 89 50 42 44 88 40 81 86 63 10 60 74 11 78 35 61 36 66 6 94 100 84 30 34 54 27 4 13 48 62 56 45 59 23 5 18 77 49 43 41 
100 35 27 100 53 77 10 37 63 70 9 56 36 49 45 32 24 13 38 64 31 7 47 1 54 82 79 90 62 33 83 20 92 71 26 99 84 23 81 52 89 55 80 11 28 41 95 2 34 85 75 68 61 72 74 21 78 65 29 60 14 3 46 69 76 66 58 43 86 97 88 16 30 17 18 39 59 5 98 94 22 48 40 51 93 15 67 96 44 4 73 6 42 57 25 8 87 19 50 91 12 
100 65 47 85 95 52 38 8 30 98 14 19 22 75 37 39 60 36 15 82 68 100 64 10 99 21 42 32 26 53 24 66 23 25 55 4 61 48 84 3 80 51 71 88 70 1 29 90 16 20 91 50 56 40 76 34 17 69 46 7 33 74 78 72 62 92 59 96 28 57 13 83 89 35 6 58 87 9 27 67 54 45 81 93 97 31 12 44 77 11 86 63 5 79 73 43 94 18 41 2 49 
100 70 71 44 7 50 32 6 39 11 52 16 56 83 28 96 92 62 68 20 35 27 90 31 54 1 29 36 46 49 73 60 51 19 4 59 95 30 40 25 63 42 74 69 66 91 100 41 97 14 75 37 38 3 77 80 84 65 22 76 15 24 72 13 67 34 87 8 79 48 57 43 81 58 86 17 61 55 98 12 64 23 18 99 10 26 93 47 78 9 2 45 89 5 88 21 85 94 53 82 33 
100 40 97 67 20 7 33 24 28 17 65 11 47 66 35 2 18 71 41 27 69 19 48 68 100 8 32 63 90 10 43 46 95 52 16 54 73 92 82 93 57 96 88 94 53 3 87 61 98 81 45 83 42 72 58 13 34 38 21 91 75 15 86 36 55 99 5 6 84 49 62 77 70 39 22 31 74 9 59 50 4 78 79 30 80 1 51 26 85 89 56 12 14 44 29 25 37 60 76 64 23 
100 23 45 40 87 6 31 98 95 89 72 58 17 49 47 66 82 60 61 11 36 83 65 91 78 13 67 68 63 3 22 94 51 64 21 73 96 8 44 93 48 12 10 25 92 84 15 69 52 79 41 86 5 39 32 85 7 35 76 59 77 88 9 97 28 71 62 100 80 42 56 18 99 2 75 55 57 24 53 50 20 90 1 4 46 70 29 38 74 43 16 14 54 81 37 34 30 19 26 27 33 
100 53 44 97 52 69 86 20 25 6 51 2 24 64 30 43 94 38 100 36 29 93 10 49 91 79 26 71 89 62 1 74 31 75 70 66 84 12 80 58 41 39 4 56 99 46 82 95 15 40 76 65 73 48 23 72 7 50 61 68 55 77 34 45 90 18 19 17 22 83 54 98 35 16 42 21 78 37 14 33 9 85 67 81 60 3 28 5 8 57 88 63 27 47 59 96 32 13 92 11 87 
100 35 91 50 92 39 18 73 8 40 54 16 60 45 30 6 80 63 82 97 21 93 77 65 24 5 53 41 99 12 78 17 87 7 25 28 74 81 76 4 83 29 59 34 26 3 43 52 71 79 86 62 61 88 47 15 90 9 56 55 10 2 75 100 19 44 13 51 94 95 64 14 11 67 46 70 96 1 42 89 49 32 38 84 57 85 20 31 27 33 72 22 37 69 23 98 66 58 48 68 36 
100 8 65 74 18 34 31 7 53 60 89 15 84 13 54 82 80 2 33 85 40 30 5 95 99 88 83 51 14 77 4 43 66 68 78 35 57 17 29 55 27 64 71 39 45 21 41 52 81 86 93 91 20 46 26 70 47 36 25 3 22 28 63 61 37 79 44 58 42 1 10 12 49 92 24 16 23 98 69 94 48 96 50 97 59 75 62 6 73 76 11 67 38 90 19 9 87 32 72 56 100 
100 27 89 8 55 56 74 51 31 10 81 19 60 68 65 32 47 13 23 100 37 91 92 80 63 9 84 64 28 83 57 38 2 93 39 5 59 82 11 88 86 21 97 66 33 95 52 77 15 62 45 7 58 46 75 96 14 73 30 40 49 85 53 44 99 24 87 34 54 90 22 16 61 26 79 69 36 67 20 6 18 4 43 70 98 48 41 76 42 1 3 71 50 78 72 94 29 12 25 17 35 
100 84 74 58 10 95 16 23 63 25 7 50 46 47 18 61 27 13 92 67 66 87 78 14 60 1 30 26 52 31 85 93 48 42 71 8 4 35 72 11 44 91 54 90 77 49 43 15 80 55 56 53 99 9 94 2 65 100 88 22 3 37 76 36 98 20 86 96 51 83 73 29 38 39 68 70 75 41 69 33 62 5 34 81 97 45 59 89 82 21 19 12 64 6 32 40 79 57 28 24 17 
100 59 6 83 92 95 78 55 21 32 49 11 82 26 20 47 99 61 66 41 77 60 10 74 70 29 86 19 63 5 46 80 88 31 33 18 27 53 75 9 50 93 28 64 79 97 42 38 84 100 73 39 3 72 58 89 96 81 56 14 24 54 37 4 94 40 25 57 34 16 13 90 71 44 91 36 48 45 69 85 67 51 62 15 23 98 17 76 43 30 35 1 12 68 87 22 2 52 8 65 7 
100 47 98 9 66 33 1 82 100 28 86 54 21 69 45 62 43 85 3 99 50 24 25 89 39 26 78 23 58 90 94 22 20 31 83 14 60 79 65 59 5 77 13 37 92 55 30 95 35 73 75 40 38 81 27 34 61 2 41 32 84 70 16 56 87 36 71 48 53 4 97 57 12 64 91 15 63 11 80 44 93 46 6 29 72 18 96 51 76 19 52 68 8 7 88 42 49 17 74 67 10 
100 24 79 88 14 55 77 69 34 87 35 51 81 63 26 27 18 30 49 23 19 78 72 40 2 75 58 7 61 22 100 94 98 32 62 15 44 59 73 12 48 97 37 39 50 93 96 11 84 43 21 31 10 53 36 46 41 17 33 89 76 74 83 95 20 52 29 16 86 57 6 85 38 64 80 70 99 91 28 60 42 45 3 65 5 71 67 68 25 1 66 4 13 90 82 47 56 54 92 9 8 
100 73 4 42 26 48 20 16 92 65 25 75 6 10 95 84 97 63 17 7 40 18 60 43 39 81 74 83 62 96 35 34 88 68 94 8 86 72 50 53 24 27 57 51 82 70 99 87 93 56 49 2 90 58 28 31 23 52 91 54 41 71 78 79 85 45 12 15 1 66 36 21 22 44 13 29 33 11 14 89 37 47 9 80 61 38 46 77 59 69 19 5 64 67 3 98 30 76 55 100 32 
100 99 68 61 36 11 87 70 10 4 83 41 31 67 97 26 44 6 74 52 73 86 75 46 59 2 94 81 5 15 89 63 35 43 98 77 54 34 84 28 85 51 71 17 78 42 13 9 93 95 45 8 33 1 56 55 20 53 60 76 3 37 58 27 79 66 91 30 82 49 100 38 72 19 88 21 23 47 14 29 22 40 12 69 16 50 62 65 48 80 18 90 7 39 32 96 64 25 92 57 24 
100 10 88 40 29 51 86 19 89 53 23 8 14 90 74 4 27 77 97 94 62 15 99 44 6 13 60 21 12 81 34 18 76 48 80 20 35 41 22 31 39 93 59 1 42 55 83 58 73 68 87 43 24 66 2 69 47 95 28 5 11 37 57 56 49 45 96 72 32 67 33 64 38 63 78 65 79 61 50 100 84 30 36 52 26 70 91 7 71 75 85 82 17 92 54 3 46 9 25 16 98 
100 72 79 93 38 51 60 19 4 22 84 92 74 43 16 31 27 32 47 37 91 39 40 70 81 78 62 15 6 85 2 18 59 98 100 57 7 69 11 14 71 17 45 97 23 86 10 13 99 50 95 54 9 8 88 96 48 73 49 41 25 82 33 77 61 53 30 87 55 63 52 42 89 66 58 44 28 24 64 76 35 20 29 56 5 26 3 90 21 46 75 68 83 12 94 34 65 36 67 1 80 
100 81 35 21 88 76 86 97 9 85 41 96 49 73 14 84 89 7 80 32 69 45 99 72 74 56 1 64 36 30 91 26 29 50 93 94 92 46 38 20 63 43 10 5 37 79 60 78 61 18 65 24 40 13 4 11 90 51 2 3 34 70 55 57 98 17 48 77 59 54 58 52 15 44 28 31 95 39 42 25 22 100 87 23 6 62 12 82 19 83 68 16 75 67 71 8 53 33 66 47 27 
100 42 7 49 24 68 39 8 81 5 87 78 13 19 67 50 44 60 84 32 58 80 9 30 88 35 22 54 48 14 2 99 55 92 77 83 11 45 97 18 36 100 59 86 65 56 91 85 20 3 90 57 46 61 31 40 23 28 41 96 94 25 47 74 71 34 93 10 98 51 37 27 89 72 15 4 26 43 29 69 52 79 70 53 38 17 62 1 82 16 33 66 21 95 76 75 6 12 64 63 73 
100 9 80 10 95 69 47 71 56 17 51 88 5 43 91 31 78 23 21 29 39 59 33 58 20 68 99 45 62 15 65 67 13 27 8 70 82 22 77 40 74 53 12 79 25 24 28 57 49 61 30 100 90 96 6 73 2 46 18 26 55 7 63 19 42 54 72 36 92 83 98 16 38 4 84 81 48 64 75 37 50 44 11 35 66 94 32 85 14 89 3 86 76 97 52 93 34 60 87 1 41 
100 58 1 42 57 13 59 53 4 81 71 78 7 3 89 91 15 64 24 72 61 34 28 22 25 96 54 5 10 31 83 47 62 92 52 16 43 86 60 88 17 19 30 46 68 80 51 76 45 99 84 2 21 90 67 97 8 75 18 38 69 93 11 23 40 41 12 44 49 100 82 6 74 73 98 39 66 50 55 33 29 37 70 27 63 35 65 79 48 32 87 26 56 9 94 14 85 95 20 36 77 
100 67 83 49 89 33 66 79 31 36 9 75 39 30 94 28 73 54 25 5 8 18 4 43 68 71 29 82 19 7 51 47 69 53 11 93 85 12 35 92 87 77 13 57 38 72 50 91 22 100 44 34 84 17 52 21 59 96 98 20 76 70 27 61 32 23 64 40 86 48 3 62 95 80 88 6 58 42 24 16 41 37 65 60 10 99 1 26 74 2 55 81 63 46 97 14 15 45 90 78 56 
100 81 56 28 96 44 88 12 57 50 73 77 98 32 37 33 5 51 13 59 80 82 36 71 79 61 41 34 60 86 17 20 83 43 75 10 97 90 6 99 18 15 58 65 53 42 2 69 1 64 76 72 29 27 67 48 22 66 84 26 40 21 11 19 14 93 35 47 3 24 87 4 92 16 74 63 100 25 78 55 95 49 8 9 39 52 31 70 30 62 38 89 85 68 45 94 7 91 54 46 23 
100 10 66 14 98 15 18 71 50 67 99 51 93 8 47 81 49 46 43 69 25 61 84 21 62 27 45 24 90 78 76 74 70 36 72 65 39 82 28 31 42 22 79 38 55 40 92 83 77 96 44 19 17 97 64 48 58 7 52 9 94 89 20 75 57 3 54 23 53 86 1 11 60 29 37 13 100 41 68 26 63 88 87 32 35 2 56 16 80 30 73 5 59 95 91 33 34 85 4 12 6 
100 14 32 25 38 44 52 81 22 67 29 47 53 24 36 76 78 69 7 58 74 27 72 59 4 45 86 34 100 83 50 20 13 79 80 60 92 70 63 57 64 51 55 19 3 37 93 16 10 23 42 82 87 88 30 5 95 33 26 71 77 89 41 15 6 62 96 12 61 85 2 97 17 90 75 9 66 84 99 48 18 21 65 8 31 46 35 73 11 28 94 54 49 98 56 39 68 1 40 43 91 
100 94 29 82 2 43 68 36 51 9 8 41 55 13 50 61 25 64 42 4 57 86 28 83 77 73 96 85 87 18 19 23 49 95 92 21 17 91 38 44 46 76 16 31 37 3 97 27 75 100 22 62 78 1 15 80 52 69 66 24 26 72 45 81 63 98 67 11 40 89 90 79 7 5 99 48 60 32 74 30 39 12 34 84 35 10 93 71 58 33 53 88 6 54 70 56 59 47 20 14 65 
100 69 58 66 31 96 17 45 79 89 13 38 90 64 76 6 99 25 5 19 77 7 53 59 41 78 37 30 16 29 92 95 52 32 23 27 2 70 54 72 88 44 20 94 50 22 46 68 91 12 84 21 97 73 33 93 51 8 75 47 67 100 15 86 1 80 42 56 43 39 4 18 14 48 81 87 61 35 60 26 83 71 55 40 85 63 36 74 62 49 65 9 11 28 34 57 3 10 24 82 98 
100 51 57 2 93 15 95 63 14 12 34 40 52 94 22 3 39 7 92 38 37 8 81 74 23 46 87 42 83 5 56 47 1 58 61 35 64 98 49 84 44 27 50 76 80 72 32 82 73 66 60 4 77 78 11 70 17 100 68 79 43 71 25 30 89 67 96 10 33 31 88 62 65 54 29 26 75 97 90 69 13 6 55 45 86 59 91 24 28 19 36 20 99 16 41 48 21 85 9 18 53 
100 42 94 45 46 98 31 32 92 60 64 39 71 14 13 36 88 41 38 61 74 66 26 27 10 54 65 96 90 99 23 43 17 56 49 30 35 84 33 81 97 22 50 5 4 80 16 28 62 72 8 9 63 77 86 85 83 79 19 75 29 78 52 76 44 55 3 70 6 15 53 11 69 51 47 34 82 89 2 7 24 93 100 48 40 73 59 58 67 87 25 57 21 20 68 95 12 18 1 37 91 
100 60 61 74 84 66 83 53 88 72 47 23 27 85 95 4 45 9 6 5 15 54 38 3 20 26 94 8 10 50 56 44 76 43 93 68 48 58 32 25 12 29 79 41 39 34 81 90 49 7 67 28 97 57 14 70 87 19 65 21 51 80 63 69 92 64 96 22 24 18 30 2 62 52 1 11 75 89 98 55 91 35 17 46 78 99 100 77 13 71 73 16 40 82 31 37 33 86 42 36 59 
100 19 29 91 76 64 63 51 40 82 96 75 20 1 36 26 5 95 42 15 70 21 60 22 55 94 28 88 90 12 11 52 80 98 33 93 68 84 83 3 18 14 49 79 58 25 2 92 66 44 9 34 81 4 77 85 71 41 100 45 17 53 74 62 87 89 23 35 67 30 57 6 32 38 78 72 43 50 10 48 97 46 13 24 59 8 54 99 47 86 39 56 69 65 7 27 61 37 16 31 73 
100 74 22 39 73 56 47 70 97 90 45 8 95 98 99 63 23 11 91 13 96 38 36 54 71 81 27 40 3 67 25 1 46 31 41 26 66 20 15 57 37 76 53 82 89 92 72 19 52 48 51 55 24 18 68 14 16 62 32 85 65 58 64 33 84 7 9 49 94 10 28 17 93 78 61 77 30 88 86 29 43 69 100 2 44 42 34 83 12 60 79 5 59 75 80 4 50 87 35 6 21 
100 45 2 25 71 97 9 5 33 52 62 66 74 69 12 23 90 64 41 36 13 60 7 15 98 37 49 31 95 16 91 3 8 47 44 89 76 78 35 30 27 56 22 86 40 17 94 81 21 72 54 83 32 57 84 77 42 34 51 55 99 100 80 59 1 67 14 93 28 38 10 96 29 73 11 43 50 58 6 70 85 65 87 68 26 75 46 4 24 79 19 20 63 18 61 53 48 92 88 39 82 
100 8 63 70 79 26 80 58 18 59 81 6 56 7 100 72 43 9 42 67 51 69 88 82 5 30 16 46 22 32 14 78 66 96 19 97 29 85 1 95 24 91 47 64 94 49 57 54 38 27 10 53 73 92 35 21 50 13 52 89 65 84 37 41 77 99 15 44 71 68 20 83 3 45 75 4 33 23 86 36 31 61 39 98 25 76 40 55 34 62 17 60 74 90 2 93 12 28 48 11 87 
100 61 26 52 93 17 67 62 70 1 78 69 71 98 33 74 57 66 82 90 58 11 59 60 45 75 41 64 68 48 9 23 16 36 53 91 94 18 22 37 44 43 96 89 47 14 85 97 56 20 84 42 55 4 54 30 34 87 27 83 99 28 8 21 12 19 77 32 100 25 79 76 49 35 86 2 65 38 88 95 81 15 92 24 5 50 46 51 72 73 7 6 80 3 29 13 40 63 31 10 39 
100 14 13 25 62 5 67 66 80 51 78 24 76 94 63 96 84 83 31 46 75 90 99 18 88 50 71 48 15 77 72 47 65 87 34 6 93 38 68 35 45 32 49 59 23 92 55 81 19 10 44 3 86 64 36 91 12 98 57 26 8 27 9 33 82 16 11 85 70 1 79 74 42 56 30 17 53 89 21 52 54 61 39 73 97 2 69 7 58 29 60 41 37 20 28 100 43 4 22 40 95 
100 83 60 68 90 34 40 95 14 78 7 69 24 57 64 19 88 42 45 98 11 87 61 15 26 85 75 13 99 9 66 1 2 100 38 6 70 56 10 76 58 21 4 74 62 81 50 5 18 47 91 17 31 41 12 23 97 84 39 44 27 8 51 65 63 96 67 89 82 28 25 73 55 43 46 86 72 54 94 93 32 71 30 77 36 29 80 22 79 37 20 92 35 3 49 16 52 33 53 59 48 
100 63 82 45 9 77 56 91 51 76 88 37 28 67 87 21 40 68 36 85 57 69 16 8 17 46 32 86 54 26 97 92 43 14 29 53 5 73 79 58 27 61 38 4 39 11 62 65 22 72 81 71 75 98 89 2 7 47 48 80 15 100 3 20 60 84 49 31 24 96 66 18 13 44 99 1 55 78 42 30 94 59 74 41 95 12 83 90 93 50 33 25 6 34 52 19 64 23 10 70 35 
100 89 11 100 67 35 84 75 28 94 71 80 22 4 15 70 39 45 66 41 69 58 38 6 16 19 53 49 91 2 83 76 87 14 10 74 68 78 47 8 46 30 42 85 93 97 99 34 65 52 1 82 18 27 48 23 55 81 98 56 21 33 29 26 9 51 13 79 95 62 37 44 90 3 25 7 86 24 43 64 57 20 88 92 17 61 63 54 50 60 12 5 40 36 96 72 73 32 59 77 31 
100 56 36 4 9 98 40 13 17 71 35 47 72 94 7 19 82 53 43 49 26 6 15 11 16 64 28 1 21 79 91 37 92 80 5 59 90 44 78 12 70 89 85 27 77 66 46 24 99 88 3 87 86 50 32 29 61 22 63 65 97 25 2 54 45 75 14 93 20 39 38 68 34 8 10 100 73 76 95 67 58 83 69 60 84 51 41 18 30 62 74 33 57 55 23 96 42 81 52 48 31 
100 62 88 10 27 32 82 68 55 78 6 11 87 84 50 49 8 51 54 1 71 13 4 42 89 18 85 20 76 35 67 44 86 45 98 22 16 57 21 73 29 81 77 43 69 94 2 33 48 38 72 19 17 93 14 15 24 23 91 60 3 41 56 9 31 74 59 66 12 30 83 37 46 90 36 58 70 75 100 7 80 61 34 97 65 64 40 92 39 28 5 79 96 99 63 25 53 95 52 26 47 
100 87 85 35 28 40 56 58 100 62 71 88 96 20 27 24 74 95 10 86 72 23 59 83 49 44 12 21 17 29 43 46 45 97 1 64 93 53 55 11 81 91 50 13 52 51 61 68 70 32 73 65 92 30 26 94 80 78 60 5 76 16 90 99 67 25 89 57 75 3 14 41 2 48 42 18 9 54 38 36 34 6 47 39 98 31 22 69 84 7 66 8 33 82 77 63 37 79 4 19 15 
100 100 99 51 97 81 30 12 31 5 49 20 10 58 13 15 56 29 64 65 37 17 63 11 94 54 82 21 19 40 98 73 2 25 90 22 34 66 60 26 67 35 74 41 50 72 95 6 28 75 14 43 59 86 91 55 89 33 78 88 7 83 68 42 23 92 18 76 9 85 71 16 3 44 32 45 27 53 77 96 39 57 8 38 69 87 52 48 4 80 46 84 24 93 1 62 70 61 47 79 36 
100 86 50 85 76 22 57 40 66 25 29 39 38 99 59 71 54 90 62 43 24 67 23 80 35 37 8 53 33 88 32 92 84 69 42 5 11 10 3 15 83 78 31 4 58 97 63 7 51 72 48 61 20 21 56 47 17 91 87 73 46 74 1 12 68 82 77 93 52 27 14 98 26 64 65 94 34 75 44 70 2 100 36 81 28 79 95 45 30 19 55 60 18 16 6 13 96 41 89 49 9 
100 62 79 16 32 11 59 63 95 67 21 92 58 64 38 87 72 88 34 53 100 97 77 86 2 39 81 40 17 35 6 12 30 1 82 27 26 19 18 84 13 50 74 23 68 24 55 44 9 54 25 15 47 49 91 99 65 76 5 71 73 89 90 56 75 3 48 41 60 46 57 22 7 28 61 85 96 29 69 36 43 10 14 31 66 70 80 45 78 51 83 94 8 4 98 52 20 37 93 42 33 
100 75 20 73 17 64 33 51 53 32 7 3 16 28 13 96 82 25 59 58 4 22 52 99 90 46 24 27 60 37 44 65 45 30 15 1 9 29 21 84 77 66 54 8 40 94 36 93 14 89 87 100 49 43 31 71 68 92 50 12 19 38 85 6 48 42 79 91 26 57 78 98 83 10 56 95 62 80 69 76 88 35 5 34 39 86 70 97 81 72 61 23 55 11 2 47 67 41 63 74 18 
100 96 3 65 12 17 8 27 84 46 50 42 92 38 64 29 55 56 24 43 2 34 58 47 60 37 69 80 98 11 4 59 22 81 72 35 75 79 16 18 6 90 13 30 7 48 91 57 41 74 94 53 52 9 71 87 99 100 68 36 67 62 76 28 77 14 49 20 85 39 97 51 5 45 86 31 82 61 89 21 33 19 78 44 83 23 54 26 88 93 63 66 95 15 1 73 70 25 40 32 10 
100 59 83 79 4 48 94 9 47 91 39 26 68 50 36 19 78 6 87 76 23 81 42 5 98 93 16 66 69 49 62 67 73 44 96 40 18 2 38 32 14 57 89 88 45 37 24 58 29 35 56 52 21 1 100 17 84 30 92 82 63 8 77 12 54 71 80 60 61 28 51 64 3 15 20 53 33 65 7 99 75 27 31 41 74 72 70 22 85 25 10 86 43 13 90 55 34 95 11 97 46 
100 20 11 90 65 6 92 56 86 68 39 48 74 26 76 81 75 28 79 4 51 10 77 70 40 71 58 84 12 94 95 31 38 73 97 91 17 15 93 33 42 60 99 22 30 82 27 23 21 50 87 5 25 13 45 85 32 78 54 88 2 53 96 24 57 52 69 34 7 14 62 59 1 3 72 36 98 64 41 9 35 16 18 66 49 37 100 29 55 8 19 47 67 44 83 89 43 61 63 80 46 
100 82 52 25 61 29 19 95 89 84 46 59 40 73 60 18 31 72 6 27 64 42 63 54 5 32 15 78 49 81 85 44 8 75 88 33 100 96 11 35 50 66 48 22 93 70 71 1 58 76 4 87 67 9 65 77 55 80 38 41 28 51 10 83 16 57 99 74 37 68 2 79 12 30 90 53 17 97 23 20 39 56 36 94 24 45 14 86 7 69 98 92 26 43 47 62 91 3 13 21 34 
100 89 29 95 91 7 67 26 16 32 13 74 92 100 20 24 11 78 66 37 49 31 68 1 14 82 98 81 58 50 3 6 76 84 12 27 51 42 56 25 99 59 87 97 64 4 96 53 19 57 36 34 93 72 44 22 75 77 52 41 48 73 45 71 18 9 80 79 8 69 94 38 61 23 88 2 60 28 63 43 33 55 83 86 10 17 90 30 39 35 85 21 46 70 5 62 15 54 47 65 40 
100 63 28 95 20 74 99 25 33 73 80 38 66 26 24 15 57 52 5 42 69 12 50 23 85 51 1 45 6 72 64 47 40 71 11 56 100 84 68 17 39 19 35 31 41 96 97 65 90 34 58 92 59 43 2 94 75 30 10 82 13 21 46 54 32 89 62 76 78 3 67 37 87 29 7 77 60 49 27 18 86 22 88 53 83 16 55 36 93 61 8 44 4 70 9 91 79 98 81 14 48 
100 54 64 19 53 62 2 82 21 8 57 41 67 15 36 66 85 5 13 45 6 74 70 75 96 52 39 37 50 12 90 97 7 14 42 29 18 84 72 1 91 11 9 78 49 86 93 23 63 100 92 51 4 56 43 48 40 26 30 34 17 61 76 99 89 71 77 88 44 68 58 28 80 38 69 31 98 22 25 16 10 46 47 33 95 55 73 79 65 60 94 3 59 27 24 20 87 32 81 35 83 
100 25 75 30 80 86 20 43 68 87 83 76 22 53 94 84 38 23 28 1 17 44 45 79 74 61 18 65 40 58 70 90 10 60 42 32 21 99 9 67 31 29 92 47 50 41 46 81 12 7 14 98 37 4 24 77 88 5 96 97 82 64 63 73 34 78 59 72 19 11 3 6 91 33 95 62 69 15 54 85 49 48 39 26 57 66 13 27 55 100 89 51 52 36 35 93 8 2 56 16 71 
100 33 85 66 73 64 24 93 27 67 97 55 29 41 89 12 9 6 94 51 3 43 88 70 54 40 74 16 81 69 47 56 62 65 53 46 25 48 80 2 59 35 13 5 39 1 61 63 91 10 17 28 90 50 11 34 79 76 68 75 19 99 20 57 42 96 31 72 22 18 58 38 71 83 4 7 78 15 92 82 52 49 45 36 86 87 32 44 98 60 21 8 100 14 23 84 77 30 37 26 95 
100 95 91 6 51 15 73 69 55 85 77 25 44 16 28 21 63 33 8 41 31 70 14 68 90 81 99 67 10 5 98 20 76 58 42 96 11 97 79 22 71 64 18 26 60 4 47 23 86 2 35 78 54 27 12 92 48 50 19 62 83 56 9 80 65 29 57 24 34 40 39 43 72 52 89 1 87 13 7 88 3 30 61 75 32 94 66 74 100 82 59 46 84 93 49 38 17 37 53 36 45 
100 61 59 66 16 84 11 55 58 28 76 23 22 46 34 5 97 68 86 12 36 49 56 71 82 41 81 69 9 17 26 39 48 99 52 7 32 45 98 42 77 47 3 93 95 6 35 19 29 50 14 90 27 89 100 8 57 25 96 85 70 63 67 64 54 72 65 38 60 31 40 79 78 88 37 24 92 13 30 18 10 43 53 83 74 80 33 15 51 62 44 1 2 87 20 94 91 4 73 75 21 
100 86 4 88 20 77 17 59 7 80 11 66 6 8 9 28 73 25 69 18 90 64 2 83 42 94 47 24 40 52 76 32 56 53 85 51 95 62 93 57 34 87 91 37 58 60 23 78 10 45 98 39 68 49 35 26 70 5 22 81 15 27 19 48 89 16 79 54 67 33 3 65 12 30 71 1 50 44 84 36 99 43 29 31 61 74 63 13 100 21 82 75 41 38 72 14 96 46 97 92 55 
100 26 2 67 93 23 25 12 91 98 75 73 19 50 17 81 45 14 34 79 46 78 21 77 40 37 41 4 65 38 43 97 61 15 35 53 7 89 47 82 59 72 20 90 36 86 96 13 62 8 54 63 76 92 57 27 71 100 94 88 66 3 64 33 1 24 74 55 85 95 60 30 83 10 16 39 9 56 80 69 29 11 49 51 6 42 48 18 5 70 28 32 84 31 22 44 58 87 52 68 99 
100 47 23 33 70 58 80 98 93 35 91 94 56 40 37 66 75 27 92 51 88 78 13 60 83 89 11 85 46 55 34 99 90 43 65 25 10 52 18 14 24 26 28 3 21 82 49 77 31 19 61 38 44 84 48 2 39 74 1 17 45 67 32 59 86 97 36 62 100 73 15 96 68 76 69 30 29 53 64 72 20 79 95 50 81 8 71 63 42 57 5 22 7 4 41 9 54 6 12 16 87 
100 79 85 8 49 95 39 94 80 47 26 91 60 15 69 87 88 30 98 12 58 29 66 67 62 64 48 65 63 36 82 78 21 59 38 55 61 14 77 53 32 22 2 92 9 31 37 50 68 70 7 43 44 19 81 75 72 52 42 73 99 93 25 97 35 10 40 20 96 83 57 46 100 4 28 16 34 90 18 24 11 84 41 86 71 5 13 45 3 89 76 17 6 33 23 74 56 51 54 1 27 
100 20 97 68 89 42 6 17 77 11 10 94 8 62 55 5 33 12 1 79 73 98 9 52 23 49 48 88 2 35 39 38 59 41 46 18 40 3 80 19 83 99 31 14 91 67 15 75 85 66 37 86 21 64 74 26 53 56 72 65 61 27 25 87 30 24 45 32 58 76 36 63 54 16 60 22 84 82 95 51 78 96 4 50 81 69 13 93 92 57 70 29 28 44 47 71 7 43 100 90 34 
100 54 58 96 86 51 94 47 69 64 32 12 34 95 15 1 98 92 78 11 72 67 65 57 97 14 2 88 61 89 9 70 60 38 23 90 74 75 13 21 82 87 33 3 99 77 41 71 80 37 59 68 81 63 91 49 6 35 27 83 8 79 19 42 31 43 16 28 84 100 7 46 25 66 4 18 93 56 24 52 30 48 85 40 22 55 5 36 44 29 73 53 62 26 45 17 50 76 20 10 39 
100 49 42 5 61 77 93 47 71 41 18 25 27 35 15 33 84 96 50 8 88 11 60 62 69 13 10 44 45 59 32 12 22 63 37 65 21 76 54 26 48 55 4 17 81 64 82 57 16 95 52 6 23 3 2 78 43 68 30 19 99 28 38 94 51 36 20 58 80 14 74 98 89 1 100 66 79 83 9 85 73 7 86 75 53 39 46 91 97 67 40 31 24 92 34 90 87 56 70 72 29 
100 49 23 72 55 17 54 86 59 15 67 78 57 5 2 7 99 94 87 69 18 44 75 96 62 45 13 91 14 85 12 8 6 48 10 33 41 73 30 35 38 27 25 58 24 95 47 11 21 32 19 61 88 16 97 9 20 92 90 81 39 84 83 22 43 3 51 74 68 82 79 42 46 71 52 80 37 56 64 26 76 70 65 4 29 34 1 53 66 100 77 63 31 93 98 89 60 36 28 50 40 
100 10 18 5 43 19 51 86 36 71 92 13 50 3 6 88 69 70 58 54 37 4 9 7 25 42 85 15 84 29 98 87 48 61 24 46 66 91 39 59 100 89 72 76 79 1 60 57 62 12 40 34 27 53 31 23 56 68 11 63 44 14 95 49 35 65 32 33 75 82 45 83 16 52 22 97 21 47 99 67 96 74 30 26 78 55 41 8 93 77 80 73 17 94 28 20 2 90 81 38 64 
100 69 21 67 84 66 97 62 50 93 71 68 86 87 64 47 9 34 2 10 77 24 12 15 88 22 74 59 28 53 1 81 38 48 90 32 73 4 27 60 36 55 45 14 54 17 75 26 46 61 98 58 85 5 56 16 79 44 43 18 52 63 29 100 96 76 13 78 95 19 20 72 49 39 6 41 40 33 31 25 3 57 70 91 8 80 11 51 23 42 30 65 92 83 99 37 82 89 94 7 35 
100 100 87 56 84 27 25 22 69 93 64 11 30 97 92 17 59 58 45 39 66 26 95 43 98 70 85 60 10 99 42 65 80 48 68 20 57 40 71 76 52 61 31 94 54 3 90 24 79 51 32 67 5 88 81 89 62 46 21 14 86 16 6 55 41 72 75 49 44 15 35 77 83 23 34 29 4 37 74 63 8 18 38 2 47 33 12 19 28 53 7 9 91 73 36 96 50 78 82 1 13 
100 9 72 7 30 69 2 13 56 48 16 83 74 63 82 78 97 44 47 43 53 12 66 10 23 46 89 5 15 79 51 17 92 41 3 99 20 24 57 42 93 73 61 77 68 4 86 40 81 8 32 1 49 71 28 88 75 67 55 58 36 37 35 19 31 60 76 6 11 85 84 91 98 29 34 80 39 14 25 26 87 95 38 18 70 33 65 27 94 62 22 54 90 50 52 45 59 96 21 100 64 
100 59 72 58 39 82 100 35 54 64 6 41 90 62 25 7 43 52 18 91 38 8 60 4 67 80 84 36 13 93 17 16 44 88 9 51 69 2 65 92 61 79 81 68 86 46 29 70 49 63 55 27 22 76 56 37 87 47 12 45 89 50 78 32 97 99 77 23 94 40 75 19 71 1 83 14 66 74 34 15 28 57 85 26 42 98 3 21 95 20 11 53 48 31 24 33 10 96 30 73 5 
100 37 90 75 82 83 65 44 52 55 26 56 13 74 11 32 34 42 33 47 3 61 93 79 84 72 57 73 59 46 89 25 50 92 31 39 6 12 2 36 38 71 63 100 95 60 29 7 77 28 4 80 54 27 87 53 23 17 70 66 99 51 88 48 43 41 18 58 78 76 69 24 91 62 68 30 35 19 98 64 97 9 45 96 40 22 1 10 16 85 94 67 81 5 49 14 86 21 8 20 15 
100 63 56 61 31 100 57 11 46 77 28 84 75 21 81 13 44 17 50 85 87 98 74 10 34 95 7 70 36 12 80 97 65 19 38 1 59 45 73 42 88 26 94 24 32 5 51 83 20 92 6 79 66 16 91 41 47 30 69 27 48 76 9 33 78 58 67 52 15 62 23 60 25 54 68 89 22 8 99 64 90 93 82 53 37 40 86 3 2 49 14 55 35 18 96 29 4 43 71 72 39 
100 60 79 2 74 18 15 75 54 92 71 89 70 16 68 25 95 4 63 35 90 45 72 56 48 82 30 98 49 57 42 59 9 64 20 47 84 69 88 10 61 73 33 80 51 83 39 26 58 6 50 22 19 44 86 37 66 43 27 36 76 85 7 34 11 77 21 78 67 55 41 1 65 23 17 38 5 29 62 28 12 53 40 52 8 46 97 91 13 81 100 94 14 24 87 32 3 93 31 96 99 
100 59 62 21 92 37 84 32 22 96 30 9 7 53 43 81 85 100 51 40 27 52 56 54 15 17 16 47 65 70 60 2 48 39 44 97 73 19 66 80 76 10 94 99 93 46 34 14 28 69 3 41 18 45 29 13 82 86 35 87 36 79 74 38 50 4 75 1 6 25 77 64 98 11 91 68 72 57 55 23 33 63 5 24 88 49 31 78 12 42 61 58 8 89 26 20 95 90 67 71 83 
100 93 75 99 7 15 5 98 68 100 62 51 34 41 45 89 32 17 82 27 4 60 52 10 35 57 91 53 14 55 66 76 69 16 49 21 39 26 94 90 85 22 81 33 13 28 97 20 24 31 83 78 58 63 11 46 50 36 23 9 48 8 67 47 73 65 64 70 87 1 25 18 61 86 84 72 59 2 38 79 29 44 42 37 92 6 3 54 95 96 12 71 19 80 74 88 40 77 43 56 30 
100 90 72 17 14 18 34 60 88 78 13 68 45 55 82 69 63 6 87 11 42 64 74 7 56 37 33 27 52 15 66 98 65 12 16 86 30 92 10 57 49 73 35 59 32 47 44 83 93 58 84 19 61 48 1 25 9 94 4 81 95 76 36 8 71 97 5 75 89 100 53 29 85 51 67 21 91 39 24 62 79 22 28 54 99 80 40 26 50 77 20 23 41 96 43 2 31 38 3 46 70 
100 82 90 9 26 85 86 76 43 56 87 64 70 31 11 71 29 68 13 67 34 61 91 42 63 21 33 50 14 35 98 51 41 62 38 40 46 37 30 59 48 36 89 78 27 24 44 73 99 97 16 60 72 92 49 32 7 4 75 18 66 20 15 23 54 95 5 65 1 80 100 88 22 94 81 55 52 79 83 10 19 69 39 28 2 45 12 96 8 6 17 93 47 57 58 74 3 77 53 25 84 
100 84 58 17 74 82 85 46 81 34 94 61 44 15 9 32 69 92 29 89 57 55 11 76 42 88 66 38 54 12 62 97 51 49 64 39 95 28 4 59 13 3 36 86 31 98 1 52 65 71 33 16 23 24 18 73 8 25 22 45 20 75 43 40 99 53 10 77 2 37 35 80 6 5 72 7 27 91 50 56 70 83 68 93 79 48 26 41 67 14 63 47 87 60 19 96 90 30 100 78 21 
100 87 11 70 83 93 76 42 43 66 47 33 7 57 75 90 36 62 99 94 38 50 28 80 2 69 67 13 27 35 4 39 17 53 10 73 25 71 65 26 54 55 100 44 14 96 81 29 21 89 82 45 98 30 32 88 37 1 16 84 23 92 95 63 51 97 31 86 52 78 34 24 22 61 91 9 48 5 20 8 19 74 79 41 64 6 77 72 3 60 12 15 58 18 56 49 85 59 68 40 46 
100 4 73 78 92 99 50 16 53 85 75 58 74 90 48 23 20 76 94 64 26 9 60 39 46 1 80 28 65 7 24 84 32 89 31 38 6 25 55 63 83 77 49 98 72 57 11 19 95 12 21 2 18 62 61 97 37 100 13 56 68 8 42 41 66 96 43 33 15 45 47 67 91 59 54 70 35 71 14 30 81 86 93 52 88 51 5 44 17 22 79 40 36 69 29 3 34 87 82 27 10 
100 97 36 78 85 49 41 5 74 64 1 59 38 99 83 75 71 80 25 26 44 82 10 30 76 79 20 16 84 31 8 72 93 33 67 73 48 46 15 21 68 32 47 61 87 39 66 98 3 7 63 17 70 22 19 27 53 4 94 86 92 45 6 88 14 100 28 54 51 13 29 40 69 90 2 12 9 34 89 65 18 77 60 95 57 52 23 62 50 42 91 58 35 11 56 37 24 96 81 43 55 
100 14 15 82 7 16 19 95 4 13 32 49 92 12 9 55 90 73 6 29 37 39 30 33 20 79 18 56 35 85 66 50 28 51 58 93 87 31 94 91 67 24 52 45 11 36 83 86 97 69 34 70 46 10 74 81 26 100 63 78 21 43 2 40 77 44 80 96 88 71 54 64 41 72 8 27 42 22 25 89 62 98 60 99 17 76 61 65 47 38 3 48 59 5 23 57 75 1 84 68 53 
100 48 43 36 81 97 29 10 47 75 15 44 63 85 69 93 7 30 90 25 74 88 72 27 9 99 77 49 26 8 46 2 53 70 95 34 21 39 37 100 84 83 98 18 23 41 59 58 3 12 56 22 76 82 57 32 73 79 20 4 96 31 61 91 14 86 28 38 87 6 89 1 40 11 92 66 67 13 45 60 33 19 64 55 24 17 16 54 35 94 42 68 52 71 50 80 62 51 5 78 65 
100 54 31 37 84 47 22 3 93 17 75 70 67 53 6 18 42 81 78 51 80 15 23 2 30 83 68 14 97 40 71 100 87 50 20 59 16 24 92 55 11 89 65 61 66 79 62 26 64 27 34 36 86 13 56 32 46 25 85 35 10 57 69 12 28 48 1 74 38 58 8 88 39 73 63 4 33 52 21 44 43 96 77 90 94 98 99 9 29 41 82 72 49 5 60 95 45 91 19 76 7 
100 47 98 50 17 75 14 87 39 62 5 36 61 80 86 93 94 48 12 60 1 35 82 16 69 74 10 3 42 34 72 28 46 22 83 70 55 51 6 19 33 56 89 23 88 58 49 26 40 9 84 41 63 92 30 32 43 59 38 15 27 53 54 90 64 20 97 44 85 13 11 52 78 24 65 31 66 37 76 67 100 79 8 18 21 4 71 68 77 95 81 91 96 25 7 57 73 2 45 99 29 
100 41 98 94 7 16 58 82 59 44 72 62 65 5 87 75 96 85 79 84 15 34 40 68 78 3 25 73 48 8 64 12 24 99 89 22 9 20 33 46 83 31 26 47 51 17 1 52 14 70 28 86 37 69 91 45 88 81 30 66 74 67 10 93 6 19 55 38 77 53 50 49 56 71 29 76 21 95 2 13 11 100 54 80 36 35 92 63 97 18 57 43 27 61 60 4 90 23 42 39 32 
100 20 86 48 75 24 40 55 61 43 4 77 45 82 53 84 100 29 66 99 87 63 79 83 54 62 39 32 15 89 3 78 36 8 11 51 17 18 27 65 73 46 96 50 69 72 92 5 91 94 25 95 14 70 2 52 23 28 19 80 10 97 21 44 33 58 1 13 6 31 81 34 76 57 88 9 56 37 90 68 49 26 22 12 42 30 35 67 71 98 93 41 85 59 47 38 16 74 7 64 60 
100 28 96 8 18 13 6 97 40 34 62 7 54 72 48 58 2 38 49 92 47 66 51 50 43 19 17 79 52 59 42 80 70 100 76 10 30 99 56 15 12 26 25 16 83 57 55 87 5 82 14 89 64 69 22 11 33 9 27 71 88 98 84 63 31 95 91 60 3 68 41 75 81 36 86 21 67 65 45 32 1 61 53 44 35 24 46 37 74 73 39 4 90 29 20 93 23 78 94 77 85 
100 87 81 8 48 97 5 91 1 41 4 78 25 79 80 6 9 75 100 14 96 28 10 26 83 22 54 73 57 20 65 39 68 23 51 60 99 3 58 45 42 46 11 63 84 88 85 95 2 77 71 90 47 55 64 35 36 19 43 15 27 13 24 67 69 12 86 62 16 74 59 30 49 92 34 89 53 94 18 66 31 38 82 21 76 17 70 33 56 32 61 72 40 7 98 93 29 50 52 44 37 
100 9 84 48 36 22 65 64 59 43 66 25 15 11 6 53 57 93 35 19 44 96 78 32 60 52 74 28 81 17 89 71 30 99 18 23 33 37 55 50 26 21 100 68 20 3 41 58 97 94 12 45 75 51 46 16 98 92 13 80 34 95 88 24 47 83 67 54 87 29 56 49 10 90 72 77 5 62 82 91 38 73 14 4 42 85 79 76 2 40 7 61 86 31 70 39 69 1 27 63 8 
100 66 95 40 45 70 57 15 7 82 34 18 81 63 94 10 68 36 25 16 33 49 72 85 50 86 11 35 29 59 65 37 64 32 61 74 28 89 51 8 58 84 20 71 60 88 83 78 4 27 96 1 55 30 87 24 6 75 54 14 3 97 38 69 39 47 73 46 53 48 43 19 93 56 26 76 41 99 92 17 23 21 100 52 2 31 77 12 22 9 79 80 42 67 44 91 90 13 5 62 98 
100 7 34 33 18 48 72 5 54 50 10 32 3 2 49 19 95 93 38 36 96 80 83 35 87 23 15 61 42 85 20 14 29 6 94 1 69 68 74 63 16 67 98 24 73 47 88 4 79 92 45 65 52 82 57 86 66 99 17 71 55 97 60 53 41 25 58 40 30 46 56 89 9 90 13 26 59 75 22 100 51 78 81 64 76 8 12 84 27 91 11 43 44 28 70 21 37 77 62 39 31 
100 59 16 17 96 58 53 14 49 10 85 29 66 19 94 36 21 91 30 38 15 64 92 45 84 70 3 22 23 67 68 9 32 78 31 7 90 27 88 41 24 47 79 62 5 26 54 51 61 69 1 83 89 52 81 56 2 72 34 6 20 13 4 100 37 43 77 71 76 33 75 48 40 50 28 80 93 97 18 86 11 39 63 35 65 95 57 12 99 46 60 42 82 74 25 87 55 98 8 73 44 
100 38 82 30 9 1 39 16 76 44 58 69 59 62 14 92 11 6 37 48 91 25 89 29 83 66 51 23 53 71 4 15 12 47 70 99 33 3 19 79 94 93 21 100 87 55 34 67 40 68 84 31 95 2 77 45 26 57 81 64 17 97 86 49 10 46 42 52 73 20 54 7 65 96 50 63 61 80 74 13 24 5 72 41 75 36 22 90 78 43 88 60 8 28 18 98 56 85 27 32 35 
100 40 98 31 51 7 56 24 18 59 82 65 95 43 75 11 100 23 17 71 47 30 14 49 57 58 73 88 21 89 46 66 94 10 61 64 32 45 83 41 26 44 76 25 72 53 5 2 37 85 27 54 91 93 68 79 13 87 22 38 86 35 36 6 62 42 77 70 29 90 99 67 15 84 78 12 28 80 16 33 48 9 55 63 52 34 19 8 50 4 3 97 69 96 74 39 60 20 92 1 81 
100 79 15 59 69 86 31 77 60 44 16 49 1 21 51 63 19 62 72 52 95 6 91 64 47 12 2 100 99 96 73 33 5 14 57 74 53 41 8 36 93 65 13 45 24 85 98 67 23 26 76 3 71 56 58 78 66 27 22 89 83 92 40 29 61 97 34 43 35 55 54 18 87 88 39 50 28 70 10 32 4 90 75 46 68 80 82 11 25 9 48 17 7 42 37 30 38 84 81 20 94 
100 11 47 21 59 91 76 15 50 92 5 82 62 65 9 34 46 77 29 38 41 74 57 78 3 48 45 52 73 51 27 69 22 26 96 4 18 32 37 20 13 30 98 61 60 8 93 84 68 12 2 6 87 10 83 44 31 24 54 43 72 67 86 99 100 33 70 56 40 23 97 85 16 1 19 28 25 55 80 90 35 63 36 95 75 7 66 79 42 89 64 53 49 88 71 58 39 94 81 17 14 
100 74 72 18 48 99 47 45 57 14 12 63 66 60 80 13 33 93 44 86 71 85 65 32 39 34 23 6 87 49 70 17 54 31 84 83 11 4 19 43 46 10 75 98 76 77 22 55 40 15 26 100 56 78 64 59 25 79 20 97 5 69 42 73 36 21 89 16 37 88 61 29 50 58 94 27 51 41 62 67 3 30 95 7 38 9 28 53 52 81 68 92 8 2 90 82 35 96 1 24 91 
100 59 98 53 23 100 31 99 34 74 35 76 46 41 93 54 5 81 51 3 50 29 9 24 92 43 20 18 39 65 88 64 17 4 12 21 44 15 40 94 67 72 62 57 6 13 82 97 55 33 68 85 30 78 79 90 80 56 25 66 28 11 58 87 89 14 96 42 37 19 60 91 52 8 48 2 83 95 26 75 47 86 36 73 84 32 10 22 16 27 49 1 71 63 45 77 38 69 61 70 7 
100 83 62 42 18 22 37 15 64 45 57 82 8 98 90 32 87 59 51 20 69 91 53 34 17 56 26 7 16 46 3 78 67 97 58 9 89 70 94 74 29 30 12 33 52 88 77 76 50 14 36 93 80 79 86 85 100 95 31 25 4 13 23 84 2 92 19 44 1 41 60 54 48 27 81 61 5 35 24 47 68 10 75 11 96 65 38 6 43 49 55 99 73 39 66 71 40 72 28 21 63 
100 6 17 74 15 38 100 82 67 71 52 77 53 83 59 46 93 23 27 7 56 95 91 34 43 99 18 79 61 8 2 76 50 33 35 96 78 11 87 39 57 47 80 21 22 1 64 65 13 62 58 29 20 32 26 55 85 4 12 45 36 81 98 68 90 3 86 42 89 5 10 66 24 31 9 72 44 51 49 16 54 37 19 92 60 94 63 70 84 75 69 41 25 88 73 40 14 97 28 48 30 
100 73 64 8 40 82 48 58 67 13 75 41 2 62 74 29 99 78 17 21 39 4 6 80 95 86 50 96 1 76 93 32 94 16 66 71 97 27 49 60 34 72 77 23 31 69 7 19 65 26 88 43 89 3 30 59 85 63 54 79 44 38 55 84 36 37 22 90 92 57 81 45 91 18 47 20 33 51 11 25 52 12 15 53 87 98 100 70 35 56 28 5 14 42 68 83 61 46 10 24 9 
100 63 1 31 18 12 66 84 82 77 72 99 24 11 45 7 44 33 97 55 20 15 60 26 35 79 53 89 95 64 57 41 74 50 36 38 68 29 25 4 40 81 86 42 49 62 73 10 2 21 34 92 51 48 43 87 88 27 93 83 23 69 96 22 28 78 94 80 16 98 9 100 19 37 47 67 85 52 6 59 3 13 71 58 75 91 17 14 46 70 30 39 54 32 5 8 61 65 56 90 76 
100 73 50 8 63 72 96 65 46 79 23 51 29 84 74 75 100 94 31 59 5 56 82 18 1 3 36 52 76 49 98 26 2 85 97 13 80 25 45 48 89 12 78 21 47 71 16 32 58 17 43 81 90 60 24 86 33 62 19 68 64 41 39 70 7 14 28 54 27 40 15 91 22 11 99 77 61 87 42 34 10 95 30 55 38 35 53 9 69 88 57 4 93 83 6 20 92 44 37 66 67 
100 38 55 9 76 74 42 51 62 49 75 5 80 8 66 34 91 64 58 85 73 72 19 13 48 46 15 79 53 78 81 57 86 52 20 27 10 4 29 40 47 39 16 68 14 94 67 2 21 70 37 98 36 41 71 23 25 56 11 45 59 43 6 1 12 3 69 90 31 33 65 30 28 99 63 88 83 97 17 93 60 50 18 89 22 84 95 100 82 26 44 61 77 92 87 32 35 96 24 54 7 
100 3 91 42 10 87 34 47 77 80 41 60 39 16 79 25 84 36 14 22 33 19 23 17 49 67 98 96 8 71 61 27 78 44 2 53 88 62 69 65 85 30 72 92 45 74 32 90 82 38 83 89 28 21 13 48 86 100 1 58 68 99 24 40 76 43 64 18 66 97 81 56 57 75 6 5 29 59 11 35 37 52 94 70 63 50 55 51 73 46 20 26 12 93 4 9 15 7 95 31 54 
100 3 86 76 84 57 21 60 54 30 17 6 97 100 2 85 33 58 44 8 88 79 41 14 61 9 35 70 15 12 95 92 65 81 98 42 62 64 55 34 91 66 73 37 82 32 47 93 45 67 49 43 4 87 68 71 83 52 75 94 31 96 99 25 48 36 39 38 89 74 72 26 46 18 5 40 90 63 13 16 28 69 27 51 24 10 29 1 23 77 78 53 56 59 80 50 20 22 7 19 11 
100 49 32 94 21 81 71 95 40 83 59 68 62 47 2 27 64 97 8 24 82 63 77 90 52 20 78 28 30 34 46 17 10 55 93 35 53 16 39 12 54 5 58 50 70 25 41 92 26 22 69 98 14 60 100 4 15 99 42 96 51 37 1 38 13 33 75 73 76 3 18 84 19 7 57 72 88 80 74 44 67 48 89 87 85 6 9 29 23 91 66 36 45 31 43 61 11 65 86 56 79 
100 48 5 83 28 9 22 98 91 49 11 47 60 2 42 16 35 15 8 52 82 90 64 69 67 20 95 39 12 23 74 1 79 59 41 99 89 66 36 86 62 29 27 93 88 13 94 87 71 14 57 81 32 100 30 58 55 10 51 17 73 44 31 76 37 33 92 97 96 80 19 25 65 70 21 78 24 77 50 34 61 54 45 84 6 75 72 56 68 43 63 7 38 3 26 4 18 46 85 40 53 
100 5 99 83 47 1 63 21 94 24 39 29 22 61 91 98 20 44 79 95 36 17 14 28 11 12 33 50 75 96 85 4 92 38 45 26 65 64 9 56 8 58 23 70 86 54 89 19 48 35 49 59 55 31 13 34 15 37 7 16 42 41 73 77 51 57 93 88 100 90 62 2 30 66 68 87 53 32 76 10 71 78 52 72 80 18 60 40 69 67 74 46 97 3 81 25 27 82 6 43 84 
100 18 83 75 54 7 14 58 62 30 50 91 37 70 48 11 31 2 67 89 46 52 96 49 5 56 40 32 55 45 24 66 47 43 35 15 80 25 57 69 97 61 99 28 81 42 23 19 87 65 60 20 10 88 4 63 29 98 72 16 100 64 21 3 79 86 94 9 38 1 26 85 22 82 68 41 92 95 34 13 77 76 6 44 36 59 73 39 90 84 53 71 74 33 93 78 51 17 12 27 8 
100 80 58 33 71 68 56 94 88 32 81 76 13 98 1 59 35 4 61 54 7 8 73 69 65 27 66 70 48 57 28 16 63 53 11 60 79 99 95 67 47 77 45 91 89 87 52 49 26 31 14 46 85 64 38 25 22 62 24 55 50 82 29 92 6 84 30 41 19 20 83 75 15 3 96 51 74 12 100 2 5 40 36 97 44 21 90 34 10 93 43 17 18 42 9 37 39 78 23 72 86 
