0 144
1 142
2 135
3 130
4 109
5 153
6 184
7 133
8 138
9 160
10 181
11 151
12 173
13 106
14 115
15 191
16 194
17 189
18 113
19 102
20 146
21 141
22 179
23 128
24 126
25 134
26 136
27 127
28 183
29 145
30 104
31 172
32 121
33 182
34 176
35 124
36 198
37 159
38 154
39 162
40 195
41 140
42 157
43 123
44 107
45 101
46 112
47 100
48 119
49 103
50 156
51 116
52 117
53 164
54 180
55 174
56 152
57 167
58 148
59 197
60 193
61 186
62 155
63 131
64 147
65 163
66 149
67 187
68 175
69 137
70 177
71 110
72 114
73 143
74 171
75 170
76 150
77 178
78 165
79 161
80 118
81 111
82 168
83 166
84 132
85 196
86 185
87 188
88 139
89 169
90 120
91 129
92 158
93 192
94 122
95 190
96 125
97 105
98 108
99 199
