100
100 26 58 19 30 86 91 49 5 56 29 22 59 41 60 68 88 94 99 21 62 16 37 8 6 45 83 82 65 7 98 36 25 4 70 78 95 73 47 17 28 76 14 84 57 18 63 9 39 52 23 90 72 69 97 64 96 87 27 12 77 46 100 10 24 32 20 93 66 34 67 44 80 31 48 71 1 43 92 79 33 3 15 2 42 54 61 81 13 85 53 74 38 55 89 50 40 75 35 51 11 
100 15 25 94 40 24 13 23 18 17 86 35 90 64 10 8 75 96 76 81 99 21 80 74 42 37 28 39 57 34 31 100 78 69 19 47 48 4 72 83 88 44 46 53 36 55 14 97 93 65 61 20 49 9 82 91 60 70 27 84 79 63 22 11 98 26 54 58 59 67 66 7 33 1 3 85 16 30 43 87 95 32 2 45 38 52 29 77 73 71 92 62 41 51 6 5 89 50 12 68 56 
100 57 99 37 39 73 59 95 49 78 68 22 35 11 66 28 2 24 25 55 76 14 45 1 10 50 91 42 96 94 31 74 23 12 46 6 83 92 13 60 61 9 93 52 79 80 7 3 77 98 32 27 40 90 88 100 67 62 51 30 43 34 87 81 29 17 41 86 97 33 16 44 36 26 20 85 65 19 72 64 84 53 63 4 71 69 70 48 75 5 47 18 58 82 8 21 38 54 15 56 89 
100 79 24 47 31 56 85 65 53 29 66 9 76 49 62 60 50 32 99 78 94 38 26 73 89 92 91 77 97 11 37 14 41 35 83 64 3 88 4 27 100 68 57 6 87 43 95 34 63 12 36 58 48 59 74 72 19 45 54 40 5 55 69 22 20 42 28 8 1 67 75 70 7 30 93 52 16 51 96 15 21 90 10 61 82 2 71 81 44 39 80 84 86 13 33 18 23 17 25 98 46 
100 62 50 28 94 53 60 19 29 48 67 4 12 1 11 93 96 73 89 46 78 7 44 49 90 17 82 95 42 13 38 15 16 21 39 87 98 85 52 81 32 20 45 83 43 86 9 63 35 66 65 10 75 23 69 79 80 41 54 37 77 91 25 55 58 36 33 31 6 8 88 2 92 18 27 5 70 47 68 3 30 56 51 99 59 24 71 14 61 74 26 72 34 40 84 22 57 64 97 100 76 
100 67 34 52 43 27 16 70 24 79 4 41 42 47 59 91 11 72 84 95 86 68 87 23 21 82 18 76 94 99 8 13 36 17 77 61 89 26 73 58 22 7 66 65 39 46 50 98 80 28 62 45 96 40 64 56 74 49 92 20 85 75 5 48 100 38 71 63 57 19 55 12 69 93 60 78 6 33 53 2 37 97 51 1 30 29 83 88 44 14 54 10 15 90 25 35 9 3 31 81 32 
100 31 55 47 78 43 56 99 41 54 67 69 26 92 58 12 96 97 29 65 40 42 6 5 23 17 8 13 14 57 61 85 83 44 77 10 24 98 46 11 19 2 82 25 39 68 3 21 94 49 89 71 9 52 15 59 37 62 16 88 36 7 91 30 75 34 4 95 1 22 72 70 63 45 28 20 80 27 74 53 86 66 87 48 35 100 51 50 64 60 76 81 84 18 90 79 32 38 93 73 33 
100 27 95 19 51 31 3 68 73 52 24 81 37 94 55 25 65 57 50 54 23 2 29 30 79 9 59 75 18 10 70 97 69 40 98 44 85 78 77 72 92 49 80 67 71 21 86 93 45 4 22 43 38 33 60 63 14 13 83 82 5 11 89 26 48 64 88 47 6 74 34 58 8 28 90 35 7 39 87 12 100 99 15 76 84 41 53 1 16 46 17 91 36 20 42 32 62 61 66 56 96 
100 10 66 39 21 31 12 90 62 3 65 51 53 54 83 78 72 29 15 22 86 52 27 75 92 77 36 4 37 47 41 60 38 13 43 16 7 34 26 30 57 50 94 1 96 73 44 100 99 5 74 93 95 25 33 82 28 20 79 89 56 63 18 58 42 97 17 81 71 24 67 80 70 23 85 76 84 14 61 40 55 2 8 68 6 88 87 19 59 46 98 32 9 11 91 45 48 64 69 35 49 
100 86 73 76 52 69 20 65 80 49 68 11 58 67 23 56 89 60 7 78 95 96 63 14 81 15 100 93 9 70 2 34 83 39 88 45 28 75 53 29 6 24 38 44 32 99 48 17 64 13 66 42 21 19 51 33 3 30 97 90 54 25 8 41 18 31 74 4 12 22 46 43 57 16 92 71 59 98 40 50 26 87 27 55 36 5 61 85 62 72 79 1 94 37 91 82 77 47 10 35 84 
100 37 69 18 60 11 5 50 61 84 90 77 74 42 38 95 59 58 34 67 62 72 3 21 98 81 52 89 17 82 96 29 88 100 64 12 4 92 56 40 80 63 27 9 24 39 54 76 86 22 6 23 79 83 85 43 2 91 8 16 66 47 25 65 26 33 44 46 32 97 78 48 30 57 75 73 99 41 94 14 31 53 68 35 15 7 93 70 19 20 87 36 55 1 10 51 45 49 13 28 71 
100 30 35 98 67 38 23 18 77 48 75 44 8 65 10 12 84 64 47 100 32 96 74 94 33 69 52 78 51 56 29 95 7 40 1 19 85 9 59 24 76 50 89 68 73 21 81 92 66 27 63 25 3 54 71 42 20 26 6 37 55 36 86 79 83 87 45 70 97 72 53 46 11 2 99 91 93 61 60 34 22 14 31 62 5 41 80 16 49 82 43 17 28 57 4 39 15 90 13 58 88 
100 8 36 50 67 41 14 6 72 92 10 100 48 93 91 52 83 2 11 49 35 76 60 88 22 26 21 55 96 19 81 43 99 13 1 94 17 73 78 80 40 23 97 30 38 85 29 61 12 42 45 79 15 69 95 53 25 16 31 86 70 33 58 54 28 82 20 39 5 9 32 51 89 74 63 98 7 90 47 64 37 46 57 77 66 59 3 68 71 27 65 34 87 18 56 44 4 24 62 75 84 
100 92 21 62 22 40 27 34 9 61 31 87 96 45 73 17 67 41 10 80 37 55 85 23 35 97 36 60 72 18 81 16 12 93 52 48 4 75 46 51 70 20 33 57 64 82 65 49 66 95 74 54 2 19 39 5 98 8 83 29 89 43 69 90 99 1 79 77 76 7 3 68 15 28 63 59 30 100 6 50 13 58 47 44 94 11 14 71 26 32 56 86 78 53 91 38 24 25 88 42 84 
100 73 28 2 1 18 54 89 81 82 100 10 96 70 36 43 58 53 90 44 15 32 95 50 5 57 9 59 60 98 31 14 88 21 24 66 11 41 97 7 39 62 40 17 12 48 29 42 4 6 71 99 23 38 49 85 35 87 46 75 56 91 77 84 78 63 79 80 30 34 20 33 69 22 93 76 37 16 65 19 8 52 13 55 25 86 26 72 74 51 64 68 94 61 3 47 45 27 83 92 67 
100 27 82 93 97 52 33 56 31 15 42 24 70 11 50 32 54 46 72 67 96 14 41 34 81 89 64 100 2 28 3 19 20 47 65 92 35 68 98 73 9 55 48 36 29 59 4 21 44 75 62 17 91 39 23 83 43 7 86 85 88 76 80 22 61 95 49 99 38 26 90 87 53 71 16 45 60 18 78 12 13 69 40 10 77 25 63 6 5 58 57 51 30 8 84 1 79 94 37 74 66 
100 73 9 52 44 51 42 22 72 1 53 98 47 70 92 82 87 69 29 77 65 46 59 84 57 71 60 37 95 78 83 64 39 12 4 6 19 61 68 40 36 13 88 89 21 33 56 28 63 35 99 26 80 81 50 45 49 20 48 5 55 96 14 41 16 76 58 91 24 74 85 100 34 2 54 31 17 97 27 23 94 86 30 11 25 75 38 18 90 15 66 93 79 67 32 43 10 7 62 8 3 
100 46 32 93 18 11 71 13 67 70 74 95 55 28 23 41 86 20 100 65 33 69 29 24 21 5 64 39 60 35 80 14 90 79 78 31 91 57 92 53 34 75 45 42 15 62 12 47 2 43 17 81 87 26 98 85 77 7 68 66 40 51 48 38 52 94 4 61 49 8 73 59 19 1 36 58 96 16 3 82 37 44 84 89 83 10 88 6 97 22 9 63 72 54 50 99 30 76 25 56 27 
100 15 51 29 77 34 17 67 82 93 96 84 38 99 46 10 56 78 36 98 60 91 57 90 75 87 43 74 81 12 66 54 73 100 27 19 63 23 94 61 21 44 32 37 59 41 83 92 48 52 64 40 69 80 49 16 26 95 65 42 11 20 53 85 28 30 3 8 72 35 7 79 5 9 25 14 33 31 97 70 71 62 50 4 58 86 18 22 55 88 68 47 13 89 2 45 76 1 6 39 24 
100 81 25 71 29 80 87 99 22 2 90 40 53 51 43 34 57 10 26 92 76 77 91 88 84 35 36 30 3 64 75 47 79 6 82 56 27 72 94 83 60 89 19 5 95 62 28 7 31 11 20 48 86 23 38 59 46 39 54 78 66 69 14 50 68 45 44 18 100 65 93 16 15 17 33 13 70 96 42 24 4 97 9 73 61 85 55 21 12 41 63 52 74 49 58 1 37 98 32 67 8 
100 45 49 72 62 89 98 12 44 42 57 63 34 15 55 27 40 71 28 96 93 31 79 23 41 86 1 50 100 74 6 80 16 67 59 88 56 99 32 92 37 14 21 84 5 52 65 76 20 25 39 58 36 3 8 19 4 69 91 7 90 95 24 97 82 51 77 54 43 61 22 2 81 13 87 26 60 78 46 33 68 30 9 47 75 94 64 18 10 83 53 66 70 11 35 85 38 48 17 29 73 
100 37 85 46 74 35 90 20 65 64 15 41 92 38 77 36 28 53 16 24 22 68 84 91 40 33 72 61 11 100 94 70 7 54 99 82 98 80 10 69 34 1 17 6 86 9 59 79 23 14 3 75 32 48 76 45 58 88 29 67 50 83 5 13 52 81 66 12 8 19 44 78 42 4 71 62 25 31 60 97 18 87 56 89 43 30 51 47 73 63 26 39 96 27 93 21 2 49 55 57 95 
100 91 57 36 38 37 74 48 53 39 2 34 12 69 21 80 23 51 94 81 11 65 76 62 10 50 75 60 54 86 95 16 89 92 25 82 70 33 90 18 66 98 96 47 24 9 99 79 28 84 3 88 97 78 19 56 17 32 59 73 64 8 5 55 77 43 42 100 13 68 40 4 85 27 7 67 44 31 93 1 49 41 63 46 22 87 45 26 71 29 6 58 61 52 72 14 35 83 20 30 15 
100 72 66 94 84 73 27 24 25 89 99 23 42 30 95 90 44 19 28 59 37 86 50 20 11 88 62 92 26 49 14 5 7 60 91 40 55 6 32 38 69 2 65 74 100 48 10 80 83 21 34 85 78 4 61 63 87 71 17 47 93 9 13 8 33 12 54 29 15 16 75 41 36 81 53 70 31 97 52 45 68 67 3 56 51 57 77 98 18 1 22 46 39 76 64 58 35 82 96 43 79 
100 87 62 6 82 68 73 70 25 27 16 14 56 26 64 24 80 59 32 19 83 37 44 98 49 60 17 13 40 3 1 12 2 93 7 31 77 78 53 5 92 52 76 69 61 22 28 84 72 35 43 8 10 39 63 36 47 34 29 48 50 45 91 9 23 100 96 41 38 66 21 33 94 86 79 57 67 90 42 18 11 74 54 75 51 65 95 81 85 46 20 71 55 89 99 15 88 30 4 97 58 
100 7 79 55 89 69 56 86 47 63 20 41 74 9 46 61 53 97 62 88 96 12 70 6 50 17 75 16 14 23 42 66 21 78 80 30 82 28 72 48 15 34 77 5 44 19 91 59 13 4 8 24 93 71 85 10 31 51 57 90 52 98 100 87 2 38 37 95 94 11 65 32 83 33 1 3 49 64 40 27 26 54 35 45 76 81 73 39 18 84 92 68 60 25 43 58 36 99 67 29 22 
100 26 42 63 64 22 73 18 61 62 71 95 65 9 54 99 89 57 7 78 24 66 98 80 19 85 77 49 28 34 69 79 86 43 44 97 8 11 92 20 84 55 52 53 5 30 60 21 41 74 10 47 76 39 100 70 58 50 91 40 25 17 81 82 2 12 48 14 96 27 46 4 90 23 31 15 75 36 51 16 38 35 45 72 68 32 33 94 1 67 83 59 3 56 29 6 93 13 87 37 88 
100 63 44 27 82 26 4 15 57 1 75 29 83 78 79 18 45 2 14 22 12 48 25 91 38 65 47 23 41 70 94 96 98 71 74 7 42 52 84 85 8 13 10 33 37 72 88 9 50 51 17 62 19 60 16 24 34 89 67 28 61 20 97 31 86 30 59 66 80 73 40 92 58 53 90 55 64 3 21 95 69 76 6 49 35 81 11 36 39 87 93 77 100 46 99 54 56 5 68 32 43 
100 72 94 46 60 34 27 53 15 31 37 45 67 80 81 43 14 29 78 82 4 42 99 48 69 70 85 58 84 64 16 83 30 97 2 28 3 22 71 47 7 19 49 55 73 86 51 10 38 56 93 32 39 41 6 77 63 76 92 74 90 52 24 35 36 98 79 62 11 1 5 75 95 20 88 26 40 89 96 68 61 21 91 13 18 50 87 65 17 25 57 44 9 100 66 23 33 54 8 12 59 
100 27 2 48 37 42 54 61 23 13 24 4 74 88 25 53 86 55 56 21 10 91 49 58 73 15 75 97 96 45 51 98 63 38 83 69 47 94 57 82 77 7 68 79 28 71 6 84 9 36 1 17 50 72 60 30 66 80 8 78 41 64 26 16 76 65 67 31 18 46 33 62 40 14 99 19 39 81 89 29 43 70 87 93 12 44 92 20 90 3 11 59 95 32 52 35 100 85 34 5 22 
100 67 66 73 19 6 16 55 77 15 1 61 12 98 56 40 13 38 75 72 93 95 70 5 57 69 43 81 26 74 79 49 83 99 41 7 39 37 62 60 52 22 45 76 86 92 48 47 34 94 78 53 96 64 25 32 65 54 8 36 42 68 89 82 11 46 85 20 9 18 88 2 10 80 17 21 44 63 90 87 29 30 51 71 91 33 58 3 27 100 84 24 14 59 97 28 35 31 50 4 23 
100 11 32 58 16 35 85 70 43 67 48 56 44 13 54 8 1 33 64 21 55 63 38 86 50 27 36 26 22 51 65 46 24 61 29 71 10 12 80 99 75 28 37 2 90 95 87 93 88 92 20 6 9 17 7 60 42 34 62 15 78 91 3 69 94 98 89 66 76 40 59 53 30 31 39 47 81 83 100 68 49 41 19 25 96 5 79 74 52 23 4 77 73 14 84 97 18 72 57 45 82 
100 19 99 77 73 83 76 52 85 78 68 22 88 23 20 11 79 97 54 80 47 29 7 50 90 43 75 70 8 66 45 69 6 13 100 82 32 3 56 86 14 4 34 92 72 94 87 31 2 62 10 36 24 25 16 33 96 27 37 46 64 55 53 42 98 48 26 35 81 65 93 30 28 18 89 44 58 1 59 84 9 51 49 71 95 15 38 91 12 21 60 57 61 17 74 63 39 67 40 5 41 
100 37 51 65 22 38 26 53 29 58 70 68 33 4 84 79 76 45 86 60 61 6 42 39 56 47 87 19 100 72 52 59 88 73 64 21 63 90 32 94 28 93 25 71 35 34 23 20 91 43 54 24 16 62 9 80 49 1 74 18 30 27 48 81 14 83 15 92 96 5 3 89 44 7 11 8 75 2 55 85 50 10 97 69 31 17 99 77 36 41 66 95 98 13 57 82 46 12 78 40 67 
100 55 13 45 23 34 22 59 60 98 28 72 3 44 26 71 25 65 31 42 73 94 30 58 87 5 20 8 50 38 9 36 70 41 74 84 67 51 29 32 85 15 83 48 96 90 100 52 80 27 7 16 61 37 39 46 68 54 18 11 14 82 24 99 92 6 75 81 57 88 66 62 10 86 40 77 93 69 97 78 95 12 33 2 91 79 53 21 76 47 43 35 63 89 49 56 19 4 64 1 17 
100 32 80 68 6 91 49 90 45 38 87 71 77 17 53 61 9 10 81 34 19 8 48 43 27 58 59 63 65 88 42 18 79 13 55 15 7 99 16 67 66 57 84 14 60 95 4 92 70 52 82 26 64 69 22 83 54 25 37 78 39 46 74 2 93 11 73 31 5 1 20 24 50 33 44 85 21 98 23 97 94 89 29 56 30 51 96 12 72 3 35 40 41 86 62 75 28 76 36 47 100 
100 7 26 75 5 73 52 99 80 86 38 25 16 22 33 53 56 83 57 30 76 92 15 78 63 96 85 2 18 48 97 4 10 21 19 49 69 32 58 44 61 17 55 24 8 28 36 9 77 43 70 65 29 12 3 98 64 62 90 91 71 66 93 13 95 14 88 45 67 79 59 81 20 6 84 47 72 74 35 37 41 82 1 50 40 39 68 34 11 60 27 100 94 54 46 89 23 31 51 87 42 
100 85 80 96 92 17 26 68 13 34 21 88 93 94 16 39 36 71 6 29 2 77 20 82 72 58 28 66 10 75 64 91 47 50 54 25 45 24 42 83 63 97 61 41 57 33 95 19 37 31 27 35 69 99 70 76 8 79 65 46 62 100 49 86 78 22 87 5 56 53 30 9 18 51 38 15 81 32 44 74 52 84 55 11 12 14 89 98 3 48 67 90 59 4 40 23 60 7 43 1 73 
100 10 73 34 87 75 98 32 64 76 55 68 43 77 14 84 9 97 57 65 54 8 94 36 66 16 70 83 15 63 22 99 88 82 52 7 3 26 13 90 61 79 51 12 25 17 69 42 1 93 40 72 56 100 74 19 38 89 6 23 21 60 67 30 24 49 91 50 59 41 53 95 86 81 29 80 92 44 96 33 35 27 58 47 18 48 2 4 46 62 20 71 11 78 31 39 28 85 37 5 45 
100 14 36 62 77 69 30 31 41 92 97 6 68 22 79 39 8 45 21 13 80 28 10 63 46 70 56 3 89 67 61 93 38 84 57 94 29 64 54 53 26 9 37 91 51 96 65 12 81 16 43 98 95 5 27 75 2 1 50 76 85 42 48 20 78 47 17 49 44 99 33 74 25 82 4 88 71 7 58 83 15 18 55 60 40 87 24 90 86 19 11 35 59 52 32 66 100 23 72 73 34 
100 26 92 41 35 14 5 23 38 87 66 68 56 60 63 39 48 15 31 86 24 80 4 16 58 55 44 94 19 49 9 89 22 29 21 46 81 28 20 10 67 32 77 72 37 8 40 100 13 93 36 18 2 57 62 90 65 99 82 84 30 83 73 71 17 3 51 75 64 6 79 52 78 59 12 91 97 88 69 1 98 27 25 11 95 47 70 76 7 85 96 42 53 45 33 50 54 74 43 34 61 
100 47 100 57 62 46 76 66 40 10 50 45 56 24 73 15 11 6 55 98 70 28 9 8 42 65 81 26 85 37 32 96 25 67 88 44 34 83 79 80 71 53 39 51 61 31 68 77 89 82 13 4 58 17 7 12 60 75 3 59 1 52 95 74 35 87 91 19 64 2 5 22 29 99 92 63 94 49 78 41 86 16 54 27 72 84 21 23 69 36 20 14 38 93 18 43 33 97 90 30 48 
100 84 25 15 21 85 99 27 59 100 72 28 8 74 52 23 1 57 87 46 73 2 47 77 45 4 13 55 60 71 90 70 16 38 24 33 35 81 50 61 66 69 53 51 96 63 26 80 62 20 97 34 48 40 42 18 22 7 43 67 29 92 9 36 91 12 11 6 64 94 37 79 86 56 93 75 44 98 3 82 49 39 31 76 54 83 41 19 30 10 58 88 5 78 89 68 17 14 65 95 32 
100 24 97 7 99 28 77 81 26 40 85 12 64 6 9 50 71 98 79 32 31 93 25 87 96 83 19 43 20 76 94 80 4 86 35 57 1 91 51 89 54 37 74 18 56 67 90 66 46 42 95 44 48 13 62 61 60 10 29 34 22 72 38 78 27 69 58 8 84 17 75 5 59 65 82 52 30 3 15 100 47 88 39 73 70 16 33 11 63 14 21 49 92 45 55 36 68 23 41 2 53 
100 12 61 80 7 93 31 33 72 6 14 77 16 40 8 22 73 50 15 27 100 3 56 70 34 68 88 44 83 32 24 75 25 63 49 35 97 58 66 90 53 9 4 46 74 39 45 99 84 78 38 43 95 17 30 89 13 87 92 67 65 23 62 28 42 5 85 26 29 52 71 96 94 1 36 19 41 79 76 82 21 20 18 60 69 86 57 64 54 47 91 37 48 98 59 81 55 51 10 11 2 
100 75 86 57 20 85 40 83 90 45 7 22 93 10 73 81 53 100 2 16 51 84 44 58 66 55 91 48 60 62 38 89 14 54 32 49 88 23 56 97 94 43 15 17 59 76 46 18 11 25 29 77 30 92 35 79 8 96 3 12 80 27 87 95 36 69 41 37 99 9 5 82 78 98 67 21 13 4 52 71 47 33 64 65 34 24 39 63 19 6 68 26 50 61 74 72 70 1 28 31 42 
100 96 78 9 72 51 77 100 41 80 8 15 69 75 33 91 16 29 14 98 59 92 47 44 88 65 36 57 82 95 54 28 39 22 43 5 24 25 60 62 11 1 52 17 53 7 21 6 76 55 74 97 31 68 58 40 56 19 71 4 13 94 12 35 73 45 61 64 67 83 48 70 37 32 34 84 66 79 89 27 42 46 99 38 90 63 86 50 81 18 30 49 85 23 20 26 3 10 93 87 2 
100 29 41 11 83 82 78 35 64 46 60 14 68 15 4 36 95 22 65 100 16 44 86 31 70 52 55 18 73 43 99 19 57 98 54 75 76 59 58 89 91 30 49 12 34 28 94 26 71 67 53 9 40 13 51 85 17 39 97 1 74 37 3 25 21 50 63 47 62 72 32 84 2 79 80 20 38 66 5 90 42 24 88 48 10 33 23 81 96 87 77 61 92 93 7 69 56 6 8 45 27 
100 29 37 9 52 16 28 55 20 91 17 80 41 84 90 48 43 79 7 70 12 10 40 94 13 77 34 24 50 8 75 56 44 47 4 67 51 31 35 22 83 49 93 26 89 97 19 21 2 58 73 72 68 15 99 11 64 3 42 82 45 66 23 14 30 81 25 36 32 63 38 39 54 85 6 60 53 78 57 1 65 88 69 86 100 76 27 18 5 87 74 95 62 92 71 59 61 46 33 96 98 
100 36 11 59 33 52 79 72 75 13 41 17 89 86 26 14 3 95 40 57 55 81 84 44 60 7 68 63 37 82 92 21 76 80 74 15 30 73 87 100 47 98 49 96 69 2 56 23 85 10 32 20 22 78 6 5 54 53 99 27 66 43 64 94 39 67 65 83 50 19 91 90 45 77 58 62 12 71 1 34 35 42 31 93 29 88 24 46 18 48 25 97 51 70 8 4 61 38 28 16 9 
100 19 23 68 99 87 96 100 88 61 67 30 29 95 79 8 81 58 13 31 42 17 60 36 1 56 22 92 43 64 28 44 59 35 66 37 97 78 15 39 54 74 38 2 5 53 89 11 84 7 10 27 71 47 6 91 14 48 90 20 85 33 72 86 76 93 9 3 49 25 16 94 12 57 18 4 62 98 34 24 50 26 70 82 21 41 40 69 52 77 75 73 83 32 55 63 80 46 65 45 51 
100 10 57 21 30 87 16 61 76 48 49 24 60 7 58 63 72 39 94 74 47 52 64 5 97 98 79 15 77 33 17 43 46 82 31 25 2 12 70 56 71 36 95 66 40 65 4 8 67 93 1 50 53 14 41 45 86 83 51 20 9 34 23 75 73 44 32 13 37 100 81 28 69 59 91 88 92 78 54 3 85 11 99 19 35 18 90 6 68 26 27 42 29 80 96 55 38 89 84 62 22 
100 47 16 46 18 61 3 11 33 91 19 7 32 26 41 71 99 73 89 75 78 56 24 85 51 13 90 86 92 83 6 100 67 39 84 34 22 96 14 53 17 38 97 44 48 5 54 57 94 25 45 77 80 52 27 20 95 15 74 72 60 36 93 68 82 8 12 63 4 42 76 64 35 69 65 21 81 50 98 23 29 43 66 10 40 28 9 1 87 62 30 70 79 49 2 37 31 55 59 88 58 
100 65 60 61 90 40 85 45 29 83 84 2 19 21 41 57 82 71 11 63 80 92 31 10 96 17 12 78 47 100 99 72 39 6 25 49 55 46 34 44 89 59 68 36 62 64 26 14 7 23 97 54 42 30 28 4 56 20 91 53 94 16 87 69 73 50 52 15 86 70 13 8 38 58 33 24 37 32 98 22 43 9 81 67 79 5 75 35 48 66 88 93 18 51 3 27 76 74 1 77 95 
100 14 51 43 50 83 63 21 18 58 35 96 86 92 74 4 81 49 44 89 29 13 5 91 54 53 55 1 75 52 97 67 56 41 72 8 12 28 77 37 9 66 60 80 25 87 64 100 48 27 39 47 95 22 65 15 33 78 30 24 59 10 69 98 68 11 71 90 32 45 38 46 61 88 2 57 3 26 79 23 99 84 17 36 42 16 20 40 34 85 93 62 6 31 7 19 82 76 70 73 94 
100 53 32 60 42 21 3 87 85 65 78 10 69 81 91 49 80 13 17 18 31 7 97 57 16 89 62 63 82 94 90 8 51 77 15 56 66 98 9 52 58 44 72 1 86 5 50 41 93 59 30 68 23 76 29 96 67 6 46 48 71 24 84 33 74 11 39 88 47 70 2 4 37 34 55 54 12 14 26 28 95 79 43 27 92 45 19 100 20 61 83 75 64 36 22 99 40 38 73 25 35 
100 59 54 27 90 79 22 95 1 68 17 60 48 46 86 83 100 89 41 81 67 28 61 8 72 80 30 40 94 65 76 49 93 52 69 2 11 25 23 44 19 85 78 16 31 42 55 91 33 18 21 70 39 87 63 92 13 45 57 36 26 3 15 98 43 75 97 66 88 64 71 5 14 56 82 12 7 96 50 62 58 6 51 10 4 73 99 35 53 84 38 9 47 24 32 77 37 20 34 29 74 
100 35 2 64 75 89 77 30 79 9 20 99 47 100 63 37 21 3 81 39 85 74 55 52 36 87 56 61 16 92 26 5 8 50 96 19 58 23 7 45 11 70 67 13 62 60 34 59 76 31 72 10 78 83 43 93 44 49 51 48 32 68 22 29 95 28 41 25 15 66 71 94 57 65 1 84 6 24 12 27 46 97 14 80 40 82 18 17 4 42 54 86 38 33 53 69 98 91 88 73 90 
100 30 58 11 27 64 99 9 62 91 24 80 59 38 87 75 4 51 50 69 94 18 65 28 49 82 72 40 84 83 100 31 61 93 5 15 1 47 14 60 71 95 37 57 29 22 85 46 16 17 19 86 2 92 89 67 13 73 81 36 39 32 52 6 79 25 63 20 68 78 26 3 77 33 54 66 34 8 97 45 90 53 43 96 76 48 98 74 88 42 21 41 12 44 70 10 35 23 56 55 7 
100 83 46 87 18 72 19 78 96 26 8 35 38 5 69 10 100 42 13 85 79 57 20 4 84 14 28 88 47 11 17 52 81 71 3 73 2 64 80 24 75 34 7 25 51 6 91 86 45 40 67 1 29 68 32 12 27 90 65 39 54 56 36 62 63 21 61 22 59 97 94 70 95 55 53 16 48 15 89 31 41 30 66 44 23 98 49 33 43 77 76 37 99 60 9 74 50 93 82 92 58 
100 20 7 89 61 45 10 72 75 54 86 79 98 21 3 40 64 53 18 43 13 31 19 84 55 35 63 48 8 82 95 92 24 60 57 11 94 56 58 49 78 27 34 9 100 29 65 2 30 90 91 80 4 32 83 12 16 74 41 97 51 37 1 39 44 42 69 23 38 76 68 15 62 33 77 85 59 70 66 26 87 73 67 17 47 81 99 6 22 52 93 36 71 25 14 88 50 5 46 96 28 
100 31 68 48 84 32 24 41 66 67 51 90 80 47 62 45 83 36 20 57 64 14 96 72 11 87 2 60 16 21 43 12 58 95 82 85 30 38 8 63 34 77 53 46 61 23 56 88 44 74 73 70 26 7 79 50 10 100 49 9 69 27 99 17 55 52 89 13 93 65 39 29 91 86 59 75 4 18 81 37 92 42 35 3 25 15 33 28 22 5 40 1 71 76 54 78 97 98 94 6 19 
100 71 84 59 16 88 73 56 35 81 63 33 58 47 89 9 96 93 94 79 27 83 41 90 15 10 66 97 34 85 14 72 44 13 42 53 77 51 48 78 74 7 23 43 80 22 6 60 62 31 20 3 55 5 46 76 4 37 91 45 39 87 19 26 99 92 11 64 86 2 8 75 24 17 100 98 50 36 40 29 1 52 67 57 54 95 28 70 82 18 69 65 68 61 21 49 30 12 38 25 32 
100 88 49 5 38 18 72 30 13 28 26 46 66 57 16 35 63 54 47 8 51 24 70 17 68 20 33 91 86 3 100 1 84 56 10 98 37 60 76 87 52 65 11 99 80 94 21 44 78 2 55 6 43 31 85 39 9 50 27 14 22 92 69 83 4 89 90 29 19 74 95 32 7 67 15 45 62 25 59 81 75 79 93 73 41 34 71 53 96 42 12 48 64 61 58 77 82 36 23 40 97 
100 5 2 12 79 52 81 40 39 78 80 24 32 35 71 51 92 28 13 86 14 90 20 42 3 11 43 82 87 95 58 89 94 22 72 41 6 69 23 73 75 54 98 93 21 83 68 55 19 37 84 44 67 50 100 56 49 45 26 4 60 48 66 34 36 62 10 99 96 97 57 16 7 76 88 29 85 38 65 17 30 63 33 64 70 18 8 25 1 46 31 74 77 47 15 61 59 53 9 27 91 
100 51 14 47 28 9 34 56 63 65 93 30 64 86 4 71 83 45 84 78 41 61 85 89 55 97 37 5 67 29 20 31 49 77 33 72 76 99 13 10 62 12 74 90 60 58 95 6 66 35 92 57 36 26 32 70 52 17 53 81 21 7 18 2 39 59 23 54 40 94 22 69 16 75 68 8 27 98 46 48 24 73 87 91 96 38 43 42 82 80 11 50 19 15 79 100 44 25 3 88 1 
100 5 14 1 92 31 97 77 58 79 86 35 61 89 44 38 6 52 7 60 54 8 71 47 34 22 43 65 41 96 32 51 70 94 99 67 50 11 98 80 18 13 40 49 76 59 36 24 33 4 83 15 9 82 25 27 57 45 91 39 64 29 56 12 75 23 72 46 63 88 87 17 73 78 69 84 68 48 95 55 3 19 28 74 66 21 26 53 85 37 81 2 62 16 90 93 30 10 42 20 100 
100 69 83 64 82 100 86 95 74 76 4 99 23 60 8 35 2 89 45 33 3 13 51 44 80 15 1 10 62 36 73 48 58 37 46 54 57 59 78 39 72 34 77 40 43 70 85 63 68 19 26 96 17 47 30 21 7 90 97 27 50 92 42 66 6 79 25 61 84 5 12 49 94 18 16 67 32 41 55 71 14 31 52 98 65 88 28 75 24 91 56 11 29 87 20 9 22 93 38 81 53 
100 28 74 76 83 93 44 14 72 29 69 75 92 56 35 16 59 94 84 90 4 26 1 87 40 6 32 96 58 53 97 42 88 100 85 77 47 70 46 7 10 61 21 37 30 98 65 86 67 63 89 73 2 81 8 48 22 18 64 62 41 95 45 80 66 38 9 43 33 55 12 60 23 24 19 13 39 52 5 34 15 82 78 71 50 36 91 99 11 3 51 20 49 27 17 25 68 79 57 54 31 
100 76 59 66 100 58 8 30 4 71 10 81 45 33 18 57 86 98 52 11 5 72 34 68 85 77 16 27 17 22 91 32 47 60 63 95 12 1 14 7 9 73 51 41 29 23 21 36 74 79 94 19 90 75 82 49 65 62 56 50 37 20 48 38 24 42 69 80 25 99 96 83 13 54 93 61 31 97 2 53 6 87 46 89 43 40 3 15 55 64 44 35 39 67 70 78 92 28 26 84 88 
100 50 83 17 23 78 82 56 94 41 80 95 57 74 2 19 68 22 35 31 70 42 63 34 100 84 75 87 25 33 99 76 71 16 7 96 72 13 59 12 14 49 21 11 38 15 93 39 85 48 62 97 65 27 5 86 79 40 91 47 64 51 67 98 81 4 73 36 26 45 3 88 8 52 54 89 37 66 46 24 58 90 9 53 69 92 1 61 20 29 32 30 43 6 10 55 44 18 28 77 60 
100 4 27 66 77 15 28 16 17 88 76 21 35 1 57 74 25 36 86 37 67 95 73 26 55 39 98 45 87 18 5 19 100 20 52 58 43 33 29 9 75 44 41 72 23 82 94 96 34 14 61 48 62 59 11 32 53 10 2 42 90 31 47 69 30 80 38 93 46 8 51 83 91 79 65 97 7 56 81 70 64 71 92 6 54 63 22 85 78 40 60 99 3 50 13 68 24 49 89 12 84 
100 53 99 31 83 75 62 17 38 26 70 95 64 8 30 54 92 59 96 10 77 22 79 82 67 19 3 13 52 73 28 29 51 44 47 7 27 94 20 49 56 80 48 11 66 69 2 89 84 23 15 43 34 9 91 4 5 72 55 71 76 24 45 60 61 97 57 74 90 100 18 88 1 39 50 81 36 58 93 65 98 35 41 6 40 16 86 85 21 25 32 33 78 68 14 42 63 12 46 37 87 
100 13 82 6 67 12 70 61 95 65 31 91 36 21 74 51 66 56 92 3 81 76 9 86 94 72 64 84 4 54 1 90 57 7 98 75 71 5 39 27 30 44 99 24 37 85 62 68 19 89 48 23 14 11 58 18 28 93 96 59 60 52 22 63 47 46 78 38 69 16 53 25 50 73 34 80 32 100 20 43 17 79 97 77 29 42 87 26 41 35 15 88 83 55 49 33 2 10 8 45 40 
100 60 54 24 36 32 91 81 94 66 21 11 8 71 97 75 14 90 56 17 53 79 87 67 42 61 7 45 5 16 69 31 58 64 84 34 76 12 51 15 100 80 83 92 89 33 82 73 65 10 19 86 22 99 27 78 38 44 39 55 72 96 98 40 2 57 85 9 4 30 93 70 25 59 13 20 29 1 26 47 6 43 77 49 52 62 63 88 68 74 50 41 37 48 3 95 35 23 28 18 46 
100 14 89 13 8 54 68 21 91 4 27 76 9 79 17 57 51 61 85 64 84 94 59 98 2 45 34 28 33 46 97 42 58 12 15 50 66 16 83 36 6 3 23 43 96 31 20 11 30 44 48 35 92 78 25 71 40 99 60 87 95 10 77 19 88 55 7 39 100 74 82 63 70 67 38 53 18 52 86 56 62 93 73 22 81 69 32 75 37 80 24 1 90 26 49 72 29 41 47 5 65 
100 40 80 57 71 86 68 1 78 16 30 23 84 10 50 60 14 91 38 58 64 92 52 35 62 61 3 85 67 70 51 88 28 53 29 8 15 11 72 69 34 20 31 82 43 100 55 33 77 76 59 95 99 87 65 19 63 22 98 46 7 32 66 41 5 9 97 2 44 21 90 49 45 48 75 6 56 81 36 47 83 73 89 79 18 26 25 12 13 94 93 96 74 39 4 54 17 42 24 27 37 
100 99 37 7 54 39 94 41 84 55 70 77 3 52 42 89 14 59 65 34 64 95 43 24 57 19 68 62 10 69 58 48 40 74 8 32 96 20 13 23 22 56 53 61 98 27 72 75 35 47 12 83 97 63 46 81 26 78 80 93 67 85 50 9 18 31 73 38 66 76 28 51 17 11 25 29 15 45 21 5 100 2 36 86 16 1 49 90 88 44 60 6 33 4 92 30 82 71 87 91 79 
100 42 44 11 27 50 28 49 40 16 60 90 3 93 97 89 2 57 82 8 35 71 52 30 46 19 21 22 20 98 32 63 64 4 74 39 87 34 23 48 10 33 29 55 14 5 41 84 67 92 18 51 72 56 47 24 36 73 76 53 26 88 78 37 59 15 61 96 94 81 58 86 65 43 9 31 66 1 68 70 69 62 79 75 99 17 77 100 25 95 54 12 83 91 80 85 38 45 6 7 13 
100 85 77 13 98 14 23 96 12 64 72 65 61 5 68 45 59 47 26 87 33 86 74 89 39 48 29 17 37 52 2 6 24 34 16 19 43 15 94 25 49 81 99 83 30 66 31 84 55 60 80 53 51 79 50 11 22 56 95 35 28 38 1 73 18 4 92 9 40 46 82 8 32 62 42 44 69 20 36 57 54 91 7 41 58 75 71 90 93 97 27 76 70 78 10 100 88 21 67 63 3 
100 29 20 62 58 94 89 13 22 65 42 70 33 47 30 93 5 60 90 41 96 75 11 51 81 85 97 7 86 43 24 98 15 54 49 12 1 35 68 28 55 66 10 74 95 69 78 18 32 83 59 88 16 48 36 76 77 82 99 14 44 39 21 71 52 2 3 45 17 80 40 26 27 46 8 79 56 73 34 37 100 6 87 57 9 23 61 25 4 64 92 91 67 63 72 31 50 84 53 38 19 
100 17 52 38 19 30 15 57 35 67 8 98 23 65 10 56 97 12 53 5 21 3 94 44 64 36 39 73 11 58 7 95 89 99 50 18 71 69 42 22 14 83 87 72 78 88 68 16 25 31 85 20 33 54 66 74 43 4 32 40 49 47 92 79 55 41 70 90 2 76 75 96 27 80 93 45 51 60 62 24 37 59 48 26 34 61 81 63 84 100 82 86 9 28 13 1 77 6 46 91 29 
100 24 70 4 72 38 47 82 44 64 1 91 97 9 49 59 94 52 77 88 90 7 58 43 53 76 5 29 22 69 65 71 25 28 16 45 41 10 48 37 21 55 20 86 13 80 33 63 19 36 42 15 2 26 75 54 18 50 93 66 8 79 34 89 60 51 98 32 35 31 68 46 73 99 67 57 95 78 62 30 27 11 6 92 96 17 85 61 39 12 83 81 3 23 100 87 14 84 56 74 40 
100 73 42 43 30 59 87 4 98 51 46 9 14 95 33 83 63 2 90 60 29 99 8 17 79 82 47 19 75 37 97 71 5 76 21 23 3 22 69 56 53 100 48 78 54 70 38 10 81 6 35 89 7 24 57 36 32 61 49 41 94 13 74 64 80 55 93 44 67 62 52 25 91 72 40 50 66 26 65 20 18 85 68 12 39 58 15 28 34 92 84 88 16 27 86 11 96 31 77 45 1 
100 94 63 71 53 70 74 8 37 36 34 33 80 2 29 77 28 3 54 93 95 9 35 13 68 45 58 99 98 69 21 39 44 4 49 92 16 26 11 12 25 83 41 52 20 23 47 76 96 87 88 85 32 15 19 67 75 61 48 78 38 51 31 84 72 91 62 7 22 59 18 55 6 40 90 100 89 81 1 27 97 79 56 66 14 73 86 10 43 82 50 30 57 17 64 5 42 60 46 24 65 
100 64 16 89 79 29 6 44 15 40 32 33 97 26 53 28 67 1 7 10 20 2 98 63 17 43 69 93 73 59 13 37 54 72 8 74 68 55 25 30 27 5 35 87 41 39 21 57 83 14 99 49 88 65 23 71 82 51 46 9 95 77 94 42 3 18 38 84 19 58 92 66 12 90 47 76 4 81 78 85 24 31 91 75 52 36 80 50 61 100 62 60 45 70 56 22 96 86 48 11 34 
100 35 64 66 86 84 58 73 27 25 59 32 36 30 23 21 1 74 4 49 77 87 79 99 38 68 40 45 67 19 26 44 31 15 2 6 29 93 90 71 89 95 51 69 70 94 47 98 63 57 5 20 3 17 48 11 85 92 10 88 41 8 18 72 82 78 7 12 81 97 50 65 75 33 37 22 43 83 54 56 80 24 34 55 60 62 52 13 9 53 91 39 16 46 14 61 42 96 28 100 76 
100 52 44 74 34 8 33 20 7 29 39 67 40 63 25 51 49 89 41 66 75 22 21 23 27 95 91 14 83 65 92 54 53 47 97 1 84 18 80 4 100 68 17 64 82 98 93 78 76 5 12 16 45 86 11 10 71 59 46 43 15 35 96 28 36 50 73 55 58 99 61 62 38 32 57 81 31 42 3 48 72 88 87 85 79 2 13 37 26 94 56 9 30 19 77 24 70 90 69 60 6 
100 91 57 15 5 3 79 64 55 13 80 48 42 19 4 46 89 8 29 17 39 78 20 27 28 81 92 88 45 37 41 50 12 49 100 2 97 74 30 23 10 75 14 86 18 51 22 82 68 95 73 32 83 77 85 58 16 33 35 71 43 65 90 54 31 69 1 59 47 63 6 34 38 44 60 21 53 40 9 94 67 70 61 25 93 99 56 84 98 87 76 26 72 24 52 7 66 11 96 36 62 
100 91 76 37 61 34 99 42 77 93 3 84 31 56 64 79 51 11 55 47 57 88 27 50 86 35 8 2 29 1 52 74 44 25 82 12 46 80 17 96 43 41 6 72 54 73 19 63 78 5 89 98 70 66 26 59 16 4 97 13 60 28 85 18 90 94 71 22 40 20 81 65 92 69 33 53 7 68 87 32 48 100 24 39 58 21 49 14 15 10 23 62 67 30 95 36 38 45 9 83 75 
100 75 67 73 95 63 97 84 52 14 87 100 10 6 17 25 33 24 72 13 18 41 40 28 59 88 37 86 21 31 51 34 60 23 89 65 1 7 83 81 69 32 77 57 68 90 35 54 4 30 20 29 85 66 92 71 26 53 38 74 27 50 98 8 96 2 99 49 11 55 43 22 70 80 62 5 16 47 93 58 76 12 61 82 56 48 79 3 78 42 46 45 39 44 91 9 64 94 19 36 15 
100 92 27 12 78 66 58 73 91 30 47 36 63 69 29 62 79 64 97 4 41 44 48 67 43 11 84 15 26 13 34 23 24 38 28 33 51 22 60 3 55 61 5 54 86 94 57 53 18 49 68 82 14 50 81 72 95 70 21 76 59 100 40 42 9 17 65 1 32 35 99 25 20 10 39 85 90 88 96 77 31 98 74 37 52 71 83 16 93 8 6 2 45 80 89 75 56 87 7 46 19 
100 53 5 56 96 3 39 35 95 4 1 78 20 70 93 62 44 54 60 83 7 19 81 6 32 49 48 38 52 85 2 31 66 73 94 29 16 17 26 30 58 21 59 12 36 92 15 55 18 9 23 11 61 34 67 40 79 87 68 99 22 51 46 8 65 72 28 10 47 25 63 75 24 57 84 14 100 69 77 50 80 27 42 33 13 82 91 71 88 41 90 45 98 76 89 64 86 74 97 37 43 
100 99 73 53 90 76 19 68 100 69 27 96 59 60 57 18 49 44 67 15 20 94 70 87 11 45 29 40 43 22 23 46 2 32 98 35 89 61 78 8 17 39 54 5 95 48 36 6 62 65 55 34 50 82 31 12 77 16 84 83 91 80 92 38 24 30 41 75 71 86 66 97 79 25 64 10 56 26 3 51 88 93 33 47 42 74 9 28 4 21 63 72 13 14 37 81 52 58 1 85 7 
100 13 51 89 79 84 35 32 93 43 12 72 24 90 60 99 38 6 69 81 61 76 29 67 58 8 45 80 22 16 100 91 30 18 97 31 27 92 94 36 4 75 57 95 54 1 50 71 21 73 33 46 68 47 66 70 20 96 11 49 88 15 26 17 78 10 9 48 77 83 74 56 37 62 98 7 34 2 64 14 19 42 86 87 85 63 39 23 44 55 52 59 5 25 65 28 3 41 40 53 82 
100 48 64 86 57 90 23 68 10 44 69 17 76 19 99 36 14 32 40 3 27 37 63 81 21 79 50 84 4 28 5 93 16 73 78 92 54 25 38 11 82 98 80 77 59 20 75 85 83 29 42 43 71 12 97 87 94 66 7 15 95 49 100 60 72 24 18 46 30 41 33 13 89 91 47 51 53 70 56 34 55 96 61 88 62 8 6 58 35 45 65 39 2 52 31 1 74 9 26 67 22 
100 57 23 64 7 20 50 3 76 53 33 31 1 62 77 41 97 18 24 96 93 26 22 58 73 44 4 28 69 39 15 42 100 89 21 51 88 90 61 54 17 6 29 43 59 56 94 30 16 38 2 11 87 55 34 46 14 86 47 74 81 78 92 10 5 19 40 27 98 99 83 67 49 9 35 91 84 71 72 95 82 80 8 13 32 60 25 63 12 52 36 65 45 48 85 79 66 70 68 37 75 
100 61 91 49 74 65 93 76 20 98 90 23 39 3 21 19 9 46 85 7 37 33 75 70 29 27 89 14 48 6 92 83 77 88 72 4 82 44 80 57 11 10 58 45 55 40 32 56 100 99 52 47 24 26 22 79 95 78 13 66 67 42 38 59 86 62 2 64 17 28 53 71 94 73 12 69 8 18 16 31 81 34 43 35 97 41 54 63 96 36 5 60 50 1 30 68 25 84 87 15 51 
100 100 33 39 47 1 20 50 58 35 15 61 99 66 23 32 56 88 51 26 16 21 54 49 82 30 46 77 5 45 4 92 94 70 43 76 85 8 11 59 79 44 60 13 22 71 18 17 75 28 37 27 12 6 53 65 87 74 14 7 90 62 78 38 40 68 69 9 10 57 34 24 89 80 3 73 31 25 55 42 67 84 83 64 81 98 36 93 19 52 72 48 97 41 96 29 63 2 86 91 95 
100 18 90 75 73 39 53 6 47 30 23 72 25 1 85 13 91 98 5 9 61 66 93 3 32 52 60 97 20 15 77 27 8 100 86 68 80 64 2 10 99 79 38 58 88 14 44 62 67 19 76 29 55 51 12 74 33 35 36 70 26 28 50 41 34 78 84 92 89 31 21 94 87 46 96 57 54 24 45 42 56 17 7 48 59 49 43 65 16 63 69 71 40 83 82 81 4 22 37 11 95 
100 9 38 81 31 4 72 69 96 54 74 76 95 45 40 73 77 48 2 80 64 99 35 86 25 14 11 16 46 97 23 91 94 18 5 100 83 44 27 79 6 82 20 93 57 56 53 8 78 49 90 32 15 62 24 29 22 36 39 98 63 3 19 88 30 7 65 71 68 66 21 1 85 42 34 52 58 59 47 13 41 17 10 43 37 28 33 26 87 51 67 50 75 92 55 60 70 61 84 89 12 
100 25 83 24 11 71 49 94 67 54 45 33 15 3 28 18 75 62 66 72 20 31 23 99 84 17 53 27 50 63 85 80 95 47 73 52 88 57 26 38 98 55 96 89 86 92 70 64 4 16 93 61 82 21 34 100 90 19 30 77 13 65 76 68 58 56 35 32 46 6 36 51 87 37 43 74 7 12 39 48 69 97 1 79 40 78 60 44 42 91 22 9 2 59 14 41 10 5 29 8 81 
100 66 84 73 29 72 60 22 16 43 86 93 45 68 100 17 37 71 27 4 59 69 64 67 7 40 50 97 31 26 77 99 6 30 35 47 15 98 75 36 78 92 88 51 48 90 65 54 13 19 91 38 85 87 28 25 11 56 23 34 21 32 18 63 44 5 24 74 96 95 10 52 49 62 3 61 94 20 14 57 70 2 33 41 58 9 42 76 1 12 55 81 82 79 80 53 89 39 83 46 8 
100 51 67 54 48 76 29 49 98 37 68 24 42 86 65 21 25 20 92 99 15 27 100 93 88 58 85 91 23 28 11 64 1 18 75 35 56 3 78 44 5 83 72 89 41 74 69 6 62 40 84 55 87 10 90 47 32 80 97 96 71 81 19 17 34 31 16 2 95 66 52 82 60 22 61 26 53 59 39 12 63 8 79 70 45 57 4 30 33 94 9 43 36 13 77 14 46 73 38 7 50 
100 66 27 24 2 45 83 30 71 19 48 54 49 9 82 78 56 98 87 77 69 32 41 26 15 76 67 51 97 73 79 85 20 59 81 60 1 31 65 40 88 42 23 16 12 100 93 6 37 75 62 63 96 17 14 99 18 91 89 68 47 4 25 28 52 53 64 74 43 80 95 36 57 5 55 7 34 13 70 11 72 44 61 94 46 50 35 92 10 33 39 22 86 29 8 84 21 3 38 58 90 
100 45 10 25 77 76 16 33 89 48 12 24 21 85 40 88 59 53 27 15 70 50 37 30 71 1 92 86 94 54 20 87 97 60 74 6 29 41 32 7 11 83 73 39 14 5 61 58 8 81 17 31 23 36 72 96 3 43 38 19 82 28 75 78 65 47 13 44 68 62 51 9 56 63 99 79 100 80 55 64 42 93 26 90 35 52 4 84 91 95 22 57 69 46 18 2 49 34 66 67 98 
100 81 87 1 14 72 30 95 38 84 88 2 65 23 47 85 64 8 73 11 71 20 21 26 68 3 31 86 49 43 54 92 48 53 61 15 16 29 12 25 6 51 60 80 13 78 82 34 18 37 67 39 57 24 90 41 97 70 59 66 35 76 40 32 58 77 22 17 44 56 19 46 33 93 45 74 5 36 27 10 7 42 62 83 79 75 99 4 69 96 52 94 55 50 89 28 9 91 100 63 98 
100 39 68 16 84 64 86 98 67 26 91 22 13 50 78 87 2 47 28 100 63 36 4 1 25 27 9 34 32 57 95 46 30 5 12 42 51 3 41 81 24 48 85 69 43 6 8 94 60 56 82 73 38 70 49 55 58 20 29 75 66 88 96 18 17 14 21 37 54 83 19 74 7 59 89 90 52 71 76 80 40 97 93 33 72 35 65 77 61 92 15 31 23 99 79 10 45 53 44 11 62 
100 19 83 39 1 17 69 10 22 13 12 70 84 23 52 90 45 27 67 28 31 59 62 48 38 81 24 57 100 96 88 16 6 99 68 54 7 49 91 64 63 9 41 93 15 3 25 61 51 66 35 89 55 50 94 71 97 92 42 87 14 32 11 2 56 8 82 46 77 72 86 33 30 53 34 37 44 5 75 65 40 73 85 95 36 43 80 58 47 98 21 60 20 78 26 79 76 4 74 18 29 
100 3 28 98 6 89 35 38 59 7 76 39 14 79 8 44 24 5 81 52 93 56 90 17 51 100 57 50 80 66 22 12 40 72 27 64 42 85 96 63 61 84 16 60 10 77 18 43 75 54 36 46 4 94 95 48 71 33 78 92 82 49 19 21 2 70 9 53 41 45 15 20 91 67 47 13 31 29 74 65 23 69 37 34 73 99 87 30 86 1 62 97 58 68 83 26 25 32 11 55 88 
100 44 13 43 33 47 69 64 96 84 93 86 37 18 24 98 63 10 6 21 85 3 5 8 27 76 2 7 20 40 91 52 30 88 70 36 80 34 99 48 97 35 66 26 62 82 38 89 51 17 83 14 56 57 95 68 61 71 72 39 41 50 54 42 28 45 16 81 15 12 58 19 75 53 9 79 23 25 55 31 92 100 32 22 49 67 77 59 46 73 78 60 90 65 94 29 4 74 1 87 11 
100 83 96 71 17 89 31 32 88 77 16 1 35 14 59 38 50 37 47 26 12 48 10 2 55 74 62 94 25 30 33 65 85 81 98 72 28 44 93 15 97 75 40 45 13 8 11 46 24 63 57 84 64 39 22 56 52 78 76 27 70 21 86 41 3 92 7 53 6 80 67 18 51 4 95 100 34 91 23 58 29 49 20 43 69 90 60 54 68 42 82 36 79 87 99 19 66 5 61 73 9 
100 22 85 74 89 48 91 27 3 90 98 94 57 66 67 29 14 1 4 50 15 45 20 61 32 73 10 53 71 95 58 2 38 5 63 65 16 59 8 60 93 47 77 86 56 19 62 18 70 44 33 37 39 36 69 40 92 100 87 6 23 55 88 25 17 97 49 64 12 83 30 52 72 75 54 84 80 31 42 35 76 82 99 78 81 41 13 11 46 96 7 28 79 68 43 34 51 21 9 26 24 
100 52 83 94 15 63 48 40 22 45 4 38 87 8 66 56 35 92 3 86 70 7 24 37 43 61 26 41 36 74 28 25 53 89 34 46 29 95 69 2 93 65 54 23 80 90 91 5 84 99 100 19 31 76 11 12 68 71 82 13 27 30 77 50 81 9 75 96 51 42 85 58 64 21 59 49 62 18 10 33 16 55 67 79 39 98 72 88 20 97 17 47 14 44 78 60 6 57 32 73 1 
100 38 81 25 68 60 89 79 80 84 66 37 61 92 83 72 99 6 41 93 88 85 13 91 23 42 69 44 16 51 45 58 71 73 67 57 11 3 82 5 10 63 15 98 97 74 26 64 94 18 53 27 54 40 14 46 87 39 78 28 1 50 62 90 95 49 86 55 17 7 12 29 36 34 75 43 30 22 96 56 33 24 77 76 65 9 4 52 31 19 32 47 35 59 21 20 100 70 8 2 48 
100 43 66 39 83 51 91 96 59 62 19 3 22 52 67 41 92 70 55 2 14 95 13 30 29 34 11 24 88 31 72 90 46 5 99 4 47 89 16 20 44 57 73 50 17 75 81 12 79 54 53 97 93 87 85 77 80 1 15 32 23 7 63 68 48 65 78 56 9 25 64 49 40 100 84 82 86 76 35 8 94 33 27 74 37 10 26 60 69 58 28 61 18 71 6 36 42 98 21 45 38 
100 35 90 33 7 66 37 40 41 17 27 55 18 48 45 49 88 87 72 29 54 36 26 30 71 51 46 81 57 53 96 67 5 22 24 95 47 13 80 82 38 52 69 89 8 68 34 39 19 42 50 3 12 2 6 44 99 11 76 77 100 58 98 15 56 16 21 31 70 61 4 83 84 32 91 74 14 63 93 65 9 94 75 28 10 92 79 97 64 86 73 43 62 23 85 1 20 78 60 25 59 
100 12 56 76 70 21 87 98 54 4 81 52 46 68 64 34 61 33 17 51 37 45 22 18 59 67 53 74 8 14 48 32 25 73 10 86 15 100 36 77 11 20 40 6 3 65 69 62 72 93 43 1 75 90 50 44 16 63 71 23 41 95 39 94 7 28 55 82 85 5 91 24 88 2 38 30 79 57 9 89 60 99 26 96 97 78 13 83 80 84 29 92 27 31 19 49 58 47 35 66 42 
100 56 67 75 38 15 23 32 60 100 85 94 55 50 73 19 62 45 8 95 40 59 99 30 26 44 90 93 53 13 46 81 43 9 58 25 12 79 66 41 72 42 86 14 3 48 1 51 70 84 7 77 22 74 36 57 64 34 18 2 4 71 88 82 78 28 29 47 89 96 49 69 16 54 6 17 24 39 37 63 27 20 91 21 65 83 80 31 97 68 52 35 92 5 98 87 76 11 61 10 33 
100 66 43 81 35 30 36 50 7 74 54 23 25 82 1 99 48 5 60 20 94 15 56 44 39 42 64 69 75 22 17 77 65 73 63 80 4 91 52 40 53 55 24 46 47 78 12 84 33 59 6 67 93 49 19 58 13 72 41 62 28 89 16 97 83 27 86 98 51 68 32 31 100 9 8 85 14 29 71 70 76 37 90 95 18 2 45 26 38 57 61 34 3 87 92 96 11 79 21 88 10 
100 54 56 81 79 10 53 97 55 86 83 98 42 66 12 43 68 16 5 38 45 20 7 75 3 47 87 31 50 37 2 35 24 84 34 65 9 63 99 92 28 32 64 48 90 4 95 78 36 44 61 74 15 13 29 100 88 58 73 62 26 76 19 21 46 11 40 85 96 60 6 23 27 49 22 1 70 67 71 91 39 57 59 18 80 94 72 30 93 77 52 51 17 25 33 89 82 69 41 8 14 
100 42 13 91 89 98 38 21 6 77 83 87 66 82 43 15 27 10 32 93 86 2 58 36 74 17 54 92 99 69 23 41 3 90 46 14 7 55 53 97 75 11 72 88 70 60 80 63 94 68 34 73 31 59 16 5 4 26 52 76 40 67 64 100 35 48 24 79 19 12 62 47 18 44 25 29 96 71 45 56 37 1 9 81 57 33 85 28 78 84 20 30 22 65 39 50 51 8 49 95 61 
100 37 91 42 20 81 49 45 30 76 77 43 53 8 58 54 73 61 27 89 66 75 44 13 88 74 71 62 94 5 28 35 86 80 16 32 19 47 85 65 18 6 64 25 98 78 55 79 70 15 99 38 84 9 39 83 17 90 10 23 34 1 51 59 67 14 40 97 21 72 48 2 100 57 87 82 22 60 26 7 31 41 33 24 50 3 68 96 56 29 92 69 63 52 46 4 11 95 93 12 36 
100 60 85 57 35 94 1 61 50 99 93 82 11 83 34 19 59 24 68 47 30 98 42 25 10 58 32 76 20 9 90 21 8 81 84 18 43 69 79 56 39 27 13 12 6 48 75 3 44 22 40 14 74 77 71 53 86 64 28 89 72 92 63 97 78 80 17 4 67 91 66 51 16 65 46 45 23 96 54 5 37 62 31 73 55 29 15 100 95 41 49 88 2 36 7 26 52 33 87 38 70 
100 9 23 26 96 94 12 61 42 40 47 91 21 73 65 92 88 84 29 36 56 86 59 100 25 95 58 14 48 49 17 64 20 11 5 18 13 10 46 97 63 30 70 34 52 71 28 89 45 67 80 81 55 51 6 2 87 41 3 90 44 54 43 72 57 38 1 37 93 78 33 15 98 31 24 27 82 50 62 35 66 69 68 76 16 8 83 77 7 4 39 22 60 79 74 19 53 75 99 85 32 
100 13 80 22 85 93 89 28 81 43 38 91 31 8 12 72 34 36 55 40 29 61 82 45 73 6 52 54 18 42 67 58 50 70 60 94 99 4 92 37 47 9 17 46 83 79 5 14 32 33 71 86 51 77 65 39 48 76 75 78 98 26 23 11 57 100 97 21 24 56 68 3 15 16 7 66 30 49 62 59 90 64 63 10 84 96 2 1 19 95 20 25 27 88 44 69 35 41 74 53 87 
100 46 74 71 21 31 4 12 91 93 13 75 10 34 56 45 68 83 60 39 28 17 38 5 29 70 94 72 95 2 44 7 100 16 58 96 85 55 98 20 79 11 26 19 50 69 64 90 36 54 84 80 24 8 37 88 25 1 49 23 41 6 86 81 77 52 32 47 89 43 27 76 35 73 82 67 40 63 62 48 18 92 61 57 3 87 9 97 30 42 53 15 51 99 66 22 78 65 14 59 33 
100 24 89 95 76 27 82 73 11 79 65 26 96 91 54 86 85 100 47 16 28 15 25 45 2 36 62 71 51 22 68 44 5 88 48 14 97 49 83 40 80 63 56 3 18 99 6 59 43 57 50 33 46 37 38 67 81 90 23 74 39 78 69 53 20 17 58 64 60 93 21 55 42 1 66 32 4 94 30 34 87 13 8 84 9 12 70 19 92 52 61 98 75 72 10 35 29 7 41 77 31 
100 43 19 12 59 93 53 2 11 82 44 83 88 81 25 41 71 49 69 37 33 70 48 50 95 74 77 22 31 90 29 61 57 30 55 62 23 4 100 99 96 24 9 76 98 20 13 5 54 1 10 60 73 86 35 87 32 52 17 66 56 89 72 39 68 51 85 16 79 15 91 8 42 67 84 27 47 63 64 92 7 45 26 46 78 65 75 21 3 94 38 14 28 6 34 80 58 18 97 36 40 
100 74 30 100 19 66 48 42 11 40 6 70 76 9 34 56 1 46 15 25 23 91 64 35 50 63 93 84 69 2 12 59 33 61 82 31 8 5 62 98 71 54 55 27 99 16 28 89 32 13 77 38 72 79 97 92 57 18 4 36 75 83 85 94 78 65 21 81 41 3 86 53 44 10 49 88 7 22 95 24 17 43 26 90 67 60 52 51 73 20 80 87 37 39 58 47 14 45 29 68 96 
100 10 77 45 99 36 5 25 19 87 71 96 28 40 85 43 90 4 17 27 94 92 14 26 67 70 12 55 84 93 9 3 42 78 44 2 63 32 35 100 50 61 37 83 88 80 16 89 39 30 64 48 11 75 97 49 66 95 1 52 79 29 74 38 53 41 7 23 54 31 6 58 18 20 68 33 81 60 57 86 82 34 65 91 73 13 46 59 22 8 62 24 72 15 47 69 98 51 21 76 56 
100 58 33 66 96 80 59 44 47 21 97 49 4 73 37 81 61 74 42 16 5 89 32 23 39 84 27 6 87 93 31 83 91 45 94 25 90 75 88 8 86 34 67 38 19 15 64 10 48 35 77 52 68 9 92 24 1 53 13 98 95 56 46 62 72 82 100 57 11 2 20 99 51 12 43 69 41 17 36 7 30 60 79 65 54 29 14 85 18 71 76 26 55 78 22 3 70 40 28 50 63 
100 26 40 92 47 16 6 63 2 19 23 52 1 29 7 62 89 25 9 58 81 61 31 87 72 93 73 54 33 15 97 94 56 90 75 57 35 59 20 71 48 98 66 17 78 11 83 80 12 44 18 5 51 70 53 79 30 8 21 46 27 45 82 64 41 100 3 60 37 95 65 76 69 88 55 39 13 22 10 77 43 74 50 67 86 85 32 24 99 49 91 96 84 28 14 38 34 36 68 42 4 
100 18 33 56 58 57 31 25 27 96 87 46 8 44 88 4 38 78 82 40 93 12 65 2 80 3 66 48 61 34 29 13 20 86 62 68 37 9 17 32 83 100 42 91 11 75 24 23 54 70 43 36 14 85 63 19 30 22 41 84 89 76 95 45 52 39 50 98 5 1 97 53 6 10 47 21 81 51 92 35 69 15 74 28 79 72 99 73 67 60 7 77 55 26 16 71 59 49 90 94 64 
100 84 22 45 63 44 96 29 28 52 5 72 94 1 27 85 95 55 21 93 13 38 78 71 73 58 79 15 12 17 39 74 34 32 54 49 76 90 75 30 62 92 43 20 26 98 33 23 6 25 99 56 31 24 81 64 35 14 2 47 41 87 57 68 91 69 77 46 80 40 37 50 70 9 11 60 82 4 19 88 89 51 18 59 10 53 48 36 42 67 66 86 83 65 100 16 3 7 8 97 61 
100 9 4 47 27 5 2 40 96 32 56 31 90 46 61 15 64 13 50 52 65 6 75 88 59 86 19 70 29 10 85 20 69 7 3 60 84 17 37 83 36 39 34 99 21 18 82 41 14 11 87 25 22 16 53 100 76 98 35 67 94 33 58 78 63 91 92 68 38 51 30 45 73 74 26 80 81 95 72 62 44 57 24 28 42 79 66 97 12 1 55 49 43 48 8 93 77 89 23 54 71 
100 47 28 15 67 12 36 96 57 60 2 30 45 39 5 10 22 13 29 51 87 83 43 14 7 34 62 95 69 9 31 20 89 6 58 84 8 3 88 94 26 48 21 90 68 32 75 4 65 54 33 93 11 79 40 25 38 74 35 86 91 42 23 78 37 44 64 81 70 76 98 53 27 41 85 46 73 18 16 50 71 66 72 92 52 80 49 63 17 59 24 82 1 77 100 61 19 55 56 99 97 
100 92 47 86 11 19 45 72 23 13 87 39 7 82 54 2 42 78 3 57 25 69 99 93 26 83 74 8 1 65 95 76 97 29 66 27 32 5 22 80 61 71 12 31 94 75 35 4 88 59 68 17 36 89 85 58 81 48 51 53 6 67 24 9 52 77 79 49 50 63 14 84 20 41 10 30 16 70 33 28 73 91 100 40 55 18 15 60 34 96 62 56 38 43 98 64 46 90 37 44 21 
100 73 44 11 50 12 16 58 59 1 82 69 43 38 71 15 83 87 6 89 81 62 92 67 14 60 56 94 64 27 39 78 28 99 79 46 23 55 26 93 77 95 25 10 80 37 98 66 5 75 51 20 68 97 53 40 85 74 42 36 41 3 47 8 86 22 31 33 63 54 9 49 88 19 90 84 91 13 21 7 76 35 48 72 70 29 17 45 65 96 34 24 57 18 100 4 2 61 30 52 32 
100 59 19 38 99 43 45 95 27 57 33 61 37 36 77 15 4 65 68 22 41 9 55 7 63 80 93 67 1 39 62 52 85 31 100 18 6 98 54 86 35 50 82 53 25 69 88 34 46 64 60 75 83 92 76 89 66 91 16 71 2 44 49 70 87 5 32 78 97 24 3 29 23 81 73 42 56 84 28 96 79 21 13 72 8 12 48 20 74 10 17 58 51 26 30 94 14 40 90 47 11 
100 90 54 32 50 98 81 14 12 13 83 52 94 78 6 77 68 29 95 53 47 41 44 24 63 75 87 8 39 31 64 34 17 74 5 35 3 23 60 72 38 61 42 15 69 7 59 26 73 67 4 27 16 79 2 91 88 92 19 56 62 82 40 80 9 99 76 20 36 70 33 71 58 22 1 51 45 93 46 100 49 43 28 18 21 97 89 10 55 11 65 25 96 37 84 48 86 57 66 85 30 
100 61 54 74 81 95 39 32 58 9 15 87 38 100 78 98 91 13 94 48 60 31 77 7 69 19 21 28 33 8 44 79 22 45 34 17 92 88 37 66 80 47 72 84 43 26 25 41 63 14 59 97 85 50 89 27 40 82 53 36 57 4 93 24 65 86 20 35 71 62 51 90 3 2 42 75 96 67 83 76 30 5 56 23 64 18 55 49 70 6 1 68 11 10 12 16 73 99 46 52 29 
100 71 14 87 40 56 6 67 15 88 10 63 33 100 92 46 72 99 26 13 75 5 38 45 79 59 68 48 77 9 60 52 32 73 94 27 4 62 89 19 82 80 8 41 3 1 31 96 53 74 70 47 36 39 57 29 18 93 84 90 37 85 55 61 42 64 54 20 17 86 34 91 69 98 21 81 35 7 97 95 66 23 16 22 83 51 12 58 50 25 49 28 43 76 2 78 65 11 30 44 24 
100 40 23 28 29 96 78 63 26 80 51 74 91 85 32 33 16 48 6 98 53 82 88 60 58 70 38 44 76 68 73 13 22 57 37 45 7 97 83 36 21 8 39 54 84 71 99 66 42 5 4 34 52 61 72 67 30 47 31 77 9 93 3 89 64 55 1 27 100 92 12 15 24 49 95 25 14 46 17 18 20 90 62 79 87 81 94 75 43 10 56 11 2 41 50 19 65 86 59 69 35 
100 38 20 82 1 4 54 72 60 21 7 37 70 16 94 79 24 48 55 81 67 96 40 12 99 95 91 52 64 34 86 33 75 78 49 45 85 71 92 97 65 28 88 6 3 61 56 57 63 25 98 11 69 22 44 42 5 77 47 35 74 58 59 80 76 100 84 83 68 17 73 19 41 18 43 15 29 30 26 13 10 2 23 87 39 36 90 50 31 66 8 32 89 14 93 51 27 9 46 53 62 
100 15 94 98 24 67 14 53 58 1 29 37 38 5 43 73 32 6 7 46 74 31 52 57 8 66 76 23 9 83 22 70 92 50 44 47 19 27 71 55 30 26 13 59 79 54 39 45 18 28 84 2 56 16 88 62 81 69 11 100 20 97 96 42 3 78 82 17 60 90 40 12 35 25 89 77 93 63 87 68 91 34 51 95 64 48 99 21 4 86 61 80 41 72 65 36 85 10 75 49 33 
100 64 45 7 83 29 76 15 10 74 14 54 19 73 1 18 20 32 25 57 33 94 56 99 89 53 46 61 51 3 23 96 92 78 8 24 38 69 9 27 13 91 16 97 82 60 85 31 71 100 42 34 93 5 28 35 40 26 41 87 11 80 67 79 17 12 49 6 2 50 63 58 47 48 36 98 52 81 62 88 39 65 43 59 84 68 30 77 4 95 75 72 70 44 22 37 86 90 55 66 21 
100 84 82 3 74 61 21 42 27 80 85 10 6 32 11 89 75 48 36 97 55 9 78 56 7 91 28 39 46 49 96 35 54 70 31 41 64 40 14 50 52 25 73 99 63 60 24 59 45 87 2 1 68 71 4 100 93 5 26 69 79 34 67 94 17 72 13 20 43 15 37 86 90 33 92 53 12 29 23 65 22 51 62 58 19 30 18 83 47 44 76 95 38 8 98 16 77 88 81 57 66 
100 52 9 99 12 67 87 77 26 78 60 2 5 92 51 83 13 61 97 27 20 63 24 70 100 35 81 45 29 85 53 32 23 25 93 30 40 41 65 22 80 38 62 64 71 18 95 98 48 28 89 79 21 49 14 50 68 75 8 10 11 91 76 7 90 96 37 46 44 56 15 17 66 88 33 55 69 3 34 58 54 82 36 16 19 94 86 43 6 47 57 84 74 59 42 1 72 73 39 4 31 
100 98 92 31 80 56 22 75 72 71 73 19 20 46 85 50 95 13 17 74 6 23 25 42 89 79 44 68 61 18 30 82 53 67 99 21 7 29 59 33 45 34 86 38 94 64 36 90 91 41 63 54 48 76 49 55 51 26 66 37 100 60 57 84 8 4 9 69 5 10 14 78 65 43 77 1 40 81 47 27 24 28 32 62 2 12 93 35 70 87 15 83 96 16 39 11 97 58 88 3 52 
100 76 82 31 4 20 15 83 96 47 33 27 61 9 56 5 26 16 71 6 24 12 69 29 84 40 57 19 92 42 30 67 68 86 25 53 87 28 13 37 90 44 35 1 64 55 10 98 95 99 54 70 3 58 11 34 48 23 41 62 45 75 38 81 36 79 18 60 21 51 97 59 46 65 14 22 66 43 80 93 77 39 50 72 88 74 89 52 100 94 17 63 73 91 2 32 78 85 7 49 8 
100 15 55 69 88 35 50 17 12 26 42 19 16 80 91 96 34 59 64 51 25 81 47 49 7 85 23 66 46 61 40 74 62 95 77 87 84 33 57 97 73 20 28 36 18 27 9 5 13 30 63 79 32 92 6 82 4 37 67 100 78 68 29 41 83 54 39 98 8 44 14 75 3 1 45 65 72 70 52 90 99 38 76 31 21 94 11 10 24 48 22 86 89 53 60 58 43 93 71 2 56 
100 69 66 72 61 33 32 7 82 11 45 2 30 29 25 87 91 44 4 20 49 15 85 51 59 73 46 58 9 41 1 24 81 36 26 43 23 76 38 89 63 35 37 54 57 100 98 17 79 67 80 16 60 90 84 21 99 31 97 19 27 75 10 52 77 42 18 40 83 92 39 28 65 12 50 56 78 70 34 93 71 86 96 95 62 94 22 47 64 53 13 88 5 3 48 8 74 55 6 68 14 
100 86 46 84 88 31 22 99 83 32 50 89 58 8 59 66 94 33 5 90 92 77 93 10 85 97 78 53 25 82 36 15 18 54 29 49 11 27 7 74 56 71 13 73 67 12 14 61 69 79 41 81 1 26 70 51 28 38 60 76 52 62 35 48 9 72 39 55 64 30 87 37 47 96 24 91 2 4 80 44 20 57 6 98 40 100 19 68 45 3 42 21 43 95 16 63 34 65 23 75 17 
100 97 2 58 92 61 88 57 1 16 6 31 47 28 50 9 56 11 3 83 55 27 82 35 70 98 79 75 85 93 96 33 51 72 44 74 60 8 89 12 65 73 21 66 32 62 42 95 91 59 20 39 48 76 18 10 53 22 15 63 34 24 17 38 26 99 41 40 7 36 80 14 87 86 5 100 25 54 37 52 81 64 29 13 68 4 30 94 43 23 78 45 77 19 84 49 69 46 67 90 71 
100 36 74 10 96 86 4 80 68 99 73 5 12 43 79 48 93 88 94 87 67 33 100 60 22 28 92 64 19 59 69 70 31 27 89 95 3 20 97 38 17 72 81 24 77 50 84 8 44 55 78 7 39 52 63 21 51 46 56 14 23 26 85 75 9 42 41 37 71 62 30 25 29 6 15 2 16 90 53 83 76 32 49 57 98 65 47 45 35 13 61 18 11 91 58 54 82 40 34 1 66 
100 33 37 22 64 52 26 63 83 79 1 49 50 59 41 98 31 53 84 3 73 81 15 8 25 77 19 17 87 24 43 89 11 9 40 48 90 91 78 67 80 68 30 34 86 6 38 72 93 71 75 88 18 66 92 54 35 82 47 28 56 10 97 51 76 85 69 7 44 62 13 2 70 23 55 61 12 29 74 95 46 99 96 39 32 65 58 45 4 60 20 14 16 94 36 21 5 100 42 57 27 
100 61 6 37 30 66 72 78 95 89 12 40 19 10 54 29 32 53 96 26 75 92 25 99 2 70 22 87 83 81 7 47 11 68 17 28 51 48 15 24 86 58 8 63 44 94 65 59 13 85 46 16 31 64 50 33 88 60 49 55 18 77 74 43 52 97 5 39 3 80 100 27 79 14 21 35 93 84 4 90 9 71 67 45 41 38 91 62 1 57 34 76 42 36 73 69 82 20 98 23 56 
100 28 60 84 9 97 7 22 98 27 58 23 73 94 51 69 37 74 83 91 21 34 36 67 10 46 79 44 63 52 25 96 31 56 71 92 90 59 75 50 19 80 26 2 4 99 11 77 8 76 3 35 89 16 72 53 100 48 20 17 6 68 39 93 81 70 1 38 15 41 54 29 85 32 12 43 61 45 95 82 49 55 5 13 62 18 78 65 30 33 24 88 14 42 64 40 86 87 47 57 66 
100 99 89 69 9 24 19 74 40 70 51 12 43 13 4 42 62 44 58 52 59 36 11 75 85 65 55 18 56 80 46 60 5 63 16 38 61 96 72 21 47 94 30 98 26 25 10 67 68 95 93 79 78 73 14 57 45 90 34 29 2 97 91 23 100 7 64 22 66 48 83 35 27 82 53 39 3 8 87 92 20 41 86 77 15 84 81 88 1 76 33 37 54 28 32 71 49 31 17 6 50 
100 70 40 88 86 30 90 33 5 55 78 96 7 80 99 16 44 24 91 15 60 73 23 61 52 6 67 43 65 53 2 21 41 48 28 84 92 10 37 93 34 58 56 9 11 22 62 66 74 87 36 14 45 57 54 20 83 8 75 42 29 76 81 64 59 98 46 1 89 47 100 72 85 63 50 79 38 17 19 35 26 12 68 69 32 95 94 71 82 51 25 97 31 27 18 3 77 4 39 49 13 
100 46 41 70 4 48 52 60 59 2 20 93 77 73 74 90 25 65 86 94 68 87 100 21 97 56 78 29 61 83 88 45 31 51 79 64 13 49 81 1 75 33 26 67 91 98 44 19 37 84 99 96 5 72 89 39 42 30 76 8 85 16 12 38 17 50 40 54 3 36 9 11 53 35 55 22 15 28 47 82 69 7 57 62 95 24 18 80 43 66 92 14 27 34 63 6 58 32 71 23 10 
100 89 3 47 34 52 35 16 97 78 95 5 43 2 26 53 27 42 83 81 45 98 71 28 51 18 62 60 24 68 94 6 90 8 63 93 67 10 75 22 70 80 99 54 61 21 7 69 4 58 23 82 77 46 29 44 1 30 33 14 73 15 84 50 39 88 20 59 86 65 96 19 76 41 79 25 48 13 92 87 74 49 57 72 11 85 64 40 66 56 37 17 38 36 31 12 91 9 100 32 55 
100 25 87 85 58 51 1 96 71 39 30 77 53 70 16 13 52 90 82 35 27 14 80 26 7 28 12 23 98 56 54 22 41 49 76 50 57 36 47 95 37 15 91 38 93 72 88 18 67 29 60 8 99 55 66 63 24 43 92 78 21 20 5 45 33 75 3 32 34 73 42 94 9 68 64 17 100 81 59 61 11 4 2 79 19 83 69 89 74 97 84 10 46 6 62 86 48 31 40 44 65 
100 52 65 74 56 40 91 14 92 59 84 21 18 38 51 97 58 13 8 57 82 19 16 73 99 20 95 63 26 93 7 88 32 94 6 76 49 39 61 35 75 45 43 53 62 44 36 64 34 31 66 5 15 54 22 70 60 81 55 28 33 69 96 85 98 67 17 37 27 12 77 46 2 50 78 86 83 79 3 9 24 25 41 42 29 10 68 47 89 4 72 11 80 23 100 90 1 48 30 87 71 
100 17 73 58 71 39 31 21 47 14 29 62 5 1 83 98 86 30 36 46 56 63 40 64 94 6 28 49 32 11 70 43 12 76 66 72 77 59 2 78 80 33 57 7 84 51 35 69 4 26 13 20 75 82 61 97 38 34 99 22 23 90 81 88 100 44 96 25 3 95 87 16 48 9 67 65 89 52 37 91 18 24 19 79 53 45 27 15 68 54 10 8 92 93 50 85 41 60 42 74 55 
100 42 84 61 73 7 95 52 64 69 38 39 58 19 67 30 49 60 29 40 53 57 71 78 12 63 13 28 45 80 89 24 51 72 2 100 91 70 37 83 99 14 26 46 8 56 33 76 20 4 79 74 90 77 98 35 59 41 22 86 88 44 36 11 6 17 92 10 75 15 43 5 87 81 93 82 48 68 34 25 65 66 50 23 94 31 55 27 96 47 62 3 9 18 85 21 16 1 54 97 32 
100 32 51 13 17 43 82 39 78 11 53 67 16 23 87 60 85 3 14 34 37 88 71 57 35 31 63 49 38 83 20 80 55 95 7 76 5 12 79 18 61 28 73 26 45 56 27 50 75 47 99 69 10 33 46 1 70 98 24 100 74 15 54 65 8 59 19 22 52 48 90 92 91 2 89 40 93 42 4 72 6 84 29 64 36 86 77 62 21 58 9 25 44 94 81 30 97 96 66 68 41 
100 54 81 73 16 93 70 86 69 45 89 24 9 82 99 98 20 33 2 40 17 95 31 39 38 10 92 19 46 64 65 84 14 67 57 1 79 62 74 25 8 29 94 35 83 55 5 59 97 72 60 71 58 63 88 66 4 48 77 22 6 28 18 13 80 26 100 37 44 91 42 90 52 15 34 53 75 30 23 50 76 78 32 96 49 47 3 27 43 11 41 36 85 51 68 56 12 21 87 61 7 
100 12 67 24 94 84 66 77 80 62 95 4 10 47 20 7 14 25 16 23 98 22 9 30 37 58 42 88 35 50 72 33 70 39 6 61 15 54 48 44 3 17 96 81 73 71 29 60 91 8 5 68 51 31 87 38 74 41 57 43 32 13 49 19 11 28 56 36 75 45 18 40 65 26 69 1 89 83 90 79 59 78 82 27 99 100 52 53 34 76 85 46 97 86 64 55 93 2 92 21 63 
100 65 74 11 59 27 19 61 86 37 67 80 15 12 5 69 99 52 42 82 84 71 75 21 56 1 90 48 85 81 62 95 4 25 94 44 96 43 7 31 30 70 26 36 6 33 24 88 41 97 98 2 68 91 60 64 51 40 87 63 18 58 35 89 50 83 79 49 23 66 20 34 77 76 46 28 57 9 47 13 73 53 10 29 22 32 3 93 100 16 78 55 54 8 38 45 17 72 92 39 14 
100 35 76 72 45 70 42 73 82 30 92 41 38 39 47 12 53 67 31 15 48 85 49 57 21 79 95 36 20 17 18 37 10 29 26 58 40 87 90 51 2 27 59 75 1 80 14 94 13 69 28 56 100 60 93 64 11 91 33 66 54 88 74 25 4 44 52 83 3 61 63 7 99 89 71 96 5 8 55 43 9 97 81 32 86 84 77 19 50 34 65 68 24 16 23 78 46 62 98 22 6 
100 99 54 89 62 83 80 73 45 70 64 77 68 22 47 58 12 69 91 31 25 37 43 3 52 17 56 71 95 41 27 2 79 96 61 42 48 82 16 84 26 63 34 36 97 78 57 10 30 53 88 6 90 9 59 15 8 14 86 100 18 35 55 75 50 23 74 1 94 39 93 21 60 20 44 65 98 7 87 92 46 40 85 67 49 11 24 19 29 4 33 13 32 5 81 72 38 51 76 66 28 
100 19 26 73 7 16 94 54 12 36 65 47 2 15 24 76 77 86 34 74 91 52 66 71 40 21 5 53 55 100 79 96 93 22 64 13 29 44 62 60 30 95 58 10 43 46 37 18 38 48 70 85 82 98 61 45 84 56 69 50 25 1 81 87 20 92 8 42 97 49 39 3 80 33 72 90 28 32 41 78 35 57 9 83 6 67 51 31 68 14 59 63 11 27 75 23 17 99 4 88 89 
100 30 75 24 16 38 58 7 97 82 36 77 32 47 42 13 57 86 84 98 21 52 28 39 49 40 45 33 68 1 44 35 20 27 6 29 31 62 70 53 89 80 93 90 14 60 12 15 2 91 25 46 64 85 56 94 50 3 37 69 87 100 71 55 48 96 34 74 83 81 95 9 18 61 88 23 41 66 10 59 67 76 99 54 5 63 19 4 43 51 17 73 65 79 92 26 8 78 72 22 11 
100 69 56 25 2 15 19 58 22 90 5 99 63 85 30 97 36 38 49 32 51 89 60 86 73 83 77 3 8 45 94 72 65 11 4 54 20 80 33 31 40 88 47 27 17 12 28 96 59 13 95 34 7 43 87 62 42 23 16 79 39 66 78 35 9 74 48 29 21 24 46 67 53 18 100 82 92 14 91 55 70 6 93 75 81 41 57 76 1 84 98 37 64 52 44 71 10 68 26 61 50 
100 15 39 28 22 80 10 24 7 14 74 2 20 45 53 85 75 26 16 3 11 12 33 76 56 48 51 54 73 46 27 72 97 43 58 18 64 37 19 21 77 63 8 69 98 71 31 66 32 44 89 42 1 60 96 79 65 95 57 47 62 5 87 17 25 29 99 91 94 68 4 13 35 83 81 6 36 38 59 55 30 50 93 82 90 40 41 9 84 86 52 49 78 61 34 100 88 23 92 67 70 
100 3 21 77 9 27 72 1 23 67 49 87 31 66 19 82 96 68 88 22 79 10 94 78 30 46 60 41 51 44 56 63 64 13 50 84 39 91 90 74 76 97 26 34 17 85 16 98 99 71 36 53 69 80 32 28 24 83 40 54 45 5 29 43 14 61 48 89 81 33 75 12 95 59 20 52 25 93 47 18 4 70 65 86 42 100 35 38 6 15 2 7 58 57 37 73 8 11 55 62 92 
100 77 11 81 6 35 93 29 33 75 73 59 22 63 97 9 84 64 82 15 88 32 49 87 79 24 46 20 13 14 17 30 3 66 61 70 60 51 5 78 16 7 38 57 2 94 83 56 55 4 23 95 92 48 36 58 1 34 98 50 85 71 45 21 40 42 39 10 52 37 80 31 100 67 96 27 44 25 89 8 53 65 91 62 28 76 86 69 47 18 41 43 90 99 68 54 19 72 74 12 26 
100 88 63 50 100 54 18 65 27 26 35 10 3 11 20 79 56 82 43 48 70 45 32 4 25 87 80 74 94 91 69 44 46 83 21 22 9 85 55 39 59 13 2 64 67 53 5 19 14 76 68 78 30 8 99 47 34 86 81 52 40 29 58 84 51 7 1 31 72 61 89 60 12 73 33 24 95 16 62 23 93 77 57 92 49 66 17 28 98 15 38 75 96 41 71 36 37 42 97 6 90 
100 79 20 76 80 35 54 82 91 65 31 52 22 44 6 70 87 78 61 14 83 2 16 5 50 99 10 34 1 48 8 7 11 72 95 94 68 81 9 69 63 98 23 92 46 64 17 15 25 40 85 90 53 67 39 62 89 19 12 75 88 97 86 33 38 18 43 56 93 60 58 84 13 47 24 74 21 77 100 42 71 29 26 30 27 66 41 73 96 55 36 28 37 3 51 57 32 59 4 45 49 
100 1 21 40 7 31 77 51 85 80 25 49 5 63 15 61 11 90 38 99 48 75 50 52 79 28 20 19 82 13 60 4 70 69 97 22 73 43 44 81 27 65 47 71 64 23 58 87 24 29 93 98 57 53 92 86 45 94 32 78 34 17 72 91 95 100 2 62 59 83 8 16 55 14 37 88 76 89 36 74 84 12 6 3 96 41 26 67 68 66 18 10 46 56 54 35 39 9 33 30 42 
100 1 77 52 55 50 58 85 16 95 25 23 8 43 54 69 74 86 92 100 37 98 51 97 14 45 30 28 78 94 72 70 47 93 79 40 35 24 88 31 63 48 46 41 38 2 67 26 34 73 13 29 6 66 10 21 33 61 65 53 59 9 75 5 22 84 90 56 44 80 89 15 18 76 12 83 96 87 60 17 36 27 20 39 62 4 64 91 19 82 81 11 57 49 71 32 99 42 3 68 7 
100 36 59 26 28 62 17 69 88 83 66 25 11 86 73 16 64 58 48 8 81 4 35 95 50 12 71 38 87 51 94 72 5 27 53 21 47 60 34 75 44 61 82 13 7 70 79 3 57 2 96 14 90 55 33 92 68 74 20 76 67 80 41 15 100 97 32 19 40 98 23 10 24 42 30 65 6 37 63 84 46 39 91 99 29 9 43 1 52 85 49 78 89 56 77 93 22 18 45 31 54 
100 74 73 51 65 32 16 42 78 13 35 77 70 67 90 60 68 57 69 97 66 37 5 39 89 33 54 30 91 15 10 2 52 29 9 28 48 94 45 55 19 95 79 71 58 49 41 59 27 85 62 93 36 82 43 53 24 100 11 46 99 4 3 87 25 12 1 8 86 38 6 23 21 26 72 80 96 47 22 18 40 31 44 98 88 7 92 81 63 17 20 76 56 34 14 84 83 75 50 64 61 
100 94 40 13 91 93 12 4 45 28 99 81 57 84 56 31 72 98 51 74 77 27 65 87 17 79 86 88 7 52 58 89 41 63 83 42 46 48 90 78 82 97 100 96 54 6 33 14 11 68 59 80 5 10 61 44 36 20 26 69 25 3 9 62 21 35 53 30 24 22 43 92 16 85 60 39 23 8 2 18 75 64 15 38 70 76 71 37 34 50 29 73 19 49 95 67 47 32 66 1 55 
100 83 50 73 38 78 89 52 65 4 80 12 43 30 92 33 67 77 35 68 14 75 87 99 66 1 10 46 29 76 94 64 72 8 93 26 20 90 13 48 44 74 85 41 70 19 79 84 91 42 11 22 9 56 51 15 5 60 45 32 59 86 58 71 81 61 49 54 36 27 16 88 96 37 97 62 55 47 95 39 100 6 63 2 28 34 24 17 40 82 25 3 7 31 69 18 98 21 53 23 57 
100 61 5 55 49 15 48 50 70 30 12 56 81 75 21 25 91 77 35 8 51 95 19 86 100 13 11 17 68 47 59 93 79 85 31 1 27 72 10 46 6 16 22 29 63 66 94 60 7 3 4 43 80 28 88 54 37 71 62 26 74 9 23 20 69 65 52 39 58 89 83 24 41 42 44 14 90 33 98 57 96 99 84 67 40 97 87 78 53 64 38 82 92 45 36 34 76 32 73 2 18 
100 20 93 22 7 84 16 19 59 70 60 71 83 69 94 62 43 82 73 87 54 100 42 75 4 40 3 97 85 96 45 14 58 92 91 99 8 29 25 39 48 57 79 49 80 18 21 77 12 76 10 98 81 27 90 66 53 89 5 67 63 61 35 51 44 9 55 68 13 95 74 31 30 11 88 15 23 17 78 52 38 34 72 37 65 64 86 46 50 2 36 26 33 28 47 32 24 6 41 1 56 
100 1 60 73 18 36 87 5 72 85 99 95 84 92 97 30 39 64 4 43 100 8 20 90 13 93 51 80 14 77 47 94 57 62 86 33 46 34 23 70 50 55 37 89 76 68 21 42 16 7 74 12 54 40 75 2 71 28 29 44 53 56 78 26 11 49 52 61 24 96 83 67 35 3 63 45 82 22 15 59 48 88 98 66 25 38 27 31 41 81 10 65 9 69 32 58 91 79 19 6 17 
100 48 31 61 79 10 95 82 94 15 91 96 42 81 85 30 26 90 97 56 54 72 83 41 57 80 6 65 74 45 1 4 63 34 84 12 77 50 55 5 73 33 66 7 70 43 39 18 44 46 19 9 24 36 2 23 62 98 3 69 92 27 52 32 71 89 87 8 25 68 17 99 21 47 53 58 29 51 20 76 35 14 60 93 78 22 38 49 16 40 59 100 86 75 28 37 67 64 88 13 11 
100 2 7 49 41 20 18 46 60 29 27 92 62 97 42 30 35 21 72 80 77 69 1 68 51 31 71 61 19 3 54 93 25 83 74 58 59 40 24 47 39 100 82 57 11 50 45 44 43 15 70 98 96 64 87 5 8 99 86 67 53 76 91 84 90 14 12 63 66 26 73 34 37 94 33 52 89 17 16 48 88 75 10 38 85 28 6 22 4 13 23 56 81 36 65 79 55 78 9 95 32 
100 68 33 50 39 26 55 87 21 51 94 54 90 84 67 45 28 59 5 47 38 72 42 97 40 43 85 19 36 100 11 66 86 44 9 64 93 8 10 76 7 77 65 3 82 14 53 73 75 81 61 62 12 91 89 49 6 32 35 69 58 18 56 20 74 24 1 27 96 88 29 31 80 22 48 95 99 79 41 2 34 30 13 52 57 25 17 23 4 46 15 78 71 83 98 70 37 92 60 63 16 
100 56 6 71 14 11 51 57 23 85 39 41 44 63 46 32 53 72 88 98 94 87 76 16 97 7 78 49 36 40 55 79 3 31 25 35 21 80 67 65 12 82 86 18 10 24 75 13 38 89 1 34 33 68 90 66 73 5 81 9 47 19 70 28 100 8 30 37 84 22 52 62 42 93 95 54 83 27 20 60 61 64 48 26 50 59 77 69 15 4 91 17 43 2 74 58 99 92 96 29 45 
100 7 38 84 88 42 15 22 19 52 93 37 49 72 63 66 60 65 12 81 33 31 80 18 26 56 76 28 87 50 86 85 4 27 10 39 3 94 6 70 48 92 71 21 44 79 29 34 59 24 45 13 75 30 5 78 20 74 64 55 89 53 58 68 69 83 14 51 82 73 77 8 47 25 57 17 35 62 54 23 1 32 43 97 2 11 40 90 36 61 99 100 9 98 46 91 95 96 41 67 16 
100 82 42 21 44 77 51 46 2 75 36 95 43 68 58 53 57 59 84 100 45 4 99 31 62 65 76 94 83 28 40 98 5 32 56 71 27 20 41 91 69 37 48 6 34 24 33 19 85 26 25 96 50 13 12 9 52 97 14 67 61 79 1 54 18 90 30 10 72 22 7 80 8 81 55 23 3 60 73 49 89 16 78 86 29 87 66 15 70 35 17 38 11 92 93 88 63 47 74 39 64 
100 62 71 43 28 63 39 92 44 22 76 33 19 35 82 67 100 45 91 5 98 77 25 49 58 88 1 38 53 11 83 14 46 9 16 99 24 68 42 50 73 54 57 60 89 40 70 80 59 55 6 30 86 78 85 94 64 72 32 29 48 3 84 15 97 7 96 93 8 56 23 66 31 95 41 13 87 4 26 21 65 79 2 37 74 69 51 27 47 75 90 36 81 12 10 20 17 61 18 34 52 
100 70 10 36 37 65 74 51 92 30 93 35 75 22 29 88 91 84 73 62 60 26 54 98 78 42 71 95 50 76 31 40 87 12 18 34 32 48 41 89 33 20 83 77 3 14 58 55 63 2 4 11 82 6 5 44 61 90 28 43 16 66 1 13 38 81 86 46 21 94 69 79 24 56 27 100 25 68 39 52 85 45 97 59 67 49 72 17 47 53 64 7 9 57 15 96 19 80 23 8 99 
100 56 73 86 35 68 84 55 31 71 58 42 26 61 60 29 94 39 78 40 47 52 2 9 28 70 25 33 18 63 38 51 21 10 64 30 48 27 16 34 88 15 77 32 98 92 20 24 59 22 95 57 46 81 45 44 66 8 12 91 75 7 5 82 19 99 3 62 17 87 37 50 41 80 23 1 79 54 36 74 89 72 76 49 96 100 4 43 11 13 69 93 97 14 67 65 53 90 83 85 6 
100 75 14 73 9 28 98 6 2 78 8 30 34 72 74 81 43 96 64 19 61 16 63 80 79 60 83 35 23 97 44 57 71 94 24 77 7 100 47 26 55 85 1 68 58 27 18 13 51 92 20 69 66 10 17 37 76 33 38 87 11 49 22 84 29 36 93 41 67 39 4 15 99 54 5 25 89 65 88 12 82 56 52 31 90 3 32 45 59 70 53 50 95 86 91 62 21 42 40 48 46 
