100
100 89 95 1 45 3 77 2 55 65 66 29 47 82 53 71 39 25 44 94 11 63 85 28 48 52 83 49 43 76 87 15 40 22 14 38 68 62 100 72 75 17 88 8 23 32 93 34 24 91 59 19 54 80 57 26 13 90 7 92 4 21 12 46 98 99 64 5 41 60 10 31 27 42 18 84 86 58 67 74 97 78 61 36 79 96 16 73 9 51 81 50 33 35 37 56 70 6 20 69 30 
100 23 10 68 17 96 43 29 86 78 41 80 93 56 25 47 13 95 51 12 85 45 33 71 8 44 14 84 70 88 15 98 26 94 32 63 62 79 76 31 65 1 35 66 50 87 30 48 34 61 36 97 83 7 6 91 20 24 92 11 99 72 39 42 73 54 55 57 4 90 2 37 69 89 16 67 77 53 59 9 81 60 40 82 100 38 21 22 28 18 46 74 64 19 5 27 58 3 52 75 49 
100 36 35 69 86 4 81 45 60 95 42 55 2 77 57 90 76 94 56 33 80 3 78 83 40 75 34 47 38 82 70 63 85 59 97 98 30 51 37 49 92 9 84 31 25 1 20 29 58 67 39 87 24 44 8 19 10 54 7 93 52 72 18 91 74 43 17 73 99 100 11 48 41 65 12 26 71 46 64 21 6 79 13 89 32 27 50 22 23 88 61 96 15 68 62 53 28 16 5 66 14 
100 70 72 33 20 31 8 84 62 86 92 48 66 45 99 80 56 3 1 57 74 22 43 40 77 94 6 4 50 88 61 46 85 9 71 42 12 47 27 96 29 91 63 18 19 13 65 32 2 24 93 89 38 41 81 44 53 75 95 68 97 25 76 87 67 21 16 60 49 23 5 73 52 59 78 69 26 10 35 64 30 100 55 37 90 58 98 14 39 7 28 36 15 34 83 17 54 79 82 11 51 
100 4 40 49 67 33 38 43 84 11 44 5 27 28 96 81 10 99 79 15 60 65 95 13 41 7 21 98 16 31 9 19 48 62 72 8 97 100 86 30 70 32 77 78 12 82 83 50 51 76 20 23 34 24 53 26 64 75 45 29 89 59 68 37 22 85 47 66 80 1 90 14 92 55 42 74 71 17 63 6 56 52 93 91 88 54 35 18 39 61 2 3 57 58 46 73 69 25 36 94 87 
100 34 90 54 22 13 52 67 51 26 95 84 94 36 40 58 30 72 50 33 23 45 43 37 53 96 68 99 85 16 20 44 59 55 39 88 87 74 93 6 4 15 25 7 24 10 76 100 92 38 3 89 12 14 75 2 61 57 82 63 41 91 60 46 27 71 78 31 49 77 1 56 86 18 29 79 97 11 69 70 32 65 80 64 42 19 21 28 48 47 8 66 35 5 17 73 81 83 62 9 98 
100 18 34 61 64 58 85 82 12 38 86 21 43 7 80 91 2 52 16 40 20 3 63 75 48 95 28 14 17 45 25 68 26 51 76 53 27 92 36 24 97 8 83 73 79 67 30 72 9 10 1 49 6 88 50 99 13 70 31 47 29 90 89 60 5 41 71 39 81 84 93 66 96 78 100 57 32 69 56 15 37 87 19 44 98 62 4 42 94 59 55 74 54 35 77 33 46 23 22 65 11 
100 49 10 79 34 46 12 19 5 90 6 60 51 53 50 27 74 36 98 65 91 28 96 23 86 11 44 83 17 58 13 80 78 15 55 89 37 56 87 47 62 26 33 1 9 57 97 45 75 73 76 71 20 18 35 82 24 64 100 72 61 8 68 99 93 59 21 41 77 85 70 40 92 16 43 67 69 63 14 22 81 4 66 38 84 32 94 48 52 30 31 7 3 29 25 88 95 54 39 2 42 
100 81 79 62 44 85 20 39 24 31 60 15 98 56 91 6 17 48 51 43 61 12 2 80 86 47 27 41 63 21 3 30 99 34 76 42 74 89 82 37 32 9 58 14 22 68 19 75 90 57 64 11 77 7 50 40 46 8 36 69 93 73 67 54 28 88 100 1 95 4 53 70 87 94 92 33 72 10 16 65 13 96 78 71 26 59 25 35 52 97 66 45 23 5 84 49 29 18 83 55 38 
100 96 61 97 95 2 16 34 31 15 54 86 62 59 8 21 22 12 5 13 3 45 49 65 7 67 63 26 55 70 89 93 56 84 52 35 25 47 79 17 100 29 58 28 4 42 64 50 51 14 1 80 57 9 11 87 99 85 18 37 66 27 36 68 88 73 91 72 46 75 48 77 44 39 10 90 53 20 30 98 32 60 94 6 78 41 76 43 92 69 23 38 40 24 33 19 83 82 81 71 74 
100 29 55 59 91 82 13 76 73 62 63 98 34 89 56 21 17 87 44 60 14 71 32 68 11 57 19 1 43 20 69 78 79 85 16 81 77 90 35 84 39 24 70 15 72 25 33 54 7 53 37 31 23 74 28 18 9 75 8 6 80 66 93 99 61 97 2 26 40 67 92 83 42 27 41 95 36 45 52 5 4 58 22 96 30 38 46 100 47 65 64 86 50 88 51 94 12 49 3 10 48 
100 44 67 82 3 71 50 52 15 2 92 40 23 77 37 22 1 31 84 38 55 57 47 63 97 56 75 68 43 94 13 83 51 30 5 7 53 87 42 28 89 88 98 69 91 10 61 90 96 11 18 41 34 54 9 48 21 60 66 25 46 35 36 76 62 17 45 6 80 58 100 79 95 32 16 19 59 74 4 65 93 20 24 33 81 72 14 39 78 73 85 27 49 70 12 64 29 8 26 86 99 
100 3 78 74 42 15 47 26 65 1 99 41 84 21 53 66 12 94 36 93 18 22 54 29 81 10 100 58 5 55 79 86 28 40 64 39 2 43 82 68 35 14 77 73 19 13 57 8 34 49 87 51 27 70 71 48 16 88 85 4 23 6 33 38 83 50 25 17 32 45 61 69 24 62 80 95 75 60 89 7 67 72 37 11 44 9 91 92 90 30 96 20 52 46 98 31 59 76 63 97 56 
100 86 7 5 70 31 43 69 6 38 92 81 37 58 97 1 56 64 46 83 98 59 9 62 16 50 26 51 17 95 49 44 82 4 65 23 88 87 40 32 21 27 89 61 55 47 96 41 63 24 42 18 78 90 74 52 10 45 25 93 3 48 53 28 99 12 29 76 15 72 67 94 60 68 2 85 91 79 73 8 100 35 54 71 36 30 75 34 13 22 66 57 20 39 14 84 19 77 11 80 33 
100 71 31 16 98 23 93 9 4 34 74 39 76 6 10 32 92 50 14 67 21 37 73 52 78 58 12 24 18 7 25 86 55 83 27 100 94 57 72 1 79 59 8 63 29 13 17 75 60 36 20 90 22 77 80 96 45 64 43 87 91 66 51 61 69 38 97 53 5 26 48 99 46 81 56 33 40 42 95 41 54 68 89 49 2 65 47 70 88 62 15 30 3 11 28 82 19 44 35 85 84 
100 38 92 55 12 36 98 8 41 19 3 83 20 21 27 49 26 52 74 88 30 59 58 7 93 67 91 16 39 80 46 62 82 22 100 4 5 17 65 11 23 57 24 48 78 86 71 79 28 56 40 66 10 15 51 70 42 77 99 89 76 44 31 54 75 96 1 37 45 32 90 69 84 25 95 64 34 94 18 60 29 72 68 87 47 73 85 9 33 97 53 61 50 35 81 63 2 13 43 6 14 
100 39 95 78 79 53 89 60 41 69 19 17 46 26 84 22 74 8 76 88 15 67 61 44 6 34 3 62 10 42 31 20 14 16 5 56 65 70 63 11 85 4 49 68 28 83 48 72 37 82 77 21 2 13 99 98 29 35 24 43 36 100 30 73 7 58 38 87 91 71 50 80 40 33 12 18 93 59 47 1 64 92 86 90 66 51 32 54 9 75 57 55 94 81 96 23 27 97 52 45 25 
100 64 58 36 11 95 21 39 47 84 1 9 74 38 24 6 90 85 98 42 31 32 16 50 93 80 52 60 22 75 27 57 61 3 70 23 66 19 92 5 59 88 41 68 63 40 37 18 81 54 67 51 99 26 2 43 13 82 46 12 69 97 28 89 56 34 77 53 86 100 91 15 71 96 30 48 87 17 65 94 73 44 4 8 35 33 62 45 20 76 79 78 83 10 14 55 72 29 49 25 7 
100 92 1 62 17 14 90 30 83 84 3 6 52 41 66 53 77 61 69 8 42 85 37 33 23 29 87 99 65 64 80 26 7 47 71 5 79 12 55 76 93 4 70 73 34 94 72 96 10 67 13 56 39 60 58 24 63 32 28 89 68 43 16 11 100 18 2 59 20 74 86 25 19 36 9 57 82 98 48 78 50 31 21 46 38 45 15 22 88 75 95 27 97 54 40 49 81 35 51 91 44 
100 80 40 62 48 88 2 63 3 20 25 54 46 5 18 44 49 99 17 100 36 57 53 76 52 24 34 4 61 42 82 29 59 74 23 30 33 37 56 75 12 22 70 98 26 51 35 32 43 28 94 68 91 10 65 41 92 45 73 86 16 31 1 97 67 77 19 27 9 90 38 11 64 89 6 83 85 14 93 47 21 50 15 78 72 55 13 87 71 81 7 95 66 8 96 58 79 60 39 69 84 
100 5 15 69 92 47 72 71 8 76 88 27 16 94 99 36 26 67 91 52 93 97 10 82 53 25 41 86 50 34 35 18 73 4 2 29 81 80 46 65 60 77 83 39 22 84 40 12 31 96 54 33 75 42 85 70 38 63 89 100 14 24 45 23 62 58 30 98 32 44 20 48 21 6 7 74 55 28 87 68 49 17 3 61 37 79 66 1 56 11 90 64 59 9 78 51 43 19 57 13 95 
100 97 62 33 52 21 42 59 51 69 39 56 92 99 40 60 1 48 95 22 68 91 14 16 11 70 31 74 98 87 36 82 41 27 63 17 75 76 30 77 8 4 35 6 65 79 9 90 71 19 37 53 24 10 3 88 46 44 2 67 15 45 73 89 96 64 81 28 93 58 29 49 38 5 26 34 50 94 32 47 80 43 78 12 18 57 61 25 100 7 85 55 83 13 23 20 66 54 84 72 86 
100 69 80 35 10 34 56 49 85 83 7 76 75 25 88 45 27 68 41 73 62 44 43 28 72 18 11 23 33 29 77 16 91 81 71 93 63 15 79 3 58 70 32 36 89 87 53 12 46 2 98 61 55 22 21 65 24 17 19 100 38 26 13 78 14 97 30 50 40 96 84 92 31 82 67 54 59 74 20 60 8 86 95 1 64 4 48 52 6 57 66 47 9 5 94 42 37 99 90 51 39 
100 29 91 50 61 63 52 39 94 86 42 98 35 9 43 8 77 79 92 84 44 93 97 24 78 85 28 70 25 64 32 90 30 76 10 95 17 38 41 23 51 3 57 11 82 47 74 73 19 15 69 96 31 59 1 87 58 100 89 13 72 36 26 34 62 80 6 14 2 99 54 83 45 71 7 40 16 65 75 5 20 33 37 55 48 21 46 49 22 4 67 53 81 66 60 88 56 12 27 18 68 
100 67 81 27 15 18 6 98 57 21 37 49 82 51 92 59 80 61 11 34 95 36 23 35 99 75 30 74 62 3 52 7 24 32 17 87 83 29 60 56 77 86 26 58 54 88 19 76 14 40 96 50 100 16 91 43 89 97 73 46 31 4 8 25 28 55 2 71 78 20 1 38 90 63 53 12 39 47 41 69 13 94 33 84 44 68 70 5 64 22 72 93 45 79 10 85 9 48 66 42 65 
100 39 68 35 84 78 8 76 29 46 83 9 60 87 71 59 75 70 41 19 47 34 82 42 2 63 74 93 37 30 7 86 23 89 92 32 52 22 73 55 85 88 28 18 20 43 3 65 51 98 81 11 31 62 97 13 64 100 49 21 96 5 26 56 91 17 79 24 94 58 54 57 80 45 1 69 33 4 10 72 44 95 40 12 14 38 48 90 25 66 61 99 36 67 6 16 15 50 77 27 53 
100 82 80 37 53 84 39 68 88 12 83 9 31 11 38 5 72 18 47 34 59 67 66 13 15 94 86 35 81 48 45 55 23 65 21 26 32 91 60 93 29 28 36 14 64 17 8 56 44 3 19 63 77 96 62 57 73 2 76 95 87 42 89 100 97 61 74 20 27 22 51 52 50 90 43 40 1 54 4 78 92 49 6 85 98 69 24 58 79 30 16 41 7 25 99 46 75 71 10 70 33 
100 27 53 35 8 51 72 48 28 85 83 98 86 71 79 76 44 31 4 94 21 55 70 38 49 46 56 33 73 2 22 52 14 15 50 99 36 78 11 74 3 54 1 25 65 61 66 30 100 57 68 93 96 63 97 90 26 10 42 29 82 62 45 32 69 47 13 67 88 60 20 92 12 34 77 91 7 40 5 64 16 84 19 17 81 39 87 18 89 75 37 95 59 41 23 9 6 43 24 80 58 
100 20 60 83 1 84 18 95 24 58 68 88 4 23 85 19 86 64 48 10 30 43 22 90 49 45 96 66 75 35 25 47 55 38 7 8 37 29 59 33 40 14 72 56 36 67 17 81 62 79 44 12 32 16 39 87 28 91 6 80 53 63 70 13 31 50 82 93 94 3 34 27 46 5 52 9 74 98 21 15 76 26 73 100 51 89 71 77 42 99 2 11 97 78 61 65 69 54 41 92 57 
100 46 67 69 15 63 13 23 95 19 43 61 1 58 2 28 82 24 49 93 32 99 64 14 50 87 81 17 97 100 20 18 83 41 73 68 44 37 22 36 53 31 76 45 91 62 4 75 96 21 79 27 90 56 5 98 39 6 55 89 80 34 84 94 72 74 71 85 38 60 86 3 88 57 77 12 92 16 35 33 9 47 30 8 51 11 70 66 78 65 10 7 48 29 54 25 52 59 42 26 40 
100 98 49 83 70 30 5 97 39 11 67 87 71 47 96 100 6 12 43 20 75 36 21 15 92 2 19 66 64 61 42 50 41 72 28 13 8 4 25 90 33 44 74 94 56 57 95 76 53 10 91 51 55 81 89 88 63 60 45 69 78 59 73 93 68 16 32 14 58 24 29 27 85 9 34 35 18 17 40 99 84 80 22 26 52 38 23 77 37 62 1 82 46 48 86 3 7 79 31 54 65 
100 73 53 98 23 33 78 95 84 17 86 70 67 65 48 63 76 6 50 32 99 79 9 34 2 62 28 39 1 97 20 42 56 37 30 4 88 26 90 46 85 72 8 55 13 25 29 68 5 45 92 60 21 59 74 24 7 51 49 18 12 81 16 44 58 22 82 11 87 100 15 69 43 3 94 57 61 47 41 96 93 75 52 36 31 14 91 80 89 38 54 71 66 83 27 10 19 64 35 40 77 
100 22 16 21 45 55 3 73 58 74 54 10 95 27 84 75 51 2 59 24 87 37 89 42 100 69 82 18 91 88 7 86 11 35 98 1 61 5 49 47 14 40 81 62 17 67 99 28 96 80 43 39 70 44 97 6 79 83 85 64 15 60 20 23 4 13 34 72 46 78 68 90 50 92 52 65 66 76 26 56 9 38 19 48 30 29 63 53 94 25 31 93 12 36 77 32 57 71 41 8 33 
100 48 83 36 30 28 73 96 46 24 92 55 64 43 32 3 19 53 29 95 22 76 49 34 99 75 98 52 41 31 15 88 9 35 12 47 38 56 23 44 66 57 86 17 11 45 65 89 61 27 70 8 71 16 91 68 85 10 33 54 63 62 5 40 1 97 60 90 13 59 93 2 4 51 81 58 79 80 67 78 77 69 82 18 39 74 72 25 84 26 21 37 50 14 100 7 87 6 42 94 20 
100 5 85 89 54 38 26 43 50 1 63 97 27 77 37 100 41 51 73 56 7 21 61 84 18 9 47 72 35 58 12 32 19 13 68 75 65 40 11 39 23 49 64 33 57 83 2 55 60 91 93 48 10 45 30 20 15 4 90 42 46 53 70 74 34 62 28 79 95 29 25 17 80 87 71 14 59 36 78 92 96 6 99 66 86 52 76 3 88 67 16 81 44 8 31 69 98 82 24 94 22 
100 69 35 64 42 87 17 38 25 77 10 26 80 32 82 53 2 50 19 74 59 73 15 29 23 97 60 78 63 40 9 52 16 20 47 55 14 8 27 79 65 39 61 12 92 76 4 46 58 88 1 51 34 100 45 68 71 36 90 62 6 54 72 96 91 37 44 84 83 3 30 86 28 85 93 95 43 11 70 67 94 98 7 31 57 89 66 21 99 18 81 48 33 75 5 56 13 41 24 22 49 
100 99 72 73 95 17 49 41 70 92 11 4 25 97 87 71 84 40 46 35 81 55 82 34 21 86 80 8 36 89 94 42 27 3 48 19 37 100 67 1 22 85 66 33 93 77 83 15 31 5 44 61 54 78 64 43 38 13 32 76 57 16 23 74 50 62 60 30 18 69 20 29 59 6 90 26 91 96 12 79 88 24 75 68 9 14 65 39 58 45 53 63 56 10 28 47 2 51 52 7 98 
100 54 77 60 79 62 33 53 6 96 98 13 63 95 40 74 4 66 36 91 43 35 69 20 42 93 83 8 10 68 14 76 47 61 71 44 16 12 45 9 75 23 82 46 78 64 7 99 90 100 24 80 86 48 94 87 73 37 92 34 27 32 97 25 26 50 65 1 31 89 81 38 15 51 59 17 30 49 29 52 28 3 18 67 72 19 85 2 11 41 84 5 22 55 56 39 70 88 58 57 21 
100 11 55 69 58 32 18 39 13 52 92 78 72 30 12 41 77 65 33 79 54 36 71 63 74 37 1 94 84 93 62 51 42 35 76 23 45 4 48 96 38 99 47 34 53 44 19 81 10 87 73 68 75 89 40 24 57 26 46 20 66 56 25 43 50 7 49 59 8 88 95 29 27 70 90 86 80 14 28 22 98 91 21 31 83 85 100 82 97 17 67 5 60 64 2 61 3 6 16 9 15 
100 57 79 21 72 74 63 2 31 73 27 35 100 93 44 8 38 98 60 91 87 22 37 18 30 85 1 25 12 51 58 45 59 36 56 39 64 19 41 49 11 15 97 94 14 6 3 96 48 54 76 75 23 86 34 55 77 17 10 66 89 71 32 92 90 29 62 95 28 67 33 70 13 83 82 16 40 99 9 46 43 42 52 69 5 53 20 84 65 50 78 24 88 26 47 68 81 4 7 61 80 
100 5 47 6 32 27 89 36 43 88 4 26 52 96 45 70 48 87 84 50 78 58 77 75 3 30 81 34 64 13 83 20 61 22 41 92 44 31 49 29 28 12 24 23 51 82 54 39 66 98 65 21 100 10 56 86 91 46 7 55 62 69 93 15 74 17 73 2 68 99 38 11 63 67 8 1 19 42 80 72 40 90 16 95 18 76 53 9 59 79 37 85 94 60 35 14 33 25 57 71 97 
100 41 85 11 31 69 70 87 24 73 53 2 79 28 71 8 23 37 33 96 4 39 94 61 42 32 68 6 99 9 88 46 5 3 84 66 67 22 91 7 75 100 17 55 20 44 92 83 60 74 14 38 78 80 43 54 10 64 15 21 52 82 58 81 93 50 29 56 95 18 72 13 30 12 35 90 51 47 48 1 26 19 86 49 45 97 40 77 98 65 16 76 57 62 89 59 63 34 36 27 25 
100 97 81 58 78 21 87 86 45 62 18 79 34 94 24 88 27 89 35 41 83 77 64 80 98 61 54 15 49 56 93 19 84 29 7 90 38 9 60 31 17 63 51 20 72 30 39 74 47 68 55 43 70 82 48 28 66 8 50 44 14 25 33 67 99 10 32 95 65 22 12 69 13 11 6 37 3 85 26 59 42 92 91 16 96 1 36 71 46 2 75 76 73 23 4 52 5 100 53 40 57 
100 24 77 21 51 93 82 10 3 45 63 57 80 11 33 38 28 30 19 27 84 49 22 34 87 23 79 65 96 60 2 94 55 78 99 42 75 92 46 89 86 44 8 83 31 43 61 36 91 73 97 14 53 41 1 5 58 7 26 70 15 74 98 37 90 4 66 52 48 17 85 9 50 62 68 69 12 39 56 64 88 18 71 67 32 16 54 47 25 59 72 95 76 100 40 29 6 20 81 13 35 
100 79 13 8 81 28 83 24 6 97 18 76 59 38 17 85 90 43 15 49 99 14 82 54 55 66 51 7 22 58 61 95 63 46 40 73 21 77 3 94 71 5 36 57 89 72 32 87 64 29 50 19 69 53 26 60 11 42 39 86 10 44 37 98 16 78 56 34 33 12 9 35 20 27 48 62 75 93 30 67 68 2 65 31 45 80 1 47 92 91 100 52 4 96 25 88 23 70 74 41 84 
100 77 33 21 63 82 31 2 52 49 45 5 68 7 60 1 25 86 54 100 57 74 9 24 41 71 89 76 73 96 6 42 59 12 17 75 34 44 3 70 56 62 8 35 87 20 36 14 95 48 97 98 66 85 40 88 94 19 26 81 51 72 84 22 28 80 79 38 78 65 91 61 13 90 37 23 4 39 69 18 32 58 64 16 67 83 50 47 29 30 93 53 10 92 46 43 55 27 99 15 11 
100 44 49 13 50 19 78 71 4 81 7 40 10 28 83 45 68 92 75 24 6 97 63 1 56 26 46 51 55 84 89 36 20 16 33 87 29 60 42 43 58 82 32 30 12 76 86 95 57 100 66 80 8 62 61 74 53 5 17 73 18 85 47 27 69 72 25 22 52 14 31 70 77 94 15 2 54 99 90 65 11 38 9 59 79 23 48 39 88 21 93 35 3 37 34 67 64 91 98 96 41 
100 53 74 1 39 99 95 7 5 43 36 2 63 84 18 16 33 60 48 27 75 15 79 14 25 88 97 19 67 30 80 56 52 4 6 29 40 96 21 71 86 24 28 59 46 73 26 10 58 54 90 91 38 20 83 55 41 76 92 61 68 23 51 81 82 49 93 77 94 50 32 72 8 17 31 12 3 44 70 69 11 98 87 35 64 62 47 66 65 42 9 22 45 13 37 57 34 89 85 100 78 
100 80 20 15 63 58 41 13 7 92 14 19 16 91 93 98 18 24 29 54 5 85 47 28 34 68 53 100 12 2 50 97 31 62 36 23 46 51 69 39 86 74 89 78 6 79 49 61 35 48 30 4 72 76 9 38 3 33 45 42 90 56 77 52 83 87 37 84 59 73 26 66 40 60 11 21 67 96 95 27 81 99 75 22 64 57 43 32 25 82 44 94 71 17 8 65 55 1 88 70 10 
100 22 37 4 61 47 20 84 86 81 27 72 59 54 38 39 58 18 48 88 74 70 17 67 60 79 73 78 89 6 29 12 56 57 35 95 14 41 25 76 26 16 30 91 5 66 64 23 10 98 45 90 11 52 3 46 93 83 97 1 33 71 100 75 94 2 7 9 53 49 77 28 82 15 63 99 8 55 65 36 42 85 80 21 43 50 69 96 40 31 32 44 13 92 87 24 34 62 51 68 19 
100 29 57 63 17 81 34 72 91 61 85 47 12 19 15 75 4 86 100 31 54 94 84 80 24 98 41 18 28 78 23 65 5 79 97 96 92 74 55 88 11 58 27 8 69 46 35 51 38 45 14 62 77 56 60 7 64 30 40 71 20 33 21 52 73 87 44 32 6 83 48 90 9 10 22 59 76 89 39 95 93 2 13 50 49 36 1 82 37 99 53 70 68 16 42 67 25 66 3 43 26 
100 44 61 37 9 20 77 69 17 5 15 83 89 45 87 31 68 66 85 40 96 13 52 93 26 4 65 51 59 76 42 74 72 30 64 43 92 24 97 47 33 62 32 63 19 2 99 3 49 27 50 35 67 94 86 38 16 39 70 98 56 46 22 95 88 23 82 100 55 8 79 12 54 34 84 1 25 78 81 18 57 7 91 41 6 58 53 60 75 10 29 48 36 28 90 11 14 71 73 80 21 
100 14 2 84 18 46 64 47 49 52 45 36 50 16 58 74 21 30 11 12 3 7 15 69 87 60 82 9 6 31 43 1 98 20 66 83 5 41 95 88 63 19 28 90 76 99 34 48 71 65 22 29 75 10 62 37 86 94 32 85 93 44 67 40 33 59 54 25 4 92 51 80 70 35 89 24 53 17 26 68 55 91 8 72 38 57 81 79 100 61 78 13 42 39 23 56 96 73 97 77 27 
100 72 16 11 2 65 53 49 69 4 60 17 48 87 91 55 90 39 89 13 10 6 100 62 25 42 12 56 34 18 50 73 46 22 54 59 20 27 79 82 85 51 30 84 99 52 33 63 31 58 1 68 70 77 86 93 28 26 21 83 97 32 23 45 66 8 14 57 35 81 29 37 98 41 92 76 40 94 3 5 38 95 71 43 80 7 47 64 96 24 74 44 67 15 19 9 61 75 88 36 78 
100 81 75 59 17 55 63 58 92 15 84 96 24 18 37 78 12 98 36 6 13 95 80 38 97 21 44 50 28 40 27 91 89 4 35 34 86 72 56 73 9 87 60 46 8 48 7 90 93 67 25 68 82 23 32 66 49 83 26 16 76 65 43 31 14 47 33 39 19 22 20 29 51 94 45 85 54 70 30 99 69 1 61 42 79 53 88 71 2 77 41 11 62 3 57 64 10 52 100 74 5 
100 75 2 76 23 73 54 1 19 96 39 47 79 35 77 24 37 40 52 62 84 86 3 34 7 69 44 13 42 64 4 30 55 17 27 60 93 99 78 12 22 56 98 65 71 32 92 45 48 70 81 43 51 9 95 6 46 100 25 14 90 59 61 11 41 53 28 83 29 57 85 68 49 91 10 20 74 31 15 33 80 16 26 50 66 94 97 89 8 38 36 63 18 82 5 67 87 72 88 21 58 
100 33 53 52 84 82 60 70 35 67 37 89 13 49 11 40 41 56 22 64 4 88 62 57 79 59 18 44 47 15 36 69 21 58 93 92 29 87 8 98 24 20 55 42 16 90 46 2 31 14 96 43 23 39 5 65 73 1 34 9 28 25 32 6 91 27 71 30 81 26 95 12 100 61 74 83 54 48 99 72 94 77 19 10 68 3 85 80 78 75 76 38 66 45 97 7 86 51 17 50 63 
100 75 93 82 1 56 18 68 9 72 83 17 91 96 98 5 2 43 89 30 42 74 34 60 55 33 48 31 27 95 85 19 10 12 25 100 62 97 61 22 71 23 3 51 41 35 58 69 36 47 11 24 29 67 38 54 21 37 32 84 86 81 63 7 73 80 39 28 52 79 59 14 6 45 92 94 66 16 46 15 57 53 88 8 99 26 65 90 40 70 64 50 78 44 76 77 87 13 4 20 49 
100 31 16 89 4 92 1 47 81 13 49 78 39 71 15 6 9 65 18 22 88 45 54 26 86 90 12 8 67 7 2 3 66 27 28 100 56 55 38 50 36 77 61 5 32 95 24 60 63 70 98 17 10 34 41 53 84 91 64 58 73 59 25 96 94 48 51 46 21 20 82 74 37 44 57 62 97 43 40 93 42 99 35 11 23 19 14 68 75 85 52 79 30 80 76 33 83 87 69 29 72 
100 95 83 56 98 59 90 17 82 23 69 67 76 16 4 73 18 42 32 11 26 41 61 74 80 9 15 60 30 63 68 19 100 48 96 49 75 38 8 22 85 97 72 14 99 5 34 3 24 87 91 20 33 77 94 43 65 62 21 25 71 81 2 37 58 57 78 7 35 10 54 46 39 53 44 6 70 45 86 47 64 13 51 31 84 50 88 29 55 93 89 79 36 28 1 52 27 92 66 12 40 
100 26 74 94 66 81 59 6 60 99 73 87 50 14 19 33 25 51 44 8 38 29 77 91 41 3 30 4 13 62 49 78 70 71 90 89 43 63 67 2 1 64 96 23 88 5 54 75 84 83 56 35 7 68 28 40 12 80 57 72 39 97 11 85 98 27 10 21 76 69 45 36 86 42 61 22 24 82 20 95 52 93 55 17 53 58 79 47 46 65 15 34 32 18 9 16 31 48 37 100 92 
100 38 5 87 13 37 4 8 27 78 58 40 82 44 50 43 10 16 45 99 75 12 7 14 62 35 88 52 48 100 49 24 32 20 81 33 84 57 64 22 66 25 3 85 47 74 28 63 17 59 68 79 69 80 36 83 21 91 71 2 70 23 54 11 86 55 46 92 95 31 60 76 90 89 41 67 6 26 72 39 9 98 51 19 97 42 73 77 94 53 61 65 18 15 93 56 34 96 1 29 30 
100 56 1 52 17 28 21 2 73 24 86 39 14 4 55 23 59 68 79 97 96 9 3 84 32 76 35 43 66 74 78 85 19 77 54 69 70 62 46 16 71 83 29 90 99 27 92 87 33 82 75 31 15 98 47 36 10 100 37 61 93 63 42 67 22 51 7 95 13 89 72 8 41 94 6 60 26 88 57 20 64 40 11 12 80 44 65 18 5 45 53 34 38 50 91 81 25 49 58 30 48 
100 18 7 20 32 13 9 48 53 37 66 3 73 40 59 95 41 34 17 47 42 90 75 6 56 82 92 74 35 70 43 61 79 63 93 4 39 76 24 89 80 28 55 100 87 88 36 51 58 99 31 84 30 33 19 68 52 49 57 45 15 21 71 65 25 72 94 26 54 23 5 16 98 78 69 10 50 38 67 12 2 60 62 77 1 29 64 46 85 86 27 44 81 97 8 11 22 91 14 83 96 
100 13 86 27 83 5 81 1 49 48 82 30 75 22 68 76 3 77 84 41 14 94 25 63 21 34 7 89 18 65 31 40 67 28 85 71 36 47 26 95 6 35 96 61 73 53 90 100 32 92 56 98 29 10 8 16 80 42 97 45 70 55 17 79 37 54 46 43 9 60 62 24 58 39 59 15 51 93 44 57 4 69 20 52 87 78 19 72 99 2 11 12 38 50 33 64 91 88 66 74 23 
100 28 61 62 30 68 23 64 89 50 39 93 73 81 38 2 37 59 57 42 48 86 52 40 20 77 27 97 49 16 33 74 82 44 1 80 55 9 22 51 8 87 99 21 10 75 32 65 47 94 19 46 36 78 60 67 24 53 45 90 95 26 84 70 88 66 76 31 100 6 15 92 14 69 54 11 5 98 18 56 25 12 3 58 29 41 34 13 17 7 79 71 83 96 43 85 63 35 4 91 72 
100 50 47 67 7 8 13 62 100 29 2 4 68 48 75 41 93 55 58 70 57 86 16 46 98 76 25 31 27 30 63 14 36 65 92 34 40 26 71 49 59 45 83 85 23 3 12 66 61 19 10 91 72 74 82 99 43 52 15 33 28 78 35 42 5 32 54 97 84 79 6 39 38 1 20 21 51 81 37 56 9 94 69 90 53 44 88 96 80 22 87 18 11 73 77 89 64 17 95 60 24 
100 79 65 88 4 76 30 93 22 97 34 18 6 95 2 80 58 31 86 73 5 81 41 55 3 94 57 56 1 66 23 46 77 39 60 83 91 51 99 11 24 48 47 52 62 69 87 21 44 33 67 96 19 74 70 17 27 25 50 28 20 29 38 7 49 92 10 37 84 100 71 85 59 40 53 14 90 54 16 9 26 8 42 36 63 68 61 12 72 98 45 15 43 75 89 13 35 64 82 32 78 
100 76 33 16 21 44 60 31 91 48 34 25 50 39 26 82 36 61 10 4 20 87 42 100 28 1 65 96 57 43 72 37 14 99 74 73 38 88 49 92 62 13 55 24 7 30 93 71 63 64 67 77 58 11 2 56 66 89 15 79 95 54 84 41 78 19 35 86 17 5 69 27 18 70 9 85 83 22 12 8 98 47 81 52 68 97 80 3 53 90 51 75 32 94 59 45 6 29 40 46 23 
100 27 26 38 51 74 60 41 8 53 10 61 58 4 33 62 96 34 57 32 78 40 68 87 22 49 15 16 35 86 39 88 19 24 66 2 83 92 59 25 75 13 44 95 99 23 67 94 79 5 76 37 71 48 56 45 20 29 65 50 84 73 18 90 11 72 47 36 97 43 6 81 100 70 93 77 46 89 12 1 98 31 52 3 80 9 21 7 30 69 17 14 91 55 82 54 85 28 64 42 63 
100 62 42 80 69 9 14 86 79 3 91 64 78 65 17 22 92 15 67 100 41 16 27 39 95 87 68 11 61 66 75 71 70 32 57 49 45 81 12 31 55 34 89 59 97 72 76 84 13 93 90 2 99 74 54 38 5 21 63 82 52 30 24 98 26 47 28 4 77 88 19 8 50 96 23 6 10 35 7 18 36 73 40 43 53 25 56 29 44 1 51 83 37 60 58 33 85 94 48 46 20 
100 11 88 23 46 97 89 69 43 38 20 7 25 10 5 8 32 84 33 6 82 18 37 57 52 65 15 36 17 59 100 16 39 64 95 3 48 74 4 71 73 31 9 29 28 70 99 51 50 78 45 63 58 79 14 81 60 86 22 72 55 41 54 98 68 26 42 90 47 67 85 75 2 19 56 12 49 93 92 77 62 13 87 76 80 27 94 35 30 91 44 61 21 1 66 83 34 96 53 24 40 
100 15 51 93 87 62 11 26 22 63 31 14 67 20 28 16 46 80 2 1 52 23 54 30 45 60 100 89 36 8 66 77 96 12 53 3 85 44 9 91 61 17 50 41 4 69 56 70 75 92 27 78 94 72 82 42 18 19 57 33 68 13 7 32 55 6 83 97 10 98 71 21 73 43 64 34 88 65 47 59 76 24 74 95 90 49 86 29 39 79 99 40 5 25 81 35 84 37 48 58 38 
100 72 21 50 42 14 80 44 26 76 37 94 70 38 54 61 1 47 36 91 23 2 58 41 46 8 39 98 90 31 12 78 13 74 67 87 25 52 95 68 35 60 99 73 59 22 56 53 32 28 63 69 85 9 5 84 29 43 27 34 55 100 15 16 40 45 10 65 64 89 3 20 11 81 33 66 49 96 30 82 83 48 77 4 93 75 79 86 92 97 24 17 18 71 19 57 7 6 62 51 88 
100 99 6 86 24 48 53 90 95 72 20 17 29 41 76 83 55 39 71 28 100 82 36 68 44 74 27 63 94 92 18 11 4 58 98 49 35 32 23 45 88 14 47 7 8 79 22 97 38 64 69 30 51 10 62 16 21 80 81 33 40 75 61 25 19 67 70 57 2 42 59 46 65 50 37 3 84 77 73 89 15 1 96 56 5 54 87 78 66 34 13 26 9 52 43 31 85 12 91 60 93 
100 51 3 32 48 65 90 15 4 37 44 34 71 31 21 57 29 2 59 6 30 13 85 22 12 80 50 64 82 58 100 39 52 14 68 45 74 41 49 98 16 73 83 42 76 62 53 9 24 33 20 79 10 93 63 78 92 7 35 1 81 60 18 17 97 91 55 70 28 46 84 23 5 96 89 11 75 19 56 26 54 77 8 38 69 61 47 72 87 94 86 95 27 40 43 99 67 66 36 88 25 
100 88 68 52 72 70 58 6 51 57 92 5 36 86 75 59 14 81 42 8 13 83 20 78 84 23 46 25 89 15 22 18 30 34 28 1 93 94 77 71 45 16 12 100 9 99 55 56 79 87 7 74 21 24 41 33 61 82 35 67 39 48 62 66 49 76 44 96 27 2 65 26 38 31 97 43 85 32 17 80 10 64 91 4 29 54 37 53 98 3 40 47 60 95 73 50 63 19 11 69 90 
100 81 79 80 13 92 55 97 35 3 38 61 62 78 22 87 14 77 32 26 85 86 33 1 45 10 65 18 48 71 2 44 9 57 41 67 66 11 34 72 4 73 90 23 54 76 31 24 12 94 93 43 74 99 8 5 42 95 82 25 70 51 56 47 96 15 17 88 16 28 46 7 36 27 21 19 49 53 64 20 69 59 91 63 84 50 39 60 98 6 68 75 58 52 89 83 37 40 29 100 30 
100 87 8 12 89 14 75 35 66 9 38 10 74 28 55 34 62 76 7 100 95 61 27 39 68 57 94 54 98 11 15 40 88 83 20 5 17 59 92 91 33 32 13 22 63 1 82 37 80 18 26 71 6 73 70 45 93 41 69 49 4 3 2 99 16 64 29 85 21 52 67 56 81 42 51 23 25 90 30 44 97 84 60 19 77 78 96 43 46 58 50 24 31 86 48 79 47 65 36 53 72 
100 82 28 53 37 66 65 61 68 97 42 62 24 94 52 99 30 78 70 13 58 79 77 76 9 95 87 8 38 18 63 71 54 3 45 59 35 11 47 44 80 55 93 41 64 74 2 12 89 75 31 5 29 84 17 33 10 27 34 60 51 91 22 85 1 57 98 14 48 50 36 81 15 73 46 83 32 67 69 16 88 56 72 23 96 25 19 86 21 20 39 7 49 40 6 4 26 92 43 90 100 
100 44 66 50 49 19 89 91 63 75 95 3 52 2 34 90 5 64 86 57 46 98 100 24 58 10 88 12 29 60 76 54 1 18 97 74 36 22 92 35 4 47 21 23 16 14 32 8 68 25 59 20 6 53 87 9 30 11 99 15 78 61 37 42 33 81 71 40 93 84 7 13 43 28 41 45 31 38 79 65 56 73 96 69 55 67 17 72 48 70 94 83 39 27 82 26 85 62 80 51 77 
100 96 12 45 24 30 88 26 77 92 20 5 90 41 91 52 64 6 27 70 87 21 49 60 57 22 72 55 23 65 56 40 47 4 8 13 68 17 36 74 16 97 28 9 50 32 29 35 38 59 51 93 94 89 48 63 67 100 80 84 58 83 85 62 71 19 33 3 78 99 69 54 7 11 43 14 18 39 34 25 81 95 98 2 46 73 31 76 82 37 10 1 86 53 44 79 66 61 42 15 75 
100 16 68 61 38 5 78 44 63 22 81 69 60 32 46 90 39 7 91 62 58 67 12 3 11 41 88 49 83 18 71 20 66 80 55 17 94 48 13 98 40 56 36 50 25 14 45 9 87 35 10 33 84 4 77 76 74 72 30 85 27 2 86 52 24 6 51 21 34 100 43 28 47 73 92 23 42 99 53 59 97 26 75 65 54 64 95 8 19 93 15 70 57 79 96 31 89 82 37 29 1 
100 67 45 51 29 25 77 4 85 13 59 90 87 92 35 62 37 42 19 2 50 75 71 60 72 99 57 58 69 49 64 3 15 12 56 68 5 33 80 97 94 53 91 52 46 95 40 65 86 44 93 89 48 47 98 7 84 22 74 1 63 81 82 23 34 6 26 10 27 78 70 28 76 20 79 32 14 21 88 36 24 61 38 100 17 9 16 8 11 83 54 73 43 18 55 39 96 30 31 41 66 
100 35 97 87 78 38 71 72 15 33 76 27 57 70 2 9 84 77 5 62 43 54 74 60 99 37 53 28 49 12 48 68 46 13 66 86 80 44 41 30 98 1 56 7 59 11 24 90 18 83 4 31 34 16 93 36 23 29 19 55 22 73 58 14 20 51 91 79 47 67 65 32 26 21 39 25 94 61 17 75 88 10 45 96 8 40 3 50 82 42 100 89 95 92 64 69 6 52 63 85 81 
100 95 87 97 32 19 88 52 68 13 60 40 37 31 10 18 39 70 86 67 92 26 25 16 84 93 33 83 73 38 12 30 51 14 62 57 75 81 7 5 89 43 96 48 35 21 50 24 41 82 3 76 90 56 91 78 55 42 4 53 94 64 2 15 49 6 54 22 100 71 66 17 69 59 44 85 72 27 20 65 58 34 1 23 46 61 29 8 74 99 80 63 9 79 28 45 77 11 98 47 36 
100 87 11 52 29 13 40 26 44 59 27 17 99 86 2 77 97 88 49 45 80 89 64 73 66 85 100 67 41 20 28 84 33 4 19 10 94 21 5 60 65 53 55 83 72 3 74 51 71 93 58 76 69 54 15 8 14 95 81 46 36 23 56 50 16 63 78 90 38 31 98 43 47 42 39 1 18 34 62 92 30 32 25 22 96 68 57 6 7 9 37 24 82 79 91 75 48 70 61 35 12 
100 89 92 87 74 68 43 98 55 61 2 4 15 31 3 86 21 91 38 6 95 11 19 58 96 100 73 78 16 53 17 33 85 34 47 12 13 45 51 28 8 1 76 70 59 77 32 64 7 44 60 29 88 65 79 26 71 23 62 36 56 82 39 81 57 35 90 97 63 22 99 54 93 30 69 67 25 50 84 5 46 27 24 40 80 10 14 9 49 75 48 37 42 94 41 83 20 72 18 52 66 
100 40 43 1 13 24 51 20 16 79 87 31 6 12 32 91 86 4 52 99 38 88 15 83 82 2 34 29 49 41 64 78 25 73 10 28 77 18 90 7 9 22 30 60 63 48 76 62 68 85 89 14 94 19 59 84 81 53 97 8 93 17 61 66 55 74 47 67 72 45 65 71 21 33 5 11 42 27 54 98 70 44 100 26 23 92 75 69 3 57 37 50 80 96 46 36 58 39 95 56 35 
100 59 70 76 19 7 48 94 84 79 55 97 80 10 98 72 47 14 69 61 23 60 78 65 4 6 41 75 45 51 28 18 31 74 77 22 62 39 99 92 32 8 66 57 82 88 73 29 49 54 11 35 100 64 27 16 56 43 26 81 68 67 5 58 38 37 12 13 20 50 86 44 93 52 24 34 85 95 33 71 36 91 2 21 9 90 25 46 53 15 83 63 30 96 89 3 42 1 87 40 17 
100 21 52 95 58 4 62 40 63 18 27 66 75 99 86 24 78 12 68 57 6 87 60 34 35 11 85 71 45 48 2 43 73 39 22 46 82 53 77 37 30 41 17 98 93 55 88 59 65 97 64 25 96 15 47 83 14 26 9 36 56 74 20 61 13 44 31 79 81 92 3 80 100 91 67 38 19 23 89 7 29 94 16 69 51 76 42 28 8 54 32 10 72 5 90 70 49 50 84 1 33 
100 30 25 81 76 61 60 96 64 36 27 13 23 85 40 34 24 79 15 89 80 11 5 26 78 66 16 37 48 97 14 46 100 38 90 43 94 99 54 98 45 33 2 21 47 86 62 3 19 12 50 44 42 49 87 18 82 20 75 71 55 67 9 7 68 1 17 28 57 73 59 8 41 22 83 69 63 32 65 74 56 77 53 93 52 4 35 72 10 92 91 95 51 84 70 88 39 6 29 58 31 
100 49 18 6 9 60 59 87 11 5 43 10 63 31 75 15 70 34 14 32 84 100 56 35 28 54 46 19 90 22 67 29 72 7 71 78 44 74 91 47 37 48 82 99 3 94 69 25 26 12 95 68 57 79 93 36 17 80 20 98 85 24 39 30 96 92 83 23 52 50 1 89 51 55 58 76 97 81 86 64 16 88 40 4 77 73 66 62 13 61 33 65 42 21 53 8 45 38 27 2 41 
100 30 96 72 93 75 50 36 91 38 18 14 16 87 34 22 47 39 7 95 83 19 23 65 32 76 82 17 20 58 99 45 80 10 89 59 79 94 71 49 67 51 43 53 42 12 92 4 1 44 73 11 64 85 77 46 9 55 78 13 97 24 8 3 63 29 33 54 62 21 86 31 90 40 70 66 6 28 84 52 68 37 60 48 41 27 35 61 25 100 98 15 2 26 5 74 69 81 56 57 88 
100 26 9 44 52 24 23 15 93 50 64 2 19 46 62 31 65 39 45 99 11 6 36 51 78 4 32 12 75 22 71 28 82 74 5 94 85 3 70 97 96 80 7 33 20 14 54 58 57 56 53 35 81 55 69 73 30 79 41 29 60 63 42 95 91 27 59 38 100 13 48 37 17 76 68 87 92 1 21 90 88 10 47 61 72 67 25 77 43 40 98 18 66 34 49 84 86 16 89 83 8 
100 86 80 28 27 9 54 71 82 75 91 66 95 84 77 70 1 50 52 7 76 20 24 87 62 78 5 65 35 81 4 2 39 21 73 67 6 13 89 15 10 18 36 98 37 90 14 59 43 72 46 22 40 19 68 44 31 26 63 33 79 94 56 99 55 42 74 92 88 12 64 57 25 47 85 96 32 83 58 45 100 23 29 38 41 61 48 11 8 69 60 97 34 16 30 93 17 51 3 49 53 
100 57 95 26 14 28 49 24 59 15 63 3 31 77 55 84 99 75 27 89 37 96 41 87 80 98 30 43 25 81 10 8 45 34 93 23 42 58 6 32 78 52 18 51 70 20 92 62 35 53 72 65 17 85 48 94 36 46 21 11 19 66 4 29 61 79 73 56 83 54 38 12 47 68 69 71 90 82 13 9 67 5 50 39 40 60 76 22 88 74 7 91 33 1 86 16 97 2 100 64 44 
100 32 61 31 97 78 6 22 95 71 27 75 39 17 60 84 33 8 83 25 81 89 88 65 52 64 35 76 70 69 2 4 26 73 100 24 63 3 67 36 21 29 87 48 66 49 99 9 37 94 51 57 40 96 85 47 16 93 43 1 58 28 30 5 53 54 45 11 20 82 10 23 42 50 74 91 34 19 92 98 72 68 62 18 86 13 7 12 77 38 55 80 44 59 14 46 90 41 56 79 15 
100 9 36 15 22 42 13 19 75 83 17 79 90 68 65 8 92 44 16 10 50 24 27 41 86 18 59 70 35 94 60 4 11 43 3 81 89 84 38 33 53 97 91 26 6 82 87 93 25 85 40 77 20 95 72 49 34 1 88 52 63 56 7 61 64 2 62 14 48 58 55 21 80 74 32 5 100 67 78 69 71 96 23 98 66 99 73 47 46 57 54 12 37 51 45 39 76 30 28 31 29 
100 4 86 100 42 60 25 15 9 85 68 18 27 63 6 88 80 23 55 47 59 30 45 83 94 81 5 50 98 17 73 78 37 77 43 35 69 28 96 36 70 84 3 24 49 29 76 58 10 48 65 8 44 57 33 40 38 13 16 31 82 7 51 11 99 89 62 74 39 87 61 64 12 20 72 97 71 14 19 1 26 34 56 2 93 41 22 52 46 21 79 90 32 91 92 75 66 67 53 95 54 
100 14 71 64 12 74 32 91 20 70 89 48 44 57 25 69 39 10 23 24 82 6 11 15 50 83 47 3 27 77 55 58 90 8 36 53 62 98 75 97 86 84 76 100 41 79 26 43 78 13 37 92 51 2 40 45 96 73 34 95 7 35 59 30 33 68 66 31 56 9 46 61 52 60 28 38 87 1 72 5 22 93 81 54 63 49 88 94 65 16 80 21 19 17 67 18 85 4 99 29 42 
100 76 4 79 61 8 29 83 25 100 75 52 47 42 27 57 73 3 50 23 86 56 24 60 51 62 98 10 66 49 71 16 12 46 69 36 39 35 54 93 7 30 38 88 97 33 37 5 28 85 90 77 67 70 15 13 92 19 59 14 91 31 45 58 20 94 32 78 80 99 95 81 40 18 2 55 87 34 48 1 72 64 11 63 82 65 89 41 96 21 74 43 26 6 53 44 22 9 68 84 17 
100 69 8 1 100 82 61 80 77 3 14 84 45 33 20 68 99 6 16 52 78 23 53 56 97 40 83 32 54 27 30 43 22 59 7 87 64 2 93 24 31 25 49 91 35 92 62 39 67 95 66 10 70 47 29 51 9 63 79 55 19 18 88 12 65 4 38 44 41 89 15 28 71 75 76 90 73 72 46 42 81 26 21 17 48 85 96 50 94 13 34 37 36 57 60 86 5 98 11 74 58 
100 97 51 14 58 28 90 95 52 38 42 92 79 6 61 93 10 1 24 49 87 32 57 7 74 20 46 64 91 34 94 8 11 68 13 83 31 72 36 86 89 33 16 55 25 35 26 23 29 96 21 65 80 48 50 70 19 76 71 66 98 27 81 2 59 54 22 5 12 78 67 44 88 9 18 63 77 75 39 41 100 47 17 4 62 69 60 37 84 43 73 30 99 56 53 85 40 82 3 15 45 
100 26 90 46 43 14 68 72 58 75 24 4 33 86 15 31 18 65 8 91 36 20 28 16 67 3 88 95 61 21 98 39 32 50 78 79 74 6 100 66 59 38 44 34 87 22 19 54 62 76 47 84 82 10 69 17 25 29 48 57 71 7 5 37 27 41 9 89 93 99 92 83 77 2 35 49 13 63 1 81 51 70 56 60 73 94 11 85 97 64 12 96 42 80 23 55 30 45 40 53 52 
100 81 35 20 34 30 32 98 28 51 5 46 95 43 53 40 84 42 83 56 87 24 31 54 86 23 6 90 93 55 67 85 92 45 60 73 36 26 25 58 76 79 65 100 29 7 48 49 18 77 2 91 15 37 3 88 33 41 72 13 38 80 69 19 94 8 22 70 44 96 21 52 11 89 97 99 17 74 62 50 27 82 9 75 57 59 16 10 64 68 1 14 63 66 47 39 12 78 71 4 61 
100 93 3 87 89 39 5 35 41 2 12 43 9 80 53 63 77 24 48 14 19 97 1 37 64 94 76 58 16 36 73 75 22 20 47 11 31 40 85 71 67 15 72 79 69 100 81 30 68 86 50 33 26 74 62 70 88 29 59 90 45 13 10 66 99 7 57 4 78 51 49 46 98 61 25 55 6 44 96 95 56 60 82 34 91 27 18 84 23 38 28 65 21 32 42 8 92 83 17 54 52 
100 46 76 15 32 74 13 19 73 60 82 49 67 18 14 98 30 42 54 8 80 77 56 35 12 100 41 26 93 94 43 3 34 22 1 75 37 62 44 78 16 85 95 5 27 20 90 50 38 52 25 7 72 17 69 31 86 24 59 65 58 84 83 51 48 91 68 47 2 33 89 45 96 39 23 70 9 28 57 6 11 99 55 29 66 88 4 10 71 64 97 61 79 36 40 81 21 87 92 53 63 
100 38 40 78 63 31 54 88 56 12 98 20 86 5 99 48 11 55 13 16 71 45 14 33 52 80 91 60 75 59 30 19 81 66 10 9 49 32 58 67 37 72 65 70 62 29 96 51 34 46 84 93 4 94 68 85 6 42 7 1 100 61 73 53 74 90 41 69 8 22 28 15 25 77 3 27 64 79 43 35 26 47 89 87 76 36 24 97 83 23 50 17 2 57 95 21 82 18 39 92 44 
100 90 74 67 57 69 34 20 13 29 70 16 56 82 11 71 59 76 23 38 95 31 44 46 63 84 80 94 26 79 6 86 68 88 92 35 54 21 42 37 4 1 87 10 47 18 93 14 89 50 5 45 27 78 3 98 99 73 100 41 30 43 36 96 8 58 65 25 15 48 39 32 2 66 22 49 60 7 19 24 28 55 97 64 83 75 12 51 81 9 85 62 77 52 72 17 61 40 91 33 53 
100 76 26 38 65 55 12 68 13 14 56 2 42 51 6 74 49 81 53 75 72 62 27 33 28 57 37 52 34 58 67 9 96 25 18 94 63 50 79 82 30 91 20 36 19 83 24 1 77 100 84 5 97 70 78 71 73 90 17 39 46 48 98 23 95 80 66 54 8 21 3 4 40 44 92 29 45 35 22 85 7 93 69 87 15 10 11 61 59 64 88 43 32 47 60 99 31 41 89 16 86 
100 24 48 20 69 5 87 74 60 93 29 44 64 14 21 92 53 75 3 91 26 63 76 85 90 23 18 78 6 95 51 86 15 100 80 16 94 39 46 88 8 40 34 37 58 1 82 41 89 38 99 31 71 52 45 61 72 79 4 36 49 62 10 2 43 59 7 12 68 42 22 50 98 19 9 84 30 47 33 13 83 67 54 35 81 32 55 56 25 77 27 97 65 73 28 17 96 11 57 66 70 
100 100 63 80 33 13 37 21 5 96 36 47 88 9 86 10 52 35 73 6 74 50 84 1 64 43 92 69 97 57 54 26 89 39 95 19 8 14 28 94 61 11 67 34 42 62 55 90 87 91 25 46 75 71 16 38 79 7 53 68 44 40 72 32 81 23 2 4 49 20 78 48 24 85 93 22 15 31 12 98 29 27 17 41 58 45 76 82 30 3 66 83 77 51 18 65 60 59 99 56 70 
100 7 10 18 47 19 32 40 35 58 45 6 11 75 16 26 5 66 25 69 29 86 2 74 67 37 63 85 42 64 95 65 97 13 87 62 96 15 51 76 33 1 46 34 99 68 20 100 49 55 21 93 39 84 36 88 91 3 57 14 28 78 56 48 90 44 80 82 70 22 52 98 17 77 30 79 89 60 38 92 61 72 71 59 9 27 73 43 4 50 24 81 53 23 8 83 41 31 12 54 94 
100 49 23 1 45 73 77 36 65 58 46 74 18 19 8 37 79 96 40 66 100 84 81 6 4 20 88 98 80 32 12 34 64 11 54 9 44 86 90 76 10 33 42 57 63 14 92 21 3 78 30 43 47 85 29 7 50 48 41 87 67 83 89 16 99 60 70 2 55 38 69 39 31 97 27 13 24 62 68 15 59 25 52 95 94 72 26 82 53 93 71 5 75 91 56 17 22 28 51 35 61 
100 9 46 21 99 28 17 34 47 55 98 77 91 93 94 43 86 56 29 57 10 20 15 5 3 85 75 7 33 23 48 39 6 32 74 60 12 49 51 45 68 38 50 59 70 61 97 67 96 18 52 42 40 80 62 64 84 76 19 66 54 24 83 89 4 1 53 73 36 72 79 41 44 13 11 16 88 35 95 90 37 92 30 71 25 2 82 27 26 65 14 22 100 63 69 8 78 87 58 31 81 
100 93 65 95 82 35 57 52 84 99 34 87 90 24 74 83 41 17 42 58 80 60 81 98 50 26 14 6 45 78 73 66 91 48 56 61 38 86 97 29 89 18 68 40 4 85 55 47 75 30 27 13 3 96 59 79 39 1 12 69 63 16 77 43 88 100 2 62 23 44 46 11 49 67 28 22 94 5 51 53 92 21 15 72 37 7 33 71 9 10 76 8 54 32 64 31 19 36 70 20 25 
100 45 17 13 96 6 30 28 88 72 4 24 49 65 91 66 59 40 69 39 76 77 11 75 63 3 78 43 12 94 19 23 53 48 86 71 31 27 5 89 58 14 56 50 60 93 8 21 90 2 33 32 35 47 67 16 22 37 81 84 29 87 100 34 55 99 82 54 83 26 1 73 20 79 25 7 62 44 64 70 57 9 92 61 51 95 74 15 85 38 36 46 68 18 10 98 42 97 52 80 41 
100 62 31 24 61 98 36 15 97 39 51 3 82 34 43 85 20 5 60 76 26 80 12 72 28 94 96 44 91 69 58 57 16 83 92 67 99 9 7 50 17 42 84 53 41 52 90 4 54 73 30 65 88 46 29 2 27 59 1 77 8 37 48 56 32 22 18 19 64 74 68 75 63 23 79 49 14 87 55 81 45 86 38 100 21 33 93 11 78 70 25 13 71 89 66 47 95 40 6 10 35 
100 78 90 51 7 47 84 31 62 3 70 24 6 74 85 12 58 80 28 69 13 100 95 57 36 87 59 82 38 76 42 65 30 63 11 23 37 14 55 44 39 40 92 49 86 29 25 73 5 89 52 66 61 22 98 32 27 68 8 64 15 35 16 60 91 97 71 33 43 18 75 46 94 53 34 77 81 50 4 45 96 9 48 67 72 79 10 17 19 54 20 83 2 41 56 21 93 1 99 88 26 
100 90 91 76 92 87 57 25 71 66 88 8 23 98 12 70 69 19 39 14 86 48 83 72 79 18 20 56 42 55 94 41 26 38 75 78 3 33 58 6 52 11 81 97 9 100 5 13 62 35 30 45 89 68 85 53 10 82 32 22 54 67 61 99 47 50 43 51 2 31 37 64 84 24 17 77 93 36 34 4 60 74 21 65 1 7 28 80 27 16 29 95 40 59 96 73 49 15 44 63 46 
100 54 19 59 22 99 60 89 86 36 75 93 46 74 55 51 56 3 82 61 33 58 43 98 38 9 78 71 12 21 13 24 10 57 40 37 6 67 90 80 50 64 96 35 11 27 31 28 4 17 20 29 42 83 26 18 23 49 84 65 70 94 92 62 88 2 53 66 97 63 79 85 44 1 52 30 14 25 77 72 91 32 68 76 47 69 45 87 73 41 48 95 34 16 5 39 8 100 7 15 81 
100 93 84 43 73 39 83 64 18 23 91 94 77 19 58 67 45 40 76 25 42 8 89 62 99 36 47 35 29 6 32 55 54 37 41 70 30 33 22 14 7 95 20 27 51 86 98 96 50 72 2 1 44 63 3 59 82 90 69 66 15 52 92 87 68 81 4 61 85 21 46 57 100 56 26 5 24 12 17 28 71 10 53 38 78 75 16 11 13 74 65 9 49 79 48 80 34 88 31 97 60 
100 44 82 86 24 67 3 91 18 7 56 74 63 60 21 100 77 43 76 40 83 94 22 88 57 35 64 16 14 47 59 29 52 2 9 45 70 89 12 93 13 30 75 37 50 62 48 1 46 69 65 53 23 68 85 80 87 5 25 42 71 51 34 54 92 49 36 79 27 28 8 32 78 33 11 66 6 38 61 4 97 31 95 81 58 20 15 10 26 98 55 96 41 72 99 19 39 17 73 84 90 
100 91 97 54 76 78 85 9 40 51 12 4 31 88 64 66 34 2 1 100 46 15 81 28 74 8 56 24 61 5 72 37 29 52 18 59 55 14 50 67 27 98 70 30 19 75 7 84 11 20 22 71 23 49 83 38 62 96 58 44 79 65 60 68 57 95 39 42 43 53 99 47 93 69 3 63 33 73 25 10 16 32 45 35 21 48 26 86 94 17 90 92 82 77 41 80 13 87 6 89 36 
100 63 28 52 29 39 9 60 25 88 31 10 8 34 91 98 1 89 97 87 71 14 62 78 80 96 54 82 16 32 74 64 41 24 13 68 67 46 99 51 23 38 40 55 7 15 20 77 72 50 11 85 90 22 37 75 47 43 86 36 93 79 92 42 56 2 81 59 73 49 19 58 21 95 70 12 84 94 61 6 76 44 100 4 26 30 83 48 53 18 66 27 57 45 3 5 65 33 69 35 17 
100 18 9 99 72 7 25 4 54 15 49 43 59 96 24 97 90 57 50 33 32 69 74 88 64 13 20 17 34 84 38 30 81 75 41 94 65 98 2 21 46 19 22 3 63 66 44 26 79 87 10 86 8 28 77 23 31 27 16 100 11 53 6 95 70 55 39 71 5 61 12 73 37 14 80 83 56 40 58 62 52 1 82 91 42 47 48 45 76 67 60 92 51 93 68 36 85 78 29 35 89 
100 85 28 55 10 38 34 24 86 21 52 46 48 99 56 37 5 59 82 22 17 11 57 93 1 77 51 69 33 44 20 58 49 31 36 68 4 67 91 13 2 71 23 92 76 89 72 64 50 74 42 94 81 8 73 6 87 98 70 80 78 62 65 75 90 7 95 61 3 96 97 16 47 83 25 84 43 53 19 66 12 79 29 88 39 35 63 100 26 15 27 9 30 14 18 45 41 40 54 60 32 
100 2 98 25 22 24 26 27 45 82 88 5 7 97 20 37 32 100 54 19 35 64 48 87 53 14 49 28 6 69 8 42 9 43 11 65 73 3 30 86 44 80 67 70 79 39 63 50 46 58 90 81 10 57 85 18 56 51 66 4 60 47 16 59 68 99 84 31 34 1 96 33 74 29 38 71 40 77 78 21 75 15 94 83 55 89 17 76 61 12 72 93 41 95 52 62 91 13 92 23 36 
100 12 41 85 9 99 46 32 20 13 26 98 59 64 68 33 56 35 18 28 21 92 30 67 31 39 24 37 57 74 52 50 84 2 49 78 11 80 45 66 72 55 44 71 90 43 53 96 95 47 51 93 8 23 69 87 75 89 70 40 86 17 22 29 73 38 3 77 1 76 4 25 6 54 91 63 19 7 58 34 48 82 62 83 100 27 94 65 15 97 79 14 61 16 88 42 5 10 36 81 60 
100 75 14 30 76 77 40 34 53 74 72 26 84 80 33 85 31 52 55 67 8 18 9 2 35 63 95 69 4 46 98 91 87 15 99 100 65 24 92 1 58 10 71 54 86 36 49 82 78 22 3 27 83 17 66 64 97 28 37 57 25 79 38 12 21 7 20 70 44 19 96 61 51 39 60 50 89 73 68 42 90 23 59 93 45 32 11 5 6 13 94 16 41 62 43 48 81 29 56 47 88 
100 66 1 78 54 28 69 73 85 67 55 91 32 94 37 79 53 38 100 19 63 82 52 25 20 11 57 71 83 92 48 64 9 23 24 80 99 62 97 76 2 7 13 72 65 18 31 29 17 43 49 89 22 14 87 39 81 27 51 59 15 68 60 5 10 47 84 61 77 4 98 30 26 12 74 44 42 93 75 41 36 56 50 95 40 8 90 58 21 86 70 6 46 35 16 96 34 88 3 45 33 
100 58 98 89 61 34 70 2 93 20 49 14 27 47 85 62 72 78 90 18 75 86 77 74 21 95 16 45 19 11 54 10 80 53 87 52 57 56 5 65 92 42 38 36 46 26 8 83 28 97 69 37 3 17 76 81 48 51 6 67 15 23 55 35 44 25 31 84 50 41 32 100 4 7 68 63 66 9 79 99 43 12 24 73 91 1 33 39 59 60 30 94 13 88 71 29 40 96 22 64 82 
100 30 29 90 98 84 11 27 97 88 8 51 49 16 71 55 70 57 35 36 42 34 95 45 1 91 76 31 46 6 62 66 94 2 44 87 58 9 23 50 13 81 74 82 89 41 96 59 38 61 78 92 21 64 24 86 22 47 72 37 56 39 75 99 43 73 54 33 48 68 85 69 100 10 14 77 60 67 20 3 40 18 65 93 80 17 53 32 28 12 79 26 5 25 52 15 83 19 63 7 4 
100 68 2 18 66 73 22 59 99 23 64 16 11 76 26 27 75 58 88 81 20 84 51 21 32 25 67 15 54 39 9 72 12 96 10 91 19 13 35 37 55 14 62 42 80 89 29 6 97 46 94 69 53 7 86 70 57 98 77 92 56 47 100 87 8 43 48 95 30 28 4 79 82 52 90 83 1 38 49 78 63 17 93 85 5 40 3 33 71 50 34 45 44 65 24 31 60 41 61 36 74 
100 12 89 31 44 15 17 58 50 72 13 57 5 81 39 75 29 96 49 60 67 84 25 74 16 6 22 9 36 87 4 86 10 61 66 14 63 37 91 97 77 30 19 28 94 35 85 73 56 1 7 45 78 26 99 80 42 47 82 65 51 93 21 64 24 32 98 100 92 53 3 90 69 43 79 40 70 2 88 8 20 95 83 55 11 41 59 52 48 23 54 18 76 68 33 34 27 38 62 71 46 
100 13 7 82 42 4 73 100 27 45 67 30 22 60 88 21 46 79 49 95 69 75 92 32 90 5 18 20 3 47 81 15 8 44 77 56 76 41 36 58 93 83 66 53 57 70 87 28 59 63 19 48 78 85 11 43 64 38 84 71 31 72 94 25 80 96 35 68 26 9 10 65 16 74 33 2 23 34 14 29 1 97 12 62 89 50 52 39 54 17 37 6 55 99 91 86 24 98 40 61 51 
100 52 92 70 33 78 77 59 23 53 30 64 11 65 55 48 32 1 10 83 22 67 45 63 85 19 47 56 81 20 15 80 99 16 79 9 88 25 57 91 38 72 62 41 44 43 27 12 71 61 66 94 69 5 54 28 76 84 93 36 87 21 95 50 46 7 89 75 97 18 40 31 8 100 42 3 82 58 49 2 26 39 6 51 90 17 34 86 29 60 24 35 74 37 4 73 96 14 98 13 68 
100 32 81 14 28 11 46 38 79 31 99 23 12 89 77 39 34 75 44 78 76 4 40 72 73 30 49 90 10 1 96 80 16 58 92 70 62 43 71 93 68 3 91 60 97 65 59 24 83 25 69 100 51 82 57 61 9 8 48 50 64 88 22 54 87 36 35 13 84 15 95 53 41 5 20 33 21 45 67 66 55 17 98 86 6 2 18 74 47 37 7 85 56 63 29 94 26 27 42 19 52 
100 54 12 76 38 93 98 89 41 27 4 37 29 64 68 1 10 77 90 88 49 43 75 59 73 47 72 17 96 20 24 45 61 22 81 94 62 86 25 100 63 65 21 53 19 36 92 83 31 82 87 30 42 44 2 9 66 18 5 91 69 40 78 15 48 46 13 95 6 50 97 99 52 33 79 51 71 56 8 32 74 7 28 70 35 26 39 16 80 85 60 3 67 34 58 11 57 55 84 23 14 
100 63 7 9 10 5 84 32 83 54 77 2 53 90 21 39 81 18 56 19 79 42 8 20 23 98 36 44 85 65 87 17 14 100 6 22 78 51 45 49 34 97 74 67 15 58 61 31 60 46 30 4 11 52 76 73 37 96 24 68 82 64 38 70 80 25 29 16 72 13 59 99 94 86 28 93 75 26 3 40 92 95 62 91 27 71 57 55 50 35 41 69 1 33 66 43 88 89 12 48 47 
100 52 68 38 45 50 29 47 58 92 53 66 55 85 91 70 93 11 60 24 78 22 42 5 21 89 34 39 62 3 18 56 17 64 46 81 43 13 72 67 96 16 31 99 90 59 8 95 100 51 88 20 61 33 77 87 71 2 75 69 74 49 63 57 76 25 10 37 9 48 15 32 30 94 79 73 6 7 98 65 80 36 86 35 84 19 12 97 26 1 41 83 28 82 54 14 27 40 44 4 23 
100 55 32 9 44 30 23 81 14 53 19 37 12 97 88 8 42 92 31 67 21 10 15 50 39 51 65 13 16 47 85 94 2 28 57 84 76 24 99 90 54 100 80 48 20 89 68 61 82 4 79 34 78 25 59 95 70 56 58 60 52 45 17 1 27 40 63 7 64 66 73 29 83 18 49 43 22 46 36 5 35 62 3 75 11 38 71 41 74 96 86 91 87 72 93 77 98 33 26 69 6 
100 13 42 74 78 7 29 79 5 32 37 75 10 6 76 99 28 89 11 15 48 22 86 54 36 97 16 59 53 12 95 1 63 64 43 20 82 45 85 96 3 31 17 60 55 67 92 73 61 57 21 30 68 94 88 84 23 81 24 87 33 9 18 2 72 35 47 77 50 8 100 90 70 91 38 19 49 93 44 26 25 66 98 83 52 80 40 39 65 4 46 56 69 62 41 58 27 14 51 71 34 
100 58 84 1 42 75 79 37 29 87 4 68 83 38 67 88 27 18 60 100 46 78 28 5 41 26 54 49 94 31 23 95 74 17 96 99 7 25 57 82 71 53 33 65 61 77 19 2 20 92 36 6 89 12 8 56 39 63 80 97 91 90 73 69 9 47 22 85 86 44 98 55 34 43 15 24 13 70 32 59 16 45 10 40 93 14 81 3 66 50 35 76 52 62 11 48 21 51 30 64 72 
100 1 36 17 44 88 62 73 65 60 85 31 43 2 58 80 90 28 52 11 50 45 40 86 51 19 26 47 14 9 46 35 25 84 39 99 32 20 75 63 67 89 12 33 49 97 27 3 16 30 91 13 98 23 77 95 4 57 71 82 79 74 53 29 56 64 24 94 66 5 96 87 48 7 93 61 59 70 41 55 6 8 34 54 42 81 92 72 100 78 83 38 69 68 37 76 10 15 22 21 18 
100 65 75 26 8 60 71 79 39 74 97 80 73 28 30 16 54 21 15 90 41 72 100 40 31 50 83 92 33 69 20 34 99 82 67 46 9 17 1 18 63 58 84 53 52 12 5 32 13 94 36 93 19 68 96 87 24 27 61 57 4 81 51 91 11 59 77 7 95 22 38 2 66 85 49 10 47 64 35 43 3 6 29 70 14 98 62 55 88 25 48 78 86 42 37 23 56 45 76 44 89 
100 78 35 14 7 50 10 23 21 70 55 51 43 64 69 44 22 71 15 82 77 65 48 25 76 34 85 16 100 96 98 18 9 12 6 61 73 99 20 37 53 79 26 29 72 8 66 46 13 95 80 81 28 56 62 3 41 5 27 36 39 92 90 45 33 63 49 52 83 11 40 60 58 74 94 54 42 17 91 30 32 31 47 68 97 57 24 88 86 2 38 4 75 59 19 89 84 1 67 87 93 
100 6 98 40 44 87 37 43 51 7 71 30 59 35 56 42 49 38 100 60 81 75 74 1 80 29 57 63 54 97 66 73 72 17 58 88 46 86 31 99 36 45 10 26 12 32 19 82 8 21 18 23 3 33 92 61 78 47 34 77 62 27 50 48 85 16 79 94 52 96 15 25 14 28 68 55 91 64 22 24 70 67 41 11 9 4 76 69 90 65 93 39 13 83 53 2 20 89 5 95 84 
100 49 86 31 97 69 50 91 68 90 14 72 8 1 10 13 98 71 38 36 7 84 79 62 29 88 41 92 37 95 63 76 80 67 27 2 65 40 6 96 74 23 61 77 51 57 56 35 81 55 30 73 11 19 15 16 45 26 17 5 64 21 25 66 44 75 83 4 53 3 89 48 43 93 100 9 22 46 58 78 28 34 99 33 18 24 59 52 70 12 39 94 20 82 54 47 60 42 85 87 32 
100 6 47 50 35 34 44 29 61 30 48 40 89 41 83 55 27 77 18 82 94 25 57 75 92 20 78 65 98 58 93 17 76 31 84 39 63 23 60 15 97 22 72 53 7 86 21 19 43 24 9 66 85 45 99 73 67 51 88 26 71 81 38 56 11 3 69 64 14 37 33 80 10 90 8 52 79 13 12 68 16 87 1 28 42 4 2 54 74 62 36 70 96 95 46 49 100 5 32 59 91 
100 12 37 55 28 8 27 58 36 44 24 52 71 23 16 3 91 9 70 40 84 22 95 42 73 53 69 86 92 38 68 6 77 63 50 97 20 99 54 61 64 10 35 94 33 90 89 48 21 76 83 85 5 19 15 78 32 47 87 41 59 31 4 100 51 82 29 45 26 81 25 60 43 96 30 62 75 88 72 74 14 39 1 66 57 46 18 7 67 13 49 11 98 2 17 56 79 65 34 93 80 
100 89 26 22 97 9 94 50 6 37 17 57 15 73 40 41 11 58 5 32 56 27 7 53 69 48 96 68 61 92 90 74 82 98 34 79 38 62 25 31 42 85 43 72 59 64 28 2 65 29 19 36 39 63 99 4 70 24 46 84 87 77 13 83 100 67 12 30 54 10 35 23 49 75 66 8 14 45 16 60 80 3 1 93 20 18 88 21 33 95 51 71 44 78 47 86 76 55 52 81 91 
100 79 61 89 83 44 86 90 13 46 32 77 34 73 98 62 19 42 30 36 93 45 1 99 58 91 64 24 11 82 23 22 88 72 37 41 16 74 69 17 43 95 70 67 6 59 81 87 26 2 49 14 33 31 39 25 10 60 96 65 47 28 85 51 3 20 71 94 54 80 100 15 50 92 66 68 63 18 9 27 12 55 48 75 4 5 40 78 7 29 38 97 53 57 56 76 35 21 84 52 8 
100 58 29 55 68 62 91 39 14 24 44 13 76 65 71 1 7 98 54 61 27 38 79 80 63 72 5 52 32 21 48 37 41 53 9 92 15 31 43 60 99 89 10 69 22 94 90 100 75 51 16 35 85 49 67 73 25 33 46 82 30 40 28 87 45 88 36 97 95 86 93 8 12 17 59 18 6 20 3 26 42 74 57 81 77 56 4 34 78 23 64 11 66 83 19 84 70 50 47 96 2 
100 94 96 40 48 99 59 31 56 4 87 11 17 82 75 52 98 20 33 42 54 10 50 19 29 70 95 64 55 78 100 18 7 89 86 26 97 28 25 22 57 83 13 68 8 88 24 62 53 72 44 85 14 38 61 6 12 34 73 23 63 16 84 58 1 91 43 35 92 41 93 80 27 45 71 66 76 37 2 47 51 60 21 30 74 3 81 90 5 39 67 9 32 36 79 15 49 69 46 77 65 
100 8 6 63 29 99 24 38 93 85 16 88 25 51 77 60 36 69 64 57 9 33 100 45 15 48 31 2 74 67 96 30 97 27 66 98 94 13 82 37 62 50 44 49 12 81 53 89 34 71 18 42 91 21 78 14 41 4 43 1 52 28 19 23 90 83 61 72 40 58 39 22 95 55 87 32 3 92 35 70 84 10 68 73 86 79 76 7 65 20 17 54 46 11 5 59 56 47 80 75 26 
100 80 96 71 55 72 66 81 43 62 17 5 85 2 53 14 45 20 28 19 21 23 89 40 31 54 75 10 84 51 83 24 68 97 33 88 1 57 65 60 49 99 7 77 25 22 18 46 69 98 64 3 94 26 67 74 92 79 34 13 32 73 39 87 70 42 9 12 6 100 35 16 29 37 61 15 58 4 36 27 30 91 93 63 86 95 52 48 47 76 59 90 44 56 78 11 82 8 38 50 41 
100 24 88 73 41 64 17 39 26 55 92 82 93 89 53 66 85 97 48 98 79 47 19 87 14 81 70 52 4 56 6 80 8 67 72 25 1 63 12 5 9 58 77 42 11 96 91 46 31 71 84 35 83 18 21 10 94 57 65 68 38 50 69 78 15 74 16 36 54 61 40 29 75 62 34 30 45 3 27 86 28 76 32 95 49 13 43 7 37 60 22 44 90 59 23 33 51 100 99 2 20 
100 16 51 38 56 55 37 5 76 64 44 61 80 66 7 83 8 1 78 75 4 34 58 20 57 29 49 19 59 67 11 88 65 70 21 23 32 14 86 52 48 45 94 90 43 68 99 60 89 63 22 71 73 28 97 53 82 9 3 36 18 50 100 84 12 27 30 87 81 79 74 24 91 93 47 39 10 2 62 95 77 35 33 6 41 15 26 13 92 85 17 46 98 42 54 40 31 96 25 69 72 
100 24 23 58 43 92 77 37 8 57 65 63 95 89 88 27 10 67 25 26 72 22 46 9 52 40 82 99 41 62 13 66 75 7 34 76 80 61 33 69 56 32 84 83 79 73 81 36 19 48 97 45 86 59 60 42 1 54 53 16 68 31 14 96 15 4 74 17 28 64 87 3 100 21 94 2 50 18 98 11 91 44 30 39 20 51 38 55 5 12 35 85 47 29 6 78 70 93 71 49 90 
100 92 82 68 12 69 74 80 85 41 19 29 52 49 54 66 95 78 2 1 58 59 28 39 27 33 46 76 13 47 30 62 72 6 4 81 75 21 38 23 51 91 9 42 88 35 70 37 93 26 77 79 50 71 56 63 18 98 53 65 48 61 89 94 32 11 3 90 14 5 87 25 83 7 100 17 96 73 16 97 10 44 24 60 55 34 36 86 45 67 22 64 20 43 99 15 84 40 57 31 8 
100 11 86 16 85 53 33 88 66 1 34 74 23 77 14 51 7 75 100 70 39 12 79 36 37 87 8 27 95 50 40 48 89 44 24 5 64 65 80 99 68 18 22 42 9 97 46 41 32 45 15 52 2 49 81 25 56 59 82 69 93 98 38 28 72 55 35 60 10 96 19 4 71 30 61 6 67 3 17 91 84 43 73 26 21 58 57 13 92 83 90 94 62 29 47 54 78 76 20 31 63 
100 82 26 66 54 36 68 77 91 23 8 21 60 41 24 58 30 57 1 92 6 48 55 85 14 51 87 25 78 5 95 47 90 75 29 7 43 56 49 45 35 22 97 44 9 84 12 52 42 88 13 80 34 11 62 17 98 40 67 28 83 81 72 31 94 73 69 89 63 93 53 50 61 33 18 99 79 70 64 65 86 2 15 46 96 39 19 4 38 10 74 32 100 59 27 71 20 76 37 16 3 
100 41 31 60 27 55 56 70 90 9 42 33 50 73 71 3 64 84 43 17 93 61 1 63 97 54 98 58 79 100 45 32 75 94 44 11 40 12 91 95 8 46 72 53 15 82 10 49 30 2 19 26 65 85 20 99 36 35 87 28 29 14 24 21 18 76 47 96 34 77 16 88 68 25 59 23 38 7 92 48 80 4 62 51 74 52 89 83 78 69 66 57 81 37 39 6 67 13 5 22 86 
100 15 68 14 42 90 59 25 75 51 27 73 78 44 85 69 89 26 83 49 87 52 7 60 43 55 77 23 61 37 91 39 11 35 76 100 16 21 70 2 84 45 3 41 86 99 17 29 5 34 79 40 32 53 96 28 80 72 10 19 4 63 12 6 8 46 22 56 48 82 47 54 13 88 71 36 97 92 33 9 30 1 31 64 57 62 93 81 20 58 98 67 50 38 66 24 65 18 94 74 95 
100 27 71 68 76 29 31 78 46 11 84 21 92 100 6 1 47 2 43 99 16 79 52 41 7 48 14 86 12 94 55 3 33 24 57 90 56 89 39 70 80 5 9 77 32 63 4 20 95 42 54 72 34 62 10 25 74 13 38 22 64 30 97 53 83 18 28 96 98 15 58 50 51 73 49 26 67 66 36 45 44 23 65 69 82 75 8 87 60 61 59 85 93 37 17 91 35 40 88 81 19 
100 16 89 55 53 40 88 31 11 60 44 84 9 72 33 98 23 94 10 52 48 19 36 39 68 46 71 35 14 59 58 86 90 47 30 20 65 45 75 34 38 5 70 51 32 17 64 69 62 6 50 26 87 15 80 22 27 61 29 66 91 97 4 74 93 49 81 57 78 42 18 7 21 96 85 63 24 56 67 13 73 8 82 95 99 41 54 77 79 76 83 12 25 28 43 3 1 37 92 100 2 
100 58 35 49 44 83 46 7 62 71 42 53 89 26 93 99 21 82 57 14 67 20 41 45 96 40 6 32 43 88 10 19 5 51 94 74 87 47 16 98 48 69 65 73 72 79 31 68 3 50 1 85 66 77 61 100 52 27 92 25 78 64 36 29 56 33 9 22 15 95 8 81 54 23 28 84 75 86 13 18 4 38 55 17 39 63 90 30 80 59 11 2 70 12 76 37 34 24 97 60 91 
100 23 24 89 35 99 59 84 82 90 80 21 93 9 44 67 41 31 64 81 62 4 87 5 28 38 55 76 74 40 65 68 25 17 1 97 46 33 83 85 15 2 95 77 71 18 47 16 11 34 69 3 42 39 57 20 13 14 49 43 63 96 52 36 27 88 19 45 94 22 66 58 8 75 70 98 78 60 92 48 12 100 30 56 6 61 29 91 53 86 10 37 7 26 72 54 32 50 51 73 79 
100 1 73 38 67 55 65 77 91 54 87 40 62 24 83 44 53 98 31 72 99 10 100 57 3 7 88 58 56 19 93 49 89 25 17 81 28 37 13 34 48 76 39 2 26 22 86 96 29 95 16 15 35 63 23 45 79 71 9 32 36 51 20 75 68 14 43 27 42 11 60 46 64 90 82 50 59 41 4 97 78 70 84 33 30 61 94 85 21 69 92 18 12 47 5 52 74 80 6 8 66 
100 62 95 30 86 22 12 89 75 98 43 27 59 21 69 45 61 5 41 67 100 16 60 10 76 63 4 87 84 90 35 13 18 79 53 39 77 20 29 97 14 73 46 37 85 48 17 47 58 83 94 11 74 25 40 15 99 44 82 54 6 1 80 51 28 55 38 57 34 7 23 91 64 42 19 24 72 70 8 49 66 78 52 71 50 26 88 36 93 96 32 31 3 92 33 81 2 56 65 9 68 
100 77 31 47 25 45 78 16 32 9 60 8 67 90 29 5 40 21 13 81 63 52 46 72 34 36 96 75 10 93 2 20 42 38 89 76 91 51 35 17 48 1 26 69 65 12 88 19 83 18 55 82 50 66 44 70 6 84 24 68 100 4 41 53 14 23 64 71 98 61 94 54 56 30 79 80 33 97 37 58 92 74 62 3 27 87 7 86 28 22 73 11 39 59 15 99 95 57 49 85 43 
100 30 86 97 95 43 78 28 69 58 5 56 38 7 70 77 29 23 75 66 59 6 26 50 11 13 15 67 22 34 8 57 52 35 20 36 82 98 71 85 88 44 63 12 46 54 21 76 47 55 37 9 53 31 45 79 27 16 4 87 99 89 65 62 1 42 41 49 19 61 32 84 2 64 83 24 18 94 17 40 92 33 51 48 96 68 90 74 93 60 72 39 100 73 91 25 3 80 14 10 81 
100 59 98 67 19 24 22 47 72 2 4 31 94 23 30 56 61 58 68 12 60 88 71 46 84 25 53 92 73 76 15 62 81 14 37 11 39 65 49 43 33 64 18 69 10 97 44 41 78 45 80 90 57 29 74 93 83 6 28 8 17 32 75 16 34 36 52 70 55 27 54 48 91 99 5 51 26 77 95 21 50 63 66 79 89 85 3 87 40 9 82 42 86 96 1 100 20 35 13 38 7 
100 71 2 75 77 99 45 34 79 24 39 22 68 23 6 72 80 83 67 26 70 59 52 46 61 57 50 13 56 100 96 47 98 42 58 92 19 73 27 49 78 33 11 93 37 40 15 65 54 64 44 90 85 43 69 91 94 35 36 10 38 76 25 9 1 29 63 12 20 89 7 95 18 14 32 4 86 82 88 62 55 53 48 21 60 74 17 81 31 5 51 41 28 66 87 3 30 16 84 97 8 
100 72 92 40 37 9 78 59 95 83 25 68 47 6 75 60 5 57 27 1 41 80 65 87 49 32 67 71 11 53 44 88 48 35 13 23 43 18 77 28 39 81 76 3 54 79 66 89 69 30 74 90 45 24 50 26 100 56 55 64 62 84 51 91 61 63 22 52 2 4 70 19 33 8 46 12 94 16 36 10 96 86 17 93 58 31 34 42 85 21 82 38 73 29 15 14 7 98 20 99 97 
100 79 38 11 30 71 16 46 59 69 78 20 29 96 39 31 44 98 76 47 4 6 51 3 100 8 63 53 42 49 21 72 65 28 87 57 94 52 61 18 81 37 19 60 91 93 13 80 43 50 70 41 10 82 74 90 27 88 95 54 66 84 77 2 86 64 62 99 32 34 7 14 5 9 33 75 83 24 1 67 56 40 23 97 48 73 22 45 15 68 89 85 55 92 26 58 25 36 35 12 17 
100 36 22 5 51 24 37 26 11 78 95 76 25 2 18 72 49 32 99 21 79 66 80 90 13 46 71 15 93 82 54 42 69 83 94 31 65 47 6 7 41 81 62 57 45 14 28 40 16 77 86 9 98 84 3 87 38 60 85 67 61 73 75 4 43 89 58 53 27 64 63 48 8 97 70 20 56 92 30 88 44 33 39 50 1 35 91 96 52 10 55 100 17 29 19 68 74 34 12 59 23 
100 81 38 43 59 16 8 14 2 93 18 28 36 32 10 92 35 23 72 89 51 70 95 85 30 66 60 73 6 71 31 67 9 53 39 17 90 96 41 100 91 57 47 7 45 82 22 78 55 98 20 61 26 74 83 42 25 68 44 87 65 24 12 4 94 69 97 29 46 15 54 37 5 27 76 33 84 56 48 64 1 11 13 3 49 58 40 80 62 79 77 63 88 75 19 86 50 52 34 99 21 
100 24 79 55 41 87 40 60 6 8 21 83 43 37 12 64 46 51 88 9 50 44 33 78 86 23 36 1 58 57 14 63 76 11 91 29 35 32 30 73 70 80 22 96 54 15 99 7 10 74 19 27 77 81 85 93 16 28 2 3 34 68 89 31 38 17 42 84 75 62 39 66 26 98 69 59 52 65 92 56 47 61 5 97 49 4 100 72 13 95 18 20 45 25 82 48 71 53 67 94 90 
100 76 66 54 10 1 62 18 82 13 21 87 5 36 30 8 49 20 55 86 11 72 79 59 51 71 28 98 50 99 12 41 74 34 2 88 46 58 9 47 53 15 42 22 94 35 56 33 61 81 84 3 29 91 37 48 67 43 7 45 77 96 73 92 70 80 25 90 31 75 52 60 27 63 100 40 23 97 39 6 4 14 69 19 95 65 68 32 78 16 24 64 93 44 38 83 89 17 85 57 26 
100 43 5 17 3 57 89 70 66 44 19 84 80 46 14 34 53 24 45 1 28 91 62 85 93 16 90 33 81 68 25 2 78 56 65 13 83 38 73 42 49 63 58 41 36 67 18 11 77 98 87 99 35 6 74 72 64 31 21 94 50 47 79 39 22 7 96 92 76 4 10 61 27 88 32 29 97 12 86 82 71 59 69 9 54 8 52 23 55 51 48 15 100 26 40 95 60 20 75 37 30 
100 35 52 17 84 16 15 27 92 46 98 95 82 40 34 2 28 1 88 51 56 43 78 10 29 89 18 3 75 64 79 69 45 66 39 58 63 70 67 55 80 7 86 99 93 100 9 44 5 90 71 96 87 49 47 61 94 81 13 76 68 50 30 31 32 65 37 91 59 53 62 74 6 57 19 25 24 42 20 12 8 77 97 85 33 4 72 26 36 48 11 21 41 23 83 22 60 54 14 73 38 
100 50 58 17 70 54 94 71 33 63 82 8 7 43 61 3 28 98 13 15 49 86 59 80 52 24 48 53 18 72 40 44 12 41 55 26 67 39 38 25 34 42 57 19 4 51 62 88 27 21 23 75 76 66 65 31 29 32 68 64 95 30 37 91 35 92 46 85 45 20 90 93 87 81 5 77 78 89 22 69 96 73 11 36 9 16 99 10 60 79 1 84 97 56 6 14 47 100 74 83 2 
100 46 63 12 81 50 45 77 26 21 59 58 47 6 66 89 38 93 67 95 99 24 74 88 37 72 57 7 2 87 55 70 22 91 62 15 97 43 9 86 1 29 98 100 35 11 51 92 69 31 39 78 13 36 90 18 19 32 71 5 83 60 52 33 85 41 75 49 61 3 96 65 76 94 48 44 27 17 73 84 53 30 64 16 8 4 28 20 79 80 23 10 34 14 68 42 40 54 82 25 56 
100 46 88 29 62 95 10 86 15 93 45 65 48 41 80 30 7 57 64 43 99 75 34 56 51 44 77 96 69 40 27 31 70 26 71 81 100 16 12 3 17 90 98 2 89 8 39 82 92 47 50 6 23 67 73 21 85 1 52 59 13 33 19 91 35 53 78 97 68 84 11 61 14 66 25 83 5 79 63 18 22 49 58 42 76 94 55 37 28 54 9 72 32 74 24 20 87 60 4 38 36 
100 1 82 30 32 49 8 53 70 18 57 68 27 90 54 44 21 20 84 33 26 83 55 47 76 75 43 66 42 93 51 39 67 35 5 23 69 100 45 22 64 46 99 13 29 19 94 63 14 89 73 80 92 98 4 88 95 97 34 24 56 25 60 58 41 28 36 77 17 10 15 65 31 62 72 74 87 81 59 37 79 86 2 85 3 6 40 12 48 11 52 50 7 78 16 61 71 38 96 9 91 
100 55 49 53 3 96 7 99 15 24 48 90 70 100 42 54 8 75 52 89 63 77 88 12 9 81 72 27 21 11 98 51 17 18 95 26 45 68 91 97 5 41 61 73 39 33 59 87 50 69 30 85 32 22 57 64 10 44 82 67 25 76 74 43 4 28 47 80 38 23 1 29 13 2 46 34 6 16 94 56 92 93 60 79 19 71 37 35 66 86 84 58 65 40 14 83 78 20 36 62 31 
100 42 98 14 65 18 37 81 17 40 3 4 79 53 93 28 55 58 15 75 77 87 61 38 12 82 35 19 23 97 64 69 1 89 94 2 31 99 9 67 73 92 34 88 80 83 6 68 25 74 5 59 41 57 100 85 45 63 71 56 78 16 39 7 52 70 66 29 13 51 60 11 20 30 49 21 62 54 8 26 72 27 22 36 86 33 43 32 90 44 46 91 48 84 96 24 47 76 50 95 10 
100 78 52 98 8 51 49 84 36 7 18 2 27 87 50 22 79 12 75 60 30 67 33 23 10 72 43 58 61 21 28 90 54 26 42 68 88 39 15 45 1 29 89 80 91 65 17 6 48 35 96 94 56 86 20 38 93 92 100 24 64 25 16 63 99 55 70 41 76 37 69 3 71 62 19 81 13 53 40 85 74 97 11 31 9 57 73 83 46 5 44 14 59 4 95 66 47 34 77 32 82 
100 99 44 40 82 16 13 96 55 24 75 58 56 48 47 7 53 3 86 23 51 22 43 59 69 63 91 14 31 15 8 30 46 72 90 34 65 62 74 33 20 81 87 29 4 21 84 26 66 78 76 52 94 5 36 10 60 97 12 49 64 98 50 28 54 61 70 38 39 25 35 80 71 100 1 93 19 32 45 68 95 67 41 27 17 6 73 83 18 88 11 42 9 2 57 79 77 89 37 92 85 
100 64 33 85 41 34 8 97 31 74 86 29 32 94 17 91 68 66 54 18 36 51 22 52 95 58 62 93 56 45 80 83 72 49 21 20 48 99 50 10 6 100 63 44 96 87 53 5 12 70 27 76 42 90 81 65 61 40 9 19 13 24 4 47 25 2 39 14 98 16 7 79 35 37 26 11 92 78 55 57 3 43 38 15 67 73 69 71 23 84 75 28 82 77 46 89 1 30 88 59 60 
100 89 63 35 16 95 59 75 84 21 9 98 18 19 14 6 66 83 82 31 40 91 26 94 67 12 77 2 29 80 37 85 88 48 54 92 58 49 15 68 34 100 72 76 43 44 56 7 97 64 90 1 62 36 46 42 60 78 61 23 30 74 17 47 93 20 3 28 32 87 57 5 45 10 52 51 50 33 41 4 8 39 22 86 38 25 24 96 81 71 53 73 55 79 99 13 70 27 69 11 65 
100 53 17 70 51 4 28 27 10 91 61 93 86 2 71 40 37 45 30 90 13 59 47 95 73 82 16 88 79 35 24 44 98 68 6 92 64 8 80 99 36 14 76 19 57 50 84 87 97 42 49 65 11 31 96 41 66 60 58 63 20 55 9 83 5 3 34 33 67 75 56 100 62 7 54 77 89 69 81 18 43 39 1 74 46 23 25 85 94 12 29 32 26 48 72 21 38 52 78 22 15 
100 95 70 98 41 92 65 96 76 85 63 23 91 84 69 52 19 40 26 51 12 49 67 90 22 83 25 80 87 73 93 9 43 14 13 79 24 31 78 29 74 37 61 2 30 57 34 36 50 16 44 64 56 46 99 48 72 38 7 94 71 21 58 42 1 33 59 4 88 81 86 10 32 18 82 62 17 5 45 27 6 66 89 47 75 77 68 100 15 97 54 20 3 39 11 53 8 35 55 60 28 
100 51 76 60 2 77 34 23 30 91 61 89 86 38 12 27 3 8 81 37 80 73 11 59 46 20 53 96 41 71 92 67 93 58 100 52 49 9 85 32 57 29 95 84 10 39 90 26 18 5 56 16 82 75 64 78 94 6 17 25 1 65 13 97 45 24 68 19 47 40 69 21 33 15 79 28 50 36 31 42 72 63 22 66 98 88 99 4 14 44 7 35 83 48 55 43 74 70 87 62 54 
100 22 89 15 60 32 94 21 8 96 47 77 49 57 6 73 63 7 90 81 35 18 36 92 82 99 85 74 59 45 95 12 14 91 76 5 88 19 42 53 1 78 66 86 46 2 33 23 50 29 67 24 79 43 27 9 41 20 10 28 83 48 40 72 98 44 17 37 51 39 31 26 38 80 61 68 16 55 93 75 56 84 70 52 71 54 3 11 34 64 65 87 69 13 4 62 30 25 58 100 97 
100 66 23 53 41 44 78 76 95 69 51 8 98 39 13 30 45 54 55 36 65 1 58 22 88 64 74 29 37 3 71 96 90 77 16 82 70 34 25 84 59 56 35 72 40 86 50 42 15 46 17 83 91 75 4 89 31 79 80 7 12 28 38 19 10 6 61 99 2 26 14 43 68 62 67 81 73 24 60 18 33 11 20 9 27 32 85 5 94 97 92 47 52 49 87 63 48 21 93 100 57 
100 4 63 52 92 58 93 90 18 76 54 20 51 88 40 26 83 25 11 35 89 27 42 7 2 94 17 77 5 98 15 32 57 61 12 82 43 59 48 74 39 87 47 86 68 28 30 70 55 85 73 45 3 66 62 96 46 100 69 56 71 8 37 6 13 1 34 97 29 78 24 38 16 60 99 36 10 95 84 23 19 49 44 21 91 65 79 80 41 75 72 14 50 31 9 81 67 64 33 53 22 
