100
100 43 67 72 88 10 64 97 56 66 92 38 82 7 51 53 42 48 62 71 61 100 4 25 99 94 11 31 77 23 95 75 50 29 81 12 63 1 19 28 13 44 39 45 58 86 93 5 17 70 3 85 52 16 89 87 78 57 49 21 8 60 37 83 18 46 68 30 24 65 35 22 27 98 54 9 33 41 91 20 84 15 2 32 59 47 90 80 34 36 69 76 6 14 74 96 40 55 79 26 73 
100 41 23 24 100 17 33 15 34 75 72 8 32 94 73 63 48 64 80 87 12 84 61 47 89 90 96 29 3 93 69 77 43 6 91 95 74 79 57 18 35 66 65 99 26 70 68 86 4 97 67 44 92 30 60 5 85 54 83 58 40 2 81 14 42 7 21 49 20 28 50 45 88 19 71 37 39 53 46 36 1 52 31 25 78 9 38 62 11 10 16 51 98 76 13 55 27 82 22 59 56 
100 11 27 2 45 78 6 22 69 36 58 33 93 7 51 100 90 49 81 34 3 79 74 29 92 76 72 5 32 1 71 41 75 73 66 30 13 12 91 48 98 63 57 62 4 28 61 96 67 84 83 47 14 60 26 46 59 99 86 54 64 23 31 55 40 95 15 9 18 88 17 10 43 16 94 80 77 53 24 70 37 89 35 38 97 39 25 44 52 56 82 68 65 85 50 8 21 19 20 42 87 
100 47 3 62 73 21 4 38 30 56 18 64 24 67 58 28 48 63 71 46 26 49 36 78 90 45 57 74 54 77 41 20 51 91 14 93 15 83 1 89 16 17 75 27 5 88 23 37 96 53 80 92 32 6 61 11 44 82 10 72 33 12 68 9 50 43 13 97 19 31 7 69 79 55 85 84 95 65 22 94 76 2 100 81 29 40 35 98 70 25 34 42 59 66 52 86 87 99 8 60 39 
100 9 43 55 27 6 37 56 68 24 92 22 45 73 81 32 38 89 25 66 98 8 5 67 75 100 87 34 14 29 36 28 42 90 51 59 48 35 40 46 16 44 69 95 65 60 49 12 33 94 53 3 86 61 47 20 11 74 2 54 13 10 50 39 71 52 26 23 83 72 91 7 80 70 31 19 96 85 97 76 88 93 4 64 78 63 79 41 84 15 57 1 99 82 62 58 30 21 17 18 77 
100 64 84 89 14 11 42 13 12 85 38 45 95 23 68 63 46 15 3 98 47 53 75 7 19 72 1 48 87 77 62 67 37 96 83 54 52 81 51 17 56 27 5 35 49 60 66 32 41 43 40 74 9 80 50 8 10 99 31 18 21 33 71 57 2 65 78 100 29 39 26 16 28 22 61 76 82 90 88 97 79 6 30 36 4 94 92 34 73 91 69 55 24 70 86 20 93 58 44 25 59 
100 74 62 68 99 44 80 50 42 67 48 35 39 86 95 7 77 33 15 23 79 85 89 10 45 88 47 32 37 61 5 34 20 70 8 19 26 69 60 6 49 55 91 52 53 13 65 11 40 82 75 83 76 66 93 87 43 31 92 56 38 71 4 51 14 28 41 84 64 58 2 1 78 72 22 16 27 25 90 18 46 96 97 94 100 30 63 9 3 24 29 17 81 36 59 57 12 73 21 98 54 
100 96 44 23 41 92 47 14 73 49 89 15 59 67 26 48 34 62 71 12 45 95 53 16 63 29 91 70 7 50 56 38 60 18 77 82 32 25 93 3 69 40 33 11 2 64 22 65 84 10 75 99 6 35 68 72 13 46 19 28 79 54 61 30 24 21 78 5 80 98 39 66 31 9 8 57 81 1 27 36 85 97 20 76 37 42 74 86 100 88 94 90 55 83 17 52 4 87 43 58 51 
100 75 14 84 65 34 100 40 83 91 74 43 41 81 64 59 51 50 66 36 46 28 25 82 8 63 32 77 27 69 33 2 89 12 15 6 99 92 30 68 21 45 29 3 60 97 86 73 39 76 70 9 16 55 95 98 17 87 13 71 37 53 56 22 54 61 24 67 1 80 19 20 72 85 96 62 4 79 7 58 48 78 52 11 94 90 44 18 35 10 49 23 88 57 38 47 26 5 42 31 93 
100 27 82 26 98 71 33 51 22 36 1 68 49 83 97 10 38 74 17 93 85 59 70 28 5 92 41 80 8 6 52 89 75 100 87 91 47 73 60 53 25 14 69 67 61 77 32 24 20 12 3 50 88 86 16 45 18 95 15 4 78 43 72 2 23 48 79 7 39 30 66 63 19 64 35 57 96 76 56 34 13 29 9 42 84 94 99 11 21 65 44 90 55 40 31 81 37 54 46 58 62 
100 27 18 81 23 8 34 4 35 47 33 83 15 28 91 52 67 84 11 92 85 7 25 69 65 21 72 93 46 64 99 66 9 50 68 32 24 3 71 96 55 44 2 78 97 58 13 5 42 54 26 43 12 30 80 82 100 38 29 39 22 86 45 76 70 51 88 56 62 19 16 48 60 73 89 87 37 95 14 75 10 41 1 61 20 98 36 94 49 79 31 59 6 57 90 40 77 53 17 74 63 
100 79 65 85 8 35 99 69 59 60 67 55 34 36 88 24 40 47 86 27 25 15 70 7 16 62 51 76 74 100 14 68 44 77 20 75 96 92 50 66 17 43 98 33 42 94 83 45 1 73 63 10 12 61 22 71 53 9 37 46 18 90 97 80 78 57 87 11 32 4 89 54 21 39 48 31 28 58 56 13 5 19 6 64 72 49 3 29 23 38 93 41 91 2 84 30 95 26 52 82 81 
100 49 15 72 44 89 57 88 53 11 47 34 43 22 8 10 95 5 16 18 41 80 92 97 26 60 14 63 32 31 7 37 20 62 35 73 12 67 55 94 71 91 66 83 27 68 75 86 99 54 48 28 42 65 50 59 76 2 100 9 58 24 96 33 17 52 93 64 87 13 30 45 85 39 6 77 38 1 70 84 51 78 29 98 69 81 23 40 46 56 21 74 79 25 61 19 3 90 36 4 82 
100 99 95 28 38 41 64 76 20 52 86 51 91 56 8 25 78 92 22 70 23 61 46 31 6 77 45 47 71 50 81 13 94 4 65 49 21 79 37 11 10 9 40 42 39 62 74 36 87 16 35 3 54 17 1 67 27 85 96 72 83 33 15 57 73 48 18 29 58 98 26 59 2 34 14 97 68 12 66 19 53 82 32 30 63 89 60 88 43 100 84 93 55 44 24 69 7 90 80 5 75 
100 97 14 83 45 9 56 89 6 55 19 60 67 30 96 13 94 21 43 28 78 29 36 79 17 95 20 53 5 8 50 39 40 98 68 64 69 66 31 74 88 25 75 92 4 2 46 99 10 23 38 51 84 73 61 82 34 77 91 85 58 7 12 87 70 63 57 62 1 52 80 16 15 32 93 22 26 86 59 49 54 44 65 42 48 81 3 76 24 18 72 41 47 27 71 11 90 100 37 33 35 
100 97 32 3 11 6 21 29 66 1 86 38 57 77 41 98 68 53 39 12 31 75 94 83 18 35 10 28 52 48 56 49 100 22 95 67 46 99 61 81 24 20 85 80 4 87 26 44 7 91 43 47 27 71 36 15 88 73 74 76 16 23 9 92 96 55 62 14 79 70 93 17 69 34 64 2 40 59 82 45 89 19 37 63 54 50 84 33 60 72 58 65 25 30 78 13 90 51 8 42 5 
100 34 15 91 47 72 79 76 31 24 61 69 36 86 73 8 37 87 80 97 89 74 65 78 5 90 64 18 75 67 30 59 9 39 68 28 70 48 35 42 6 29 26 3 77 53 81 44 100 99 22 54 66 19 63 32 41 17 52 12 4 16 82 27 23 46 2 94 96 38 56 1 57 20 7 49 33 62 14 85 43 88 10 11 45 50 13 21 71 60 95 51 83 25 58 55 84 40 93 98 92 
100 83 43 33 100 93 36 60 6 17 63 49 87 86 85 26 65 28 51 61 78 42 57 24 71 90 45 27 76 13 19 44 72 40 12 55 96 80 1 37 8 98 75 94 50 70 91 67 79 4 47 89 41 58 77 20 9 11 35 38 34 84 23 74 46 39 10 81 53 48 88 95 97 3 56 25 99 31 21 59 14 82 66 5 92 64 52 16 29 2 69 54 62 22 68 73 30 18 32 15 7 
100 57 52 88 11 58 3 26 36 21 60 77 99 61 30 13 81 79 96 46 97 8 56 75 34 93 95 82 32 19 6 33 94 62 20 91 98 27 65 55 43 84 48 100 22 9 87 76 69 70 41 74 40 90 66 5 23 59 31 67 42 54 71 25 16 2 51 7 45 86 64 44 10 37 92 49 89 53 83 39 72 29 80 24 73 47 35 63 12 4 85 17 14 15 28 78 1 68 38 50 18 
100 38 57 27 72 25 76 50 83 53 40 16 75 26 18 7 19 82 10 64 3 45 80 32 15 94 13 47 62 5 73 97 85 8 55 79 6 51 78 52 42 28 61 35 81 84 77 30 74 96 22 95 33 86 43 65 39 49 70 4 12 11 66 34 58 46 67 48 100 20 37 29 63 59 92 23 93 41 91 99 54 88 14 69 68 17 1 90 24 89 9 60 87 56 98 31 2 44 36 71 21 
100 72 21 52 1 61 29 55 20 65 69 9 19 94 30 85 10 17 98 27 26 86 95 67 71 68 53 81 22 91 44 4 39 28 62 51 33 100 7 56 35 75 5 32 34 77 2 79 41 49 47 74 88 50 70 92 13 58 57 43 15 54 16 66 64 6 99 42 31 40 11 45 12 80 8 83 63 60 96 14 93 84 37 59 36 23 18 25 3 87 82 38 46 73 78 76 24 97 48 89 90 
100 55 94 11 42 96 26 44 69 12 52 23 2 16 72 98 93 48 88 46 25 18 58 60 40 78 91 45 33 29 3 27 39 86 41 28 65 36 1 53 89 68 81 90 70 10 85 7 43 73 34 66 22 67 100 30 79 13 74 24 15 82 75 37 84 4 63 50 99 87 80 62 59 56 54 14 76 97 38 9 35 57 83 92 71 21 49 51 95 20 8 64 19 32 31 6 17 77 61 47 5 
100 16 30 14 41 72 76 99 39 13 32 44 100 22 90 55 61 12 5 27 93 65 40 36 34 17 95 53 68 87 98 25 92 21 73 86 58 74 62 3 79 24 48 49 64 11 97 18 47 37 26 15 81 83 57 8 71 7 67 2 9 75 31 4 60 51 33 85 96 20 82 38 42 46 69 54 6 84 80 94 56 66 43 50 35 28 19 63 52 23 91 1 59 70 29 10 77 78 88 89 45 
100 3 38 10 89 28 97 19 29 82 44 13 72 87 7 76 48 91 49 26 88 64 18 20 83 22 47 98 68 45 32 24 5 15 8 80 27 66 81 40 57 50 36 70 1 62 58 78 2 71 16 56 53 25 84 21 12 95 51 92 6 43 60 63 23 46 67 34 39 61 65 93 42 79 100 90 94 86 9 17 11 55 41 74 54 30 35 96 4 99 33 14 52 73 85 59 37 31 69 77 75 
100 78 70 12 89 56 53 11 72 38 22 87 93 84 44 26 24 60 5 7 18 71 97 79 83 2 9 98 99 67 82 1 35 19 92 69 57 66 25 29 61 51 6 41 90 39 88 37 15 20 81 40 4 14 86 59 75 62 30 28 27 54 50 73 23 8 48 65 96 94 42 46 3 33 76 85 10 55 58 45 52 31 95 17 21 47 80 13 64 49 77 36 63 43 32 91 74 34 100 68 16 
100 15 95 88 23 1 7 56 17 69 22 78 13 87 49 99 12 98 40 66 34 76 30 27 38 5 71 70 64 67 42 29 25 86 20 46 82 60 81 97 11 58 21 10 43 48 31 59 37 96 53 57 3 61 68 8 50 28 75 19 90 16 26 91 80 92 9 79 35 24 77 36 74 55 72 73 39 62 83 47 45 41 84 63 52 65 14 94 44 54 33 6 51 85 4 93 18 100 89 32 2 
100 53 38 98 25 24 52 6 67 13 37 44 45 63 11 20 94 68 59 41 60 65 90 80 54 66 62 64 78 56 91 9 42 18 76 17 7 23 21 82 83 74 96 88 28 61 72 35 75 70 3 86 92 33 36 16 8 95 51 27 81 5 34 85 10 71 87 99 97 19 15 55 43 84 12 79 40 26 30 2 22 73 77 32 31 39 50 46 14 58 1 49 89 93 4 57 100 69 29 47 48 
100 56 46 19 51 13 36 18 80 23 54 93 14 17 33 32 47 29 73 81 10 99 86 16 62 30 52 100 8 70 38 98 59 89 53 12 97 22 26 65 76 15 27 45 25 6 82 58 41 60 11 91 28 90 63 61 88 3 31 87 1 96 39 48 79 64 5 75 71 24 34 69 67 94 9 35 77 43 84 55 20 42 50 85 44 72 92 49 40 95 4 21 2 74 83 7 37 66 78 68 57 
100 93 45 31 97 16 11 74 19 7 29 86 30 55 36 72 47 53 20 27 91 23 68 57 84 61 63 71 32 14 90 65 50 100 92 9 70 51 87 39 22 56 33 12 41 94 8 13 6 58 60 78 35 81 64 5 52 37 18 2 76 88 43 67 95 49 3 62 26 98 46 15 80 99 38 75 79 28 34 17 44 40 21 1 10 4 69 24 66 48 89 42 85 73 83 77 54 96 25 59 82 
100 66 56 22 44 36 23 87 92 43 75 32 33 55 18 49 14 47 61 17 16 96 53 35 25 12 74 24 10 39 38 6 82 19 27 90 13 91 60 80 71 40 63 81 97 15 72 5 59 98 79 85 88 94 50 99 54 86 41 73 62 20 51 7 46 84 52 58 1 42 45 29 93 26 69 4 48 21 68 76 65 67 37 95 70 64 78 100 28 2 77 3 9 31 89 30 83 11 34 57 8 
100 88 70 21 95 69 38 65 49 6 99 79 91 29 67 90 4 35 71 61 41 32 93 76 23 44 28 78 57 15 47 83 77 92 82 17 87 7 85 84 11 34 100 43 25 68 27 30 45 51 18 39 5 2 55 20 22 14 40 26 31 52 89 80 46 42 81 56 19 33 13 59 37 8 50 96 24 97 66 64 54 62 74 10 36 3 73 9 63 60 58 1 16 12 48 75 72 98 53 94 86 
100 24 73 98 81 86 74 64 72 88 93 69 25 35 44 46 39 87 2 11 80 99 57 16 28 21 85 17 78 95 67 47 37 38 91 90 70 96 48 89 68 52 23 92 54 94 45 8 66 5 15 83 71 9 3 43 19 13 60 62 18 50 34 32 30 77 4 7 33 79 40 84 12 10 55 29 82 26 97 58 76 20 31 42 75 36 100 65 51 49 53 59 63 6 1 56 41 22 27 14 61 
100 73 98 96 13 76 63 44 36 32 87 28 7 78 21 60 22 34 18 64 94 17 30 82 54 25 90 84 93 16 12 71 39 27 20 100 65 2 43 62 70 92 49 26 35 42 31 91 46 79 66 15 72 88 81 75 50 51 5 48 58 57 67 59 69 37 47 97 4 11 40 6 68 41 38 61 86 10 19 80 8 56 99 29 74 53 23 83 77 3 9 52 85 45 55 24 14 1 95 89 33 
100 11 54 9 43 35 70 74 62 57 69 24 33 78 65 5 56 38 2 77 94 90 42 23 34 63 59 53 22 72 17 81 32 1 26 79 89 4 20 7 10 37 92 73 48 60 12 31 15 97 58 3 76 45 61 71 55 98 82 46 75 64 100 14 87 8 36 19 80 95 13 51 67 68 93 6 66 16 40 41 85 99 39 25 44 29 50 52 91 88 86 27 47 84 83 49 30 96 28 18 21 
100 100 20 87 42 58 79 9 72 24 82 76 3 1 14 37 68 40 5 54 80 75 57 36 22 92 56 70 39 91 15 84 49 2 16 95 65 85 33 71 11 4 73 94 51 7 21 66 29 97 32 47 93 98 34 77 74 55 89 41 83 44 25 38 31 67 64 62 53 8 81 18 59 86 27 6 26 99 78 88 19 50 96 46 52 90 12 28 63 45 30 48 35 10 13 43 17 60 61 69 23 
100 59 5 91 43 39 19 3 44 66 11 36 8 61 76 6 87 97 57 89 21 72 74 68 41 47 82 86 75 69 12 54 45 48 88 55 10 100 56 60 33 13 92 70 23 31 58 38 28 49 73 78 30 83 18 51 71 27 15 94 50 40 20 37 42 2 67 79 29 96 4 52 53 46 1 84 99 85 81 22 93 77 64 32 25 14 17 65 26 90 80 62 34 16 7 63 9 98 24 35 95 
100 96 43 37 90 73 58 27 71 98 13 31 91 41 51 25 5 21 77 92 28 33 12 10 34 9 55 59 39 60 95 23 40 75 83 4 82 57 62 64 18 38 42 99 3 47 36 63 93 54 88 81 44 15 20 66 65 76 19 14 16 46 79 7 45 29 24 72 97 80 70 26 87 84 8 67 49 56 61 53 48 6 1 50 52 89 11 17 74 78 69 2 100 94 86 32 35 30 68 85 22 
100 52 79 10 89 4 33 78 64 65 71 100 81 36 60 27 1 35 39 93 54 73 61 68 19 95 70 63 32 42 87 44 46 18 75 47 74 84 29 72 62 85 24 57 41 99 23 16 21 58 3 12 97 6 2 14 13 91 90 69 34 17 56 15 7 26 43 40 80 20 83 77 8 55 53 92 11 9 82 22 28 48 67 59 45 76 38 50 86 5 31 98 96 51 88 66 49 94 25 30 37 
100 15 54 2 83 36 11 68 35 16 1 94 32 53 34 20 41 6 65 40 38 73 3 12 21 66 46 47 44 30 14 80 81 82 51 4 22 24 25 50 9 63 28 86 29 62 95 72 49 52 100 10 57 98 58 8 87 13 91 27 61 74 93 99 92 71 78 75 33 69 26 70 31 64 43 55 23 84 42 7 18 37 59 76 5 67 48 97 17 60 96 89 77 88 39 45 19 85 56 79 90 
100 65 80 69 24 50 4 19 33 34 56 97 42 77 41 30 63 23 15 40 59 32 66 55 99 20 75 8 94 39 89 74 70 57 96 62 79 29 100 7 5 31 88 36 26 2 18 12 83 68 78 93 71 25 21 81 64 37 84 22 60 95 76 54 90 48 52 43 35 44 17 58 72 49 92 61 1 85 38 82 86 9 91 10 53 11 47 27 87 6 16 28 45 46 3 51 98 13 73 14 67 
100 40 68 87 91 55 17 100 29 31 85 11 16 63 65 51 64 89 56 39 21 58 71 59 18 93 14 49 4 35 9 36 79 70 54 3 45 75 22 53 99 50 82 13 61 69 74 6 97 84 96 73 23 5 66 62 28 60 10 7 43 92 1 77 12 15 41 24 86 52 19 2 46 8 32 48 34 98 44 76 47 33 88 26 57 25 42 37 83 94 30 80 67 81 38 20 95 78 72 90 27 
100 30 54 49 53 45 55 7 98 11 33 46 90 63 67 57 34 72 76 47 71 82 75 62 19 41 88 64 14 95 66 80 10 40 8 18 93 61 94 28 16 35 70 52 22 78 81 60 15 84 43 92 65 48 87 37 77 20 32 96 59 83 6 5 1 58 3 50 89 29 42 13 99 21 24 56 100 86 73 38 39 85 17 44 9 4 74 2 97 36 26 12 79 27 91 69 25 31 51 23 68 
100 86 22 68 6 63 17 66 15 37 33 25 49 96 7 79 73 9 70 28 42 20 71 1 16 95 24 91 59 4 41 84 97 3 23 94 64 5 65 58 34 62 40 60 18 35 69 87 54 43 21 89 46 26 30 29 83 74 75 10 36 14 47 81 31 76 78 55 19 13 48 2 93 52 27 90 53 72 45 61 85 50 100 57 32 56 88 38 77 80 82 12 99 44 92 8 67 51 39 98 11 
100 17 43 96 63 22 23 95 73 15 83 59 66 39 57 79 80 76 27 58 34 12 36 77 68 26 1 100 5 62 46 42 89 3 24 14 91 21 65 4 16 84 20 86 93 81 48 2 82 11 31 51 92 35 56 13 8 7 54 97 6 49 87 53 28 78 74 61 29 45 37 41 32 69 44 33 52 47 67 70 64 75 98 88 25 85 50 55 10 30 18 40 94 71 99 60 90 9 38 72 19 
100 83 69 78 73 12 39 70 19 34 67 82 11 87 66 52 48 75 55 15 17 96 50 10 21 89 26 43 37 46 40 32 95 28 80 13 58 33 100 4 6 9 94 81 61 85 45 74 51 93 16 23 64 57 86 22 20 41 30 88 25 76 91 8 54 47 65 99 53 49 92 68 2 56 27 18 1 7 59 3 38 31 42 90 79 60 71 36 44 63 97 5 29 62 72 35 84 98 77 14 24 
100 59 6 7 36 91 82 37 34 29 26 75 84 48 45 79 66 28 80 43 96 62 53 68 9 50 22 33 17 13 11 40 92 12 21 95 42 19 8 99 83 25 5 20 47 71 54 4 18 2 87 14 56 55 46 27 23 64 86 57 77 41 88 49 89 24 78 97 69 61 16 76 44 70 72 3 67 1 38 58 32 93 90 60 100 94 73 74 51 10 85 31 30 65 81 35 63 98 52 15 39 
100 65 43 55 23 89 94 66 9 36 32 82 75 96 38 17 83 7 39 14 97 24 8 60 53 58 69 29 90 64 15 61 67 77 86 4 48 33 88 76 37 98 95 62 3 42 56 41 91 16 10 92 59 25 68 40 52 46 80 50 31 87 12 13 49 30 20 71 11 81 54 72 47 51 1 19 74 21 79 34 44 6 84 35 18 100 57 63 93 26 73 45 99 2 85 5 22 27 28 78 70 
100 43 41 94 89 13 70 36 57 50 76 6 85 5 91 67 14 40 46 8 23 17 51 74 3 34 49 1 81 83 53 92 59 79 18 86 71 60 73 69 35 75 77 24 15 9 58 45 88 12 93 62 61 80 29 33 52 30 38 100 97 98 99 44 16 32 4 95 65 56 82 19 11 72 55 10 64 66 63 31 87 20 37 78 42 26 54 84 22 7 25 21 47 2 39 68 27 96 90 48 28 
100 82 92 45 83 61 34 95 4 19 76 60 24 30 7 55 64 11 73 33 16 18 58 98 8 47 84 91 96 22 40 38 36 97 100 52 25 88 1 66 93 3 21 62 77 49 68 43 69 65 31 14 51 17 10 63 20 80 81 44 42 89 72 56 59 28 32 86 5 78 85 23 74 13 70 48 46 75 57 90 79 53 15 6 35 71 41 50 37 67 12 2 94 99 26 27 29 39 9 54 87 
100 24 26 27 33 41 35 6 50 75 65 8 61 64 97 15 66 89 5 31 43 38 59 7 95 85 100 46 57 56 1 49 52 25 74 62 29 28 79 94 39 17 87 93 60 96 70 36 98 88 19 32 40 72 44 30 58 73 99 76 55 23 21 47 48 67 42 90 86 45 9 51 68 4 37 82 81 18 11 13 71 80 22 54 34 63 91 83 78 53 20 69 84 77 2 16 3 10 12 14 92 
100 33 43 46 85 35 2 90 51 26 48 57 8 58 9 40 84 74 50 12 97 16 70 98 22 19 28 81 31 67 75 55 69 37 47 96 76 56 39 53 23 82 3 38 95 73 25 18 14 88 77 30 79 32 92 72 21 87 59 64 54 89 7 93 99 1 41 49 20 34 10 66 52 11 5 83 44 61 94 91 71 68 63 6 78 15 42 29 4 60 27 100 24 86 80 62 17 65 13 45 36 
100 56 45 25 51 98 75 24 48 84 6 23 64 1 73 34 52 97 76 65 78 47 40 39 29 43 96 35 95 93 60 86 67 32 16 7 8 18 92 90 80 61 28 26 17 94 12 71 20 82 37 50 30 88 83 11 49 46 22 53 85 77 89 27 68 62 36 72 19 81 5 79 41 63 91 31 33 70 38 10 54 66 57 21 69 74 44 58 59 15 2 87 4 55 3 13 14 42 99 100 9 
100 75 82 44 68 24 72 36 14 69 45 70 92 13 76 65 33 37 97 83 32 49 46 67 81 40 93 43 61 96 74 7 35 91 39 52 6 55 18 47 56 80 58 48 100 38 23 9 17 95 26 3 60 63 94 50 27 54 71 89 62 88 2 64 86 30 31 77 73 19 8 87 84 98 21 99 29 53 41 11 16 57 79 90 10 25 1 12 15 42 51 85 59 66 4 28 22 34 5 20 78 
100 6 3 68 70 91 12 85 81 67 56 43 89 51 92 37 15 62 76 99 63 47 100 97 7 79 82 71 28 95 13 69 53 86 83 75 22 45 1 48 41 27 46 77 44 42 57 23 31 64 87 11 73 39 54 4 78 74 25 34 49 33 98 17 14 88 80 16 21 2 35 10 24 55 19 32 20 29 94 90 9 59 96 58 5 61 36 26 38 18 60 52 50 40 66 84 72 65 8 93 30 
100 19 61 79 24 100 80 93 69 22 91 81 57 48 38 83 7 85 26 37 39 50 55 56 84 17 53 62 76 82 59 2 10 4 97 29 44 96 51 60 34 46 8 25 74 18 45 66 42 90 12 92 58 3 65 78 99 41 67 86 47 21 72 40 87 89 28 20 5 13 52 98 31 73 63 15 30 11 32 94 9 68 35 88 14 49 23 71 70 95 75 27 54 16 43 33 6 64 77 1 36 
100 84 40 66 31 16 61 34 2 26 37 3 50 1 69 11 75 32 55 6 18 72 8 44 80 41 71 15 5 86 70 22 52 48 10 4 30 12 74 17 51 57 7 47 14 93 68 24 94 83 49 28 63 91 58 20 95 9 54 76 88 23 85 19 97 87 79 73 59 46 98 96 45 65 27 89 33 39 43 60 67 81 77 53 36 78 13 35 25 82 38 99 42 62 90 21 64 56 29 100 92 
100 59 47 33 75 89 23 44 65 77 71 6 12 36 50 73 25 91 43 15 55 26 69 9 38 16 49 22 19 62 80 42 81 86 79 94 10 82 27 4 18 45 21 84 63 11 3 100 56 61 7 66 90 8 2 39 14 20 87 98 24 35 53 68 41 46 85 88 54 95 1 34 30 5 96 51 52 58 37 72 32 31 17 64 60 83 99 13 74 97 67 29 48 70 78 93 28 92 40 57 76 
100 40 33 72 61 2 12 86 74 73 75 97 87 68 21 79 15 84 5 53 18 48 31 54 16 60 30 77 55 43 47 22 63 58 52 70 83 71 27 56 10 4 96 11 59 50 20 100 38 37 89 42 6 26 29 99 46 82 98 28 57 14 93 23 9 67 69 90 94 13 95 24 62 36 91 32 81 78 17 88 64 19 80 76 65 3 1 41 8 85 51 66 49 34 35 92 45 25 7 39 44 
100 74 9 60 22 45 10 99 73 49 36 40 95 63 38 25 61 27 50 72 80 29 41 53 87 48 30 91 17 23 54 51 44 3 82 81 56 79 92 89 24 7 98 12 33 59 16 47 1 14 15 78 84 58 31 65 55 71 28 100 42 90 26 19 70 66 46 13 76 2 35 64 32 18 34 67 20 77 86 8 11 85 4 62 97 43 96 21 69 39 68 88 75 93 6 52 94 5 37 83 57 
100 6 5 54 48 60 1 56 13 58 97 10 8 30 69 95 75 79 14 84 32 15 68 37 51 22 59 83 49 39 36 3 23 61 62 9 4 31 65 24 2 11 92 40 71 77 25 12 99 29 38 70 50 44 33 21 55 64 53 91 93 90 98 47 16 100 76 52 35 66 17 28 63 80 89 85 72 20 74 94 82 88 19 81 42 34 43 86 41 78 67 27 57 45 87 7 18 96 46 26 73 
100 30 40 6 43 53 12 29 20 19 100 46 66 31 33 60 92 13 87 24 70 5 44 35 38 28 75 3 23 55 32 34 42 4 18 8 72 27 50 14 11 15 84 62 9 36 25 83 86 39 58 94 64 78 63 48 85 96 57 67 2 77 89 16 41 98 81 10 91 1 22 45 56 95 88 21 71 99 80 17 74 79 51 65 59 76 82 52 73 49 93 61 47 7 97 37 26 69 90 68 54 
100 5 67 64 56 85 60 83 36 31 11 89 42 66 3 81 84 1 43 25 61 4 88 26 6 8 99 78 74 46 76 44 71 75 19 93 53 23 30 86 49 22 96 14 73 24 17 79 51 33 98 15 68 92 10 48 37 82 47 70 45 21 50 65 91 95 9 35 7 32 58 41 13 2 52 77 90 12 80 87 94 16 38 34 29 28 20 72 55 69 97 62 54 39 59 63 18 57 40 27 100 
100 55 1 69 97 57 73 59 61 71 42 2 49 54 23 74 82 80 67 28 72 77 81 6 48 43 96 8 35 93 86 25 27 38 91 63 75 50 62 58 90 4 60 89 78 26 85 21 99 20 44 31 22 53 98 5 15 45 18 94 14 17 65 24 51 33 37 52 46 12 19 30 68 32 95 100 10 29 92 16 66 13 64 87 39 47 11 83 36 34 56 88 76 41 3 9 70 7 40 79 84 
100 22 71 40 27 87 61 10 86 47 64 45 66 7 8 25 97 41 74 68 82 90 100 70 80 5 67 20 49 99 14 59 93 39 76 65 32 26 75 85 35 78 62 92 57 33 48 96 83 44 36 6 81 16 38 15 54 24 1 9 30 43 60 46 2 13 50 94 91 29 72 79 77 98 11 4 73 37 63 23 3 56 28 58 95 21 42 19 52 89 34 12 55 53 31 69 17 84 51 88 18 
100 42 47 26 57 64 60 1 72 19 11 28 93 73 6 30 38 55 27 98 36 48 12 16 58 14 5 8 34 33 75 67 76 52 9 21 29 37 83 17 4 100 68 50 89 87 79 90 92 65 18 69 44 31 59 25 85 61 86 41 32 70 84 54 51 71 80 97 91 62 20 7 23 53 40 45 88 39 99 56 74 43 13 49 95 82 78 22 66 77 46 24 2 63 81 96 3 15 10 94 35 
100 29 43 78 74 14 22 10 92 95 79 11 9 57 17 26 15 49 41 7 59 38 20 56 39 13 76 58 37 3 82 94 31 27 83 77 84 23 63 99 44 35 93 90 32 18 85 42 55 12 61 28 72 16 34 66 51 40 33 71 54 21 2 87 86 96 73 30 19 100 67 52 36 62 48 80 68 91 46 53 47 8 75 25 5 45 6 64 60 50 4 89 70 97 69 65 24 98 1 88 81 
100 20 54 97 8 74 88 42 64 69 49 53 43 34 77 36 81 48 27 72 15 16 10 85 57 19 55 4 63 98 96 31 52 76 89 61 3 13 86 38 99 68 75 65 70 83 9 60 35 84 58 51 26 67 62 17 87 79 44 45 78 39 6 1 22 23 14 95 37 71 21 32 59 5 66 56 80 18 12 93 50 40 11 46 7 82 100 41 92 24 29 2 33 28 90 94 30 73 91 25 47 
100 18 6 96 38 65 33 56 82 47 9 5 58 57 89 21 76 19 50 3 2 30 49 44 42 92 36 53 26 16 68 99 83 45 81 34 100 91 25 71 87 12 29 93 13 70 55 52 35 62 79 85 54 78 20 60 97 74 80 14 72 90 95 77 84 8 32 63 10 75 37 46 15 31 48 88 11 51 61 1 39 24 94 98 7 64 73 86 66 43 41 28 27 40 67 22 69 59 17 4 23 
100 55 83 4 17 39 69 80 12 15 92 27 7 11 75 58 71 91 66 36 98 63 25 64 45 50 30 46 60 78 79 20 42 54 57 21 31 14 97 94 85 34 95 52 100 81 3 16 65 1 26 84 51 89 99 28 6 90 72 68 53 29 43 23 19 2 56 40 77 47 61 87 96 32 59 33 86 35 88 93 18 49 10 73 37 62 22 38 48 13 5 76 74 82 8 44 9 70 67 41 24 
100 30 40 2 79 18 50 39 34 7 88 93 45 72 76 83 53 5 32 84 71 65 36 6 61 59 95 90 89 20 96 49 22 11 23 17 10 9 33 86 85 43 56 62 77 15 52 98 28 21 42 67 19 13 92 37 58 100 44 12 74 38 69 25 81 16 75 64 35 3 8 82 99 63 78 87 4 73 54 1 97 31 60 46 70 24 26 55 14 66 27 41 48 68 47 91 80 57 94 51 29 
100 63 99 33 91 65 30 42 89 24 38 57 36 86 88 35 93 32 51 81 50 98 66 48 47 7 3 92 97 22 100 44 74 34 68 87 11 77 41 49 67 73 71 52 90 82 18 45 13 8 21 23 5 83 26 75 17 76 96 20 53 28 60 6 54 15 25 62 29 12 43 70 1 27 95 55 19 10 14 69 2 59 85 56 79 16 78 9 31 72 84 94 39 37 80 40 61 4 58 46 64 
100 58 73 86 20 7 100 16 60 2 26 36 44 57 62 97 14 95 56 61 54 53 70 3 78 24 9 28 15 39 45 52 68 89 17 49 96 38 33 1 75 50 77 92 37 31 13 71 65 29 22 91 79 46 72 4 51 93 74 11 99 21 42 76 34 85 32 69 48 27 40 43 98 80 30 90 12 55 47 63 25 8 66 87 10 64 88 41 84 6 5 82 59 94 18 23 35 67 83 19 81 
100 83 82 33 85 15 61 68 49 54 19 35 66 18 100 23 39 57 79 3 32 44 27 42 36 14 47 24 55 75 41 86 88 78 43 92 60 7 95 38 29 5 4 17 10 26 65 13 46 91 45 74 73 59 58 99 69 1 56 77 93 51 12 64 98 22 28 48 89 52 84 31 97 96 30 63 76 81 62 37 20 80 34 87 25 90 8 16 94 70 21 67 2 72 6 40 53 11 50 9 71 
100 67 24 12 82 29 68 47 93 59 32 31 79 98 95 52 7 26 36 62 100 60 38 74 21 27 5 86 78 23 16 10 75 49 99 55 39 53 66 80 90 11 57 6 41 48 40 4 14 85 81 54 61 18 89 42 64 50 94 9 20 71 43 22 45 96 70 35 91 28 65 13 30 8 58 88 1 51 44 46 77 33 83 25 37 63 73 17 84 87 97 19 2 3 72 15 34 92 56 76 69 
100 35 52 86 63 36 66 33 58 2 87 24 80 17 56 15 83 81 64 88 100 68 54 41 18 3 65 21 98 50 22 29 73 75 55 16 28 14 20 32 99 45 94 12 7 1 11 76 89 57 82 90 37 79 9 13 91 10 70 71 47 23 19 8 93 85 31 92 38 69 59 62 27 25 49 96 43 53 84 77 46 97 26 95 78 34 48 5 4 67 40 51 61 44 30 60 39 42 72 74 6 
100 50 70 80 53 99 67 38 41 6 27 10 85 64 65 11 88 17 32 73 90 31 47 22 72 40 49 56 3 87 14 68 23 46 7 36 5 39 95 51 44 43 59 35 94 24 82 34 45 54 69 79 37 9 91 2 58 57 8 96 89 4 30 55 74 12 81 25 1 33 20 19 92 86 13 78 93 18 15 66 75 42 28 29 71 52 84 98 26 83 62 77 61 97 63 21 16 48 60 76 100 
100 16 71 12 42 11 14 13 32 35 84 70 39 15 87 66 29 28 82 46 23 9 50 10 19 92 55 2 33 17 69 76 67 96 63 44 27 58 48 30 95 83 31 77 20 25 81 57 86 89 38 79 90 88 53 51 99 73 80 100 4 7 34 64 43 65 22 74 72 75 26 68 5 94 41 6 78 40 37 8 52 93 47 62 18 3 97 60 91 1 54 24 56 61 49 59 45 36 98 85 21 
100 81 45 34 1 42 46 88 49 76 22 17 72 2 52 23 51 30 90 38 74 26 48 77 69 43 15 80 39 67 41 9 68 7 96 73 61 18 47 97 27 31 57 79 35 11 89 44 54 92 83 19 36 85 95 8 71 14 3 20 13 75 25 63 16 99 65 32 40 37 5 50 12 86 91 87 94 21 93 70 59 62 98 24 4 10 56 78 60 66 64 33 29 53 55 84 82 6 100 28 58 
100 98 79 77 26 69 97 39 63 14 61 73 15 51 46 80 38 35 89 54 92 16 48 50 25 90 99 24 59 100 36 32 70 62 20 76 49 94 10 34 2 7 57 75 12 23 66 95 8 40 21 82 78 67 43 42 19 11 53 27 96 83 71 17 29 44 47 74 64 60 18 41 84 5 93 86 30 56 28 3 4 52 37 81 58 13 6 65 45 88 33 1 22 72 9 68 85 31 55 91 87 
100 72 5 93 74 99 22 31 24 56 39 7 61 70 81 73 85 49 91 43 38 8 84 94 34 77 52 35 63 86 88 30 78 64 20 4 13 92 83 57 51 55 32 1 3 21 48 82 17 95 62 42 41 50 67 14 36 98 66 97 2 16 53 46 15 28 80 54 87 90 44 12 26 33 18 45 6 59 76 69 96 9 40 27 75 79 100 89 23 19 10 47 29 11 37 71 65 60 25 68 58 
100 64 35 23 47 17 60 4 91 92 25 14 28 66 75 85 2 20 70 43 72 32 97 13 65 93 81 16 100 51 79 33 40 5 8 71 48 39 61 15 59 55 24 83 37 36 38 10 74 6 31 26 84 7 18 49 67 30 62 78 34 19 56 86 54 95 90 50 46 63 1 9 80 77 88 41 21 58 98 3 52 96 69 29 45 12 73 89 22 87 44 57 27 42 11 53 68 94 82 76 99 
100 23 67 25 58 32 94 65 87 59 13 99 21 46 26 16 15 75 14 86 84 76 79 91 48 30 19 80 6 83 57 9 34 54 12 22 93 45 81 37 62 69 2 82 28 100 10 36 4 18 50 8 78 7 51 90 89 27 55 52 73 96 53 39 77 41 3 60 85 95 38 72 49 11 63 35 92 20 74 40 33 5 31 43 88 47 24 1 70 56 61 97 66 17 68 98 42 71 64 29 44 
100 78 69 82 36 29 79 71 17 2 100 14 27 42 28 52 32 46 80 59 4 75 62 72 20 40 3 31 19 61 89 16 26 38 67 92 74 55 81 53 25 94 85 13 6 9 30 50 64 73 21 95 39 1 34 66 7 76 23 45 54 87 90 70 99 49 84 24 35 8 98 68 83 15 96 91 63 57 5 51 60 10 88 93 58 47 22 12 56 65 37 11 97 48 44 43 41 33 18 77 86 
100 89 56 59 35 50 13 77 17 78 90 44 65 12 43 41 99 8 54 58 84 66 25 36 80 92 61 67 79 63 85 9 96 45 7 28 5 52 81 83 82 95 76 70 64 91 51 18 15 42 62 6 23 40 3 49 48 2 69 16 38 94 20 34 27 53 71 75 33 88 21 93 22 11 24 98 72 86 26 46 47 31 4 97 19 39 29 73 37 1 87 57 55 32 60 74 100 68 30 10 14 
100 94 51 27 34 35 96 40 55 97 29 48 90 87 22 16 11 75 67 45 19 99 72 23 58 98 69 44 32 43 60 8 13 4 70 100 25 33 49 12 31 93 59 73 66 86 76 36 77 95 81 53 65 64 63 56 26 41 52 42 47 18 68 30 46 39 83 9 91 85 57 38 1 20 28 92 17 78 10 71 21 24 88 89 14 5 62 54 50 37 80 61 84 2 6 79 74 7 3 82 15 
100 14 59 42 76 95 16 28 88 66 44 4 23 54 41 86 84 24 6 73 39 71 56 87 46 57 35 89 25 49 74 33 58 5 81 93 40 55 13 21 80 19 52 30 2 17 83 63 8 69 77 97 94 43 47 38 31 15 79 75 92 68 82 65 29 18 91 22 85 62 60 27 99 32 37 36 67 48 20 7 100 70 1 26 10 90 72 98 12 45 51 96 53 78 64 3 50 11 34 61 9 
100 11 51 82 31 1 80 21 33 59 58 43 45 24 76 41 98 32 53 44 20 81 57 70 92 71 69 13 96 47 86 89 39 3 91 9 38 35 99 42 93 36 90 74 64 56 54 52 87 17 16 14 26 77 46 4 85 72 6 8 95 63 7 55 40 30 75 73 23 28 29 5 67 62 68 22 88 60 49 83 34 18 78 37 19 97 15 100 94 27 12 84 79 25 48 65 50 10 66 2 61 
100 1 72 57 18 20 98 31 51 23 10 89 29 71 3 6 96 76 78 84 64 15 35 28 52 24 99 5 82 81 97 26 85 86 40 36 13 74 55 12 37 22 16 25 47 62 44 38 21 56 87 77 2 90 69 61 8 9 83 43 48 27 95 68 7 45 19 100 11 33 54 73 53 46 34 79 80 63 41 91 39 30 50 94 49 4 60 70 32 93 42 92 75 17 66 58 14 88 65 59 67 
100 18 60 92 93 84 42 74 61 100 70 41 66 95 28 72 85 20 65 14 98 81 25 21 26 2 7 96 69 48 83 54 87 36 50 9 62 97 94 32 43 23 90 53 73 76 89 8 35 11 71 80 13 45 33 27 51 49 29 31 63 30 56 77 15 1 40 58 17 12 47 68 55 16 79 91 64 67 10 88 5 57 46 59 19 44 78 99 39 37 4 6 52 24 86 3 75 22 38 34 82 
100 14 91 15 93 99 21 63 11 98 13 23 39 82 62 37 75 94 16 6 76 38 80 42 88 60 90 22 50 61 84 71 28 20 5 100 59 34 9 17 95 77 46 41 19 65 26 8 56 51 32 86 4 40 29 44 10 78 81 48 68 72 83 45 79 58 7 27 43 3 70 18 57 1 31 54 85 67 96 35 49 87 69 25 33 74 92 73 2 89 30 24 64 12 53 55 97 52 66 47 36 
100 85 21 94 30 11 74 35 65 63 96 88 10 80 5 22 42 59 25 98 13 4 7 52 33 38 60 18 16 68 49 69 36 93 61 41 76 34 15 2 84 82 28 48 73 99 37 17 71 14 12 70 77 89 26 45 67 90 87 78 81 72 58 53 27 64 6 95 79 100 19 50 39 91 3 9 62 20 43 92 57 1 32 44 54 8 23 86 24 51 97 56 55 46 75 47 31 66 40 29 83 
100 13 31 22 57 14 71 98 87 53 16 69 15 7 86 90 44 29 11 50 45 91 92 25 1 26 20 49 70 24 51 84 73 37 10 96 3 17 33 34 85 94 88 89 9 27 81 6 97 28 58 39 67 35 55 78 8 83 4 43 79 60 93 77 99 38 56 47 2 32 19 42 46 76 65 75 21 64 23 30 63 66 59 100 61 82 40 95 5 74 54 36 52 48 62 12 41 80 72 68 18 
100 28 97 71 75 93 50 77 22 84 74 53 68 85 17 18 32 100 67 52 58 34 41 99 98 72 43 55 59 90 20 1 73 3 27 63 78 76 82 49 10 6 86 44 35 11 81 65 19 57 2 47 51 29 54 5 79 83 12 69 21 37 89 70 40 36 9 26 25 80 88 24 15 16 30 61 87 96 94 38 23 31 92 64 45 62 56 48 13 95 39 66 7 33 8 42 91 60 4 14 46 
100 43 20 56 18 13 1 24 44 99 53 77 29 69 46 48 42 94 12 8 41 4 14 39 7 21 85 95 19 27 93 52 98 82 38 10 83 58 15 97 26 3 87 47 5 70 22 74 11 61 35 96 6 60 72 2 90 80 57 92 16 37 78 45 51 54 65 88 81 55 59 62 73 76 63 32 49 36 66 89 40 34 79 91 86 71 64 30 68 75 84 100 25 9 33 67 17 50 31 23 28 
100 72 97 11 12 41 91 44 63 25 84 50 88 10 26 83 45 15 79 62 31 23 78 2 5 93 66 3 14 8 24 53 81 16 18 49 100 4 95 67 21 20 98 85 57 13 96 58 29 35 76 19 60 6 68 70 51 69 94 90 87 9 59 46 56 42 65 33 43 1 92 22 73 27 61 86 64 71 38 47 75 52 32 39 55 7 30 48 37 54 17 28 82 34 89 36 99 77 40 80 74 
100 19 87 14 88 44 63 4 94 24 39 55 26 60 84 82 17 3 79 37 29 77 62 73 49 98 2 45 34 58 16 92 21 32 23 70 67 41 7 48 20 76 50 75 57 27 9 90 86 33 10 35 36 54 64 53 78 95 25 100 38 1 97 13 5 59 89 11 30 85 6 61 42 93 66 8 46 51 81 71 56 18 52 43 80 40 65 99 69 74 96 68 91 31 15 47 72 22 83 28 12 
100 77 100 79 32 33 54 22 13 90 25 97 21 52 8 42 95 3 18 40 88 64 67 69 81 60 44 36 94 96 59 84 91 49 56 87 76 34 75 86 63 73 35 46 30 62 41 14 66 57 70 68 5 72 17 1 38 99 12 11 89 16 78 23 37 71 93 45 83 98 53 74 28 4 24 6 15 50 82 47 43 55 27 9 7 65 10 39 85 80 2 26 51 61 92 20 29 31 58 48 19 
100 84 55 70 93 61 9 87 1 42 65 35 79 86 12 64 15 71 48 47 90 81 99 78 52 49 11 2 74 31 69 41 13 8 18 24 77 43 53 96 36 32 59 45 28 95 5 68 46 4 97 22 67 88 38 73 76 54 44 14 20 37 7 17 83 26 91 33 30 56 82 16 3 72 92 27 89 25 63 58 98 66 57 21 94 40 10 85 50 51 80 62 39 34 75 100 29 60 6 23 19 
100 35 14 74 24 56 4 33 76 37 27 39 99 95 50 61 78 23 5 55 18 2 19 89 22 53 92 17 63 83 47 44 98 79 28 84 73 34 11 46 48 80 70 10 86 43 6 21 36 9 59 13 40 25 52 41 67 30 72 64 49 7 3 96 68 62 12 94 81 91 75 38 42 1 16 60 26 100 51 54 77 93 97 45 20 57 29 65 69 31 8 32 90 85 15 88 66 87 71 82 58 
100 77 85 48 35 10 68 49 31 94 44 23 71 3 6 13 93 96 5 24 100 60 65 12 19 58 54 86 84 1 46 42 59 98 80 38 21 15 90 63 45 11 41 30 34 8 53 33 67 14 70 18 64 74 55 69 39 51 4 7 88 99 83 50 52 76 87 66 75 78 43 47 37 29 95 56 62 82 25 79 89 92 32 91 28 17 16 61 9 81 22 26 2 72 73 20 27 36 40 97 57 
100 91 99 66 73 50 13 47 75 61 65 12 87 93 49 5 2 45 55 98 27 33 85 41 7 6 100 20 44 67 35 36 38 3 80 64 37 92 86 17 71 63 62 79 43 51 4 90 74 77 40 84 52 94 29 54 9 57 97 14 18 15 1 19 89 70 30 83 24 59 78 26 68 39 81 22 42 82 48 95 25 46 8 28 32 58 31 76 10 34 60 88 23 72 53 21 11 16 56 69 96 
100 80 36 25 49 58 2 83 13 54 46 1 61 31 21 12 24 56 26 67 88 77 27 28 60 91 9 41 75 40 35 63 47 37 79 98 10 99 3 22 70 100 50 4 93 64 74 48 95 59 76 72 34 68 78 5 11 15 71 38 20 96 18 90 39 8 57 33 16 55 14 42 51 19 84 92 81 86 32 45 65 82 6 94 97 85 44 29 17 73 66 30 69 53 52 23 62 7 87 89 43 
100 82 79 28 61 42 83 1 50 30 72 12 19 77 58 26 29 15 20 60 10 86 74 97 99 44 54 49 90 57 88 27 78 47 46 93 69 94 25 16 66 62 48 80 73 98 91 52 87 33 4 68 9 92 100 67 55 89 17 34 56 63 3 84 76 41 31 32 36 70 81 18 43 59 75 24 39 95 7 22 8 96 53 38 5 65 11 40 85 35 21 14 23 51 45 6 37 2 71 13 64 
100 40 35 83 8 45 71 51 12 57 34 61 9 97 47 69 64 87 24 52 10 33 55 78 80 32 65 86 82 85 98 21 79 2 58 4 84 73 14 20 89 17 54 36 50 56 63 72 93 70 28 30 39 11 59 18 90 42 3 41 27 96 29 26 44 68 66 77 76 60 74 49 13 22 5 48 6 53 94 95 23 16 37 75 100 81 62 25 19 88 67 38 31 46 91 99 7 92 1 15 43 
100 32 49 96 79 37 23 45 43 87 34 18 3 89 77 29 21 84 100 53 38 91 48 17 14 4 44 56 35 55 78 64 42 1 88 75 92 57 54 59 70 86 2 11 85 60 19 28 68 10 46 30 51 97 50 74 98 95 6 65 25 15 13 7 76 5 33 27 26 93 80 69 12 24 66 47 8 73 63 72 39 83 81 41 99 90 22 40 82 67 94 31 9 61 71 52 58 62 36 20 16 
100 68 39 16 55 79 46 74 22 61 63 43 19 25 100 64 29 91 83 27 47 51 96 33 8 10 44 15 56 26 5 75 4 72 54 35 11 71 2 95 81 12 37 62 13 3 59 52 28 23 24 45 50 99 86 6 73 7 90 70 77 32 42 34 94 31 18 93 17 14 82 89 41 97 87 84 60 69 30 36 67 38 21 66 48 57 88 80 58 20 49 53 40 98 9 85 65 76 78 1 92 
100 86 77 39 81 17 16 35 31 90 84 26 70 10 80 36 69 60 87 13 38 40 76 99 9 44 82 93 51 2 47 68 27 55 28 62 46 21 67 24 32 12 89 73 59 91 74 78 41 100 22 15 23 56 57 66 33 54 37 65 75 30 48 45 11 3 6 83 1 8 14 71 43 50 53 18 64 42 72 95 25 88 4 85 5 20 58 34 7 97 94 61 52 98 96 79 92 49 63 29 19 
100 34 88 100 39 36 33 50 70 10 30 85 28 45 2 98 4 72 48 58 23 21 18 95 31 62 15 19 83 49 73 22 38 55 76 67 63 53 79 90 43 65 94 92 27 7 57 99 46 44 12 14 13 86 11 97 91 16 5 56 82 40 93 69 37 78 42 84 60 81 20 9 32 47 1 51 17 75 8 89 24 3 87 96 66 25 6 80 29 52 71 74 41 68 59 35 64 26 54 61 77 
100 45 9 89 52 99 33 27 51 93 2 98 100 39 6 71 70 18 86 5 62 76 40 12 1 7 22 61 77 57 37 65 66 8 54 21 47 67 41 25 23 11 36 31 13 26 97 83 44 60 30 32 35 92 95 73 75 85 81 49 90 79 63 94 42 80 88 96 4 56 53 69 91 14 48 64 20 16 28 10 43 17 55 87 15 68 59 19 29 72 82 84 38 78 46 50 58 24 74 34 3 
100 61 87 60 46 32 35 16 98 43 8 2 97 88 50 77 96 40 73 10 26 18 99 91 79 7 55 44 80 69 100 78 41 76 22 5 89 86 33 11 20 59 66 57 65 94 36 83 74 13 90 37 27 14 38 24 84 72 54 58 93 52 82 23 6 56 51 85 30 19 92 64 9 75 68 81 29 42 49 53 31 15 95 47 3 63 39 4 48 67 21 1 12 70 45 71 34 62 28 17 25 
100 94 60 20 97 17 43 21 46 99 36 33 92 55 63 28 93 15 86 76 9 90 84 22 41 38 87 7 5 35 68 37 6 81 30 74 69 34 44 50 29 66 85 82 62 75 65 26 64 53 13 56 72 95 47 4 52 70 51 19 100 67 88 24 91 11 58 96 8 49 10 83 61 48 71 45 57 77 54 40 25 73 42 39 78 79 32 27 3 59 1 80 23 18 2 14 98 89 12 31 16 
100 55 64 75 4 41 69 19 12 21 84 6 25 47 70 1 3 38 23 86 2 29 32 48 100 97 51 28 42 98 9 60 7 96 66 68 74 14 90 76 27 11 17 39 94 43 30 50 46 82 57 13 62 99 22 34 45 92 65 10 44 18 31 52 71 40 16 87 93 35 88 61 24 85 67 20 15 56 54 77 63 53 95 80 73 89 37 26 78 49 5 58 33 72 83 81 79 91 36 8 59 
100 68 91 73 83 39 29 81 67 47 75 65 78 55 41 43 50 18 16 8 27 32 66 99 17 74 38 100 33 1 31 22 12 3 98 51 79 94 54 6 71 90 9 95 63 15 35 97 10 57 48 76 88 69 20 37 44 80 42 46 26 59 56 23 49 53 19 13 5 30 36 72 11 62 70 86 28 45 4 60 7 77 96 21 52 24 85 34 93 89 64 92 82 84 61 40 87 25 14 2 58 
100 95 11 3 34 13 35 64 92 41 61 19 77 39 20 88 100 48 38 9 43 2 65 50 80 94 67 23 14 58 44 86 12 68 52 47 98 51 22 26 85 70 97 90 56 49 29 21 59 28 84 89 66 93 87 25 24 82 72 7 62 17 36 15 74 46 57 69 81 42 83 55 76 79 37 63 1 91 31 27 8 16 10 33 78 73 99 4 53 75 18 45 32 54 96 5 60 6 40 30 71 
100 86 76 45 9 40 59 62 82 100 94 58 30 67 95 49 18 23 24 75 81 34 42 60 99 26 54 22 79 4 71 12 41 91 1 5 65 7 56 51 31 29 36 48 92 55 17 87 88 16 43 6 46 78 44 33 98 28 37 68 64 20 21 19 3 10 66 72 77 57 2 53 47 80 69 13 90 61 15 93 8 35 96 74 38 70 39 52 27 83 89 32 11 25 85 97 14 84 50 63 73 
100 76 73 16 37 77 68 60 67 55 65 32 85 1 88 93 52 17 31 7 2 99 47 41 97 39 24 40 53 5 96 61 86 6 57 30 25 66 28 98 50 38 22 81 14 80 26 36 91 18 8 42 89 59 84 69 87 92 12 43 74 4 11 10 63 23 15 72 49 35 45 33 82 100 90 29 79 56 46 13 19 54 78 9 20 34 62 44 48 71 64 70 3 51 83 95 21 27 94 75 58 
100 52 49 75 5 77 72 21 53 17 58 91 73 51 62 3 54 98 11 84 61 74 12 16 24 87 2 76 71 63 85 50 22 29 55 39 93 57 1 10 70 68 97 96 40 14 94 4 37 33 6 18 65 100 88 47 20 64 23 83 25 79 89 90 38 43 81 44 41 30 59 60 80 82 31 95 69 28 9 45 86 19 56 32 34 13 36 46 48 67 42 8 66 26 7 99 78 27 92 15 35 
100 30 11 74 62 46 33 25 36 19 21 66 27 5 26 90 44 89 67 75 20 76 23 34 4 37 14 53 80 56 49 59 99 45 29 88 54 83 97 68 8 95 31 79 77 47 85 41 7 28 9 82 84 72 18 32 42 10 1 55 93 71 3 64 87 100 12 13 58 92 6 24 70 61 78 91 86 15 73 69 17 35 38 52 16 39 2 43 22 96 65 63 60 40 81 94 48 51 98 57 50 
100 33 52 20 11 34 37 64 97 71 13 39 61 92 89 10 76 28 100 41 38 66 2 8 5 3 91 44 98 75 86 85 65 14 60 48 81 82 68 47 30 36 77 25 59 18 62 9 95 27 90 40 1 51 19 79 99 69 57 88 7 96 12 49 63 6 50 56 70 84 83 45 42 73 21 93 58 72 67 94 78 26 80 87 43 16 46 54 22 29 17 32 23 31 35 55 24 53 74 15 4 
100 3 38 74 39 24 11 30 99 19 23 71 42 7 78 25 100 16 22 52 61 66 87 26 2 67 37 17 27 6 69 80 32 29 65 48 81 5 18 63 35 15 68 84 92 73 41 21 77 94 50 93 72 95 49 28 36 51 88 53 55 45 31 4 56 83 14 98 43 13 86 57 89 91 85 90 97 10 46 20 64 40 33 96 12 44 60 62 9 79 58 8 75 47 82 34 1 70 54 59 76 
100 42 19 69 73 62 43 98 92 97 90 37 91 57 82 50 86 99 23 35 64 24 41 13 58 5 84 12 28 52 16 3 78 8 40 76 20 53 29 67 33 39 14 21 71 59 89 17 87 60 51 31 55 54 77 32 81 61 1 66 2 34 96 6 45 94 80 47 70 9 49 26 93 85 95 48 11 7 10 83 38 56 4 15 79 46 75 65 25 74 44 22 30 63 27 68 18 36 100 88 72 
100 59 24 86 70 22 79 40 87 4 55 26 5 82 18 14 46 9 48 3 89 63 23 62 1 6 60 13 33 47 45 39 36 94 99 50 92 37 11 16 20 95 2 71 91 85 42 90 38 73 12 68 75 100 8 34 98 53 7 32 77 88 29 78 31 83 69 44 64 41 93 76 10 25 61 28 74 49 15 21 84 58 17 67 35 52 30 57 81 19 54 66 43 97 80 51 56 65 96 72 27 
100 16 23 71 78 65 32 97 54 56 76 47 81 1 17 84 39 75 67 95 70 22 80 64 94 40 93 38 43 48 18 21 53 24 28 31 60 63 72 42 62 74 88 4 51 69 20 57 35 44 52 11 68 5 34 12 19 58 36 49 33 73 61 96 9 100 27 92 2 10 13 99 6 45 30 83 91 7 89 37 79 41 82 8 87 85 15 98 90 14 46 77 66 3 55 26 25 86 50 29 59 
100 25 78 20 26 29 14 81 49 8 28 12 52 69 84 94 71 3 7 46 17 89 39 22 74 96 63 75 33 66 62 6 55 82 87 13 38 59 98 57 24 53 44 79 56 86 27 10 15 36 18 45 31 11 91 73 93 51 19 92 2 4 1 23 21 42 77 32 40 41 99 9 95 88 50 58 67 85 48 72 43 100 5 83 16 97 34 61 60 76 35 68 54 90 37 30 64 47 70 65 80 
100 67 66 48 46 13 17 51 15 31 65 77 2 27 23 53 7 39 83 28 45 70 98 10 32 44 82 92 9 18 55 58 34 81 87 85 54 97 64 12 47 19 30 35 49 21 88 4 56 74 6 78 41 3 76 11 24 20 8 50 69 36 52 1 29 26 25 59 33 62 57 37 91 100 73 93 42 75 84 80 14 86 94 90 79 89 60 38 71 68 43 63 40 72 22 99 61 96 5 16 95 
100 89 86 53 68 63 44 52 51 73 56 60 40 22 5 64 62 74 81 1 71 33 28 90 27 38 20 21 42 25 9 15 2 16 45 98 57 70 99 82 39 17 72 6 26 85 97 48 32 41 69 24 35 78 18 49 79 19 43 29 83 66 75 7 31 23 67 34 96 91 92 50 59 46 65 30 4 11 76 36 88 94 14 37 55 93 100 80 8 87 61 58 84 77 10 54 12 13 47 95 3 
100 11 46 58 9 57 47 64 73 3 80 88 6 83 20 35 38 66 4 71 19 28 25 97 90 50 54 22 74 15 12 10 5 86 8 75 72 33 27 53 13 68 62 29 85 31 45 56 65 81 41 37 49 70 69 87 30 78 60 2 79 51 89 32 100 63 18 17 55 36 48 24 34 84 99 77 91 52 26 59 76 23 42 93 67 21 61 94 44 39 14 43 1 96 95 7 40 98 82 92 16 
100 5 55 21 18 31 38 29 49 93 46 3 80 75 19 27 83 33 2 81 96 67 35 43 30 61 48 92 78 70 90 10 58 73 12 94 34 24 100 84 64 22 40 95 72 6 51 16 62 54 79 20 82 9 4 97 11 41 8 65 13 69 59 77 23 56 88 42 44 86 85 60 71 66 57 98 7 50 37 63 91 17 74 76 26 25 32 28 36 99 39 53 1 14 68 47 15 52 89 87 45 
100 87 99 58 30 7 77 39 94 24 41 31 70 37 43 63 76 32 3 73 54 21 85 90 11 23 81 64 40 17 10 51 44 69 34 62 19 82 6 1 56 100 27 22 38 48 55 66 29 50 5 71 2 47 57 59 83 98 20 60 53 86 26 13 12 36 88 8 33 67 16 18 95 45 89 92 80 84 9 15 14 74 72 68 49 96 93 65 28 35 4 91 75 42 25 61 79 52 46 78 97 
100 84 64 66 6 57 63 14 48 45 11 93 96 47 78 52 76 97 54 1 42 37 83 75 92 19 3 4 62 58 21 70 43 85 40 44 59 32 74 80 71 8 90 67 5 29 95 31 30 7 25 99 94 36 79 35 56 73 60 18 88 10 81 53 34 17 87 28 15 91 27 65 33 100 38 98 69 12 68 72 55 13 86 22 41 26 77 50 23 82 2 39 51 46 49 20 61 24 9 89 16 
100 27 4 45 40 18 21 84 99 30 94 43 13 81 66 92 69 6 17 79 87 62 73 14 95 23 9 65 89 86 50 42 10 97 77 20 38 32 83 8 2 93 33 34 26 68 78 25 28 36 90 39 60 82 55 48 47 22 85 29 52 63 70 96 51 56 88 76 3 71 98 91 24 54 59 100 61 72 64 5 67 37 80 41 75 1 44 49 31 46 35 11 19 74 53 12 7 16 58 15 57 
100 1 76 51 44 17 33 55 19 90 6 40 93 77 12 10 64 23 8 79 35 11 61 96 34 32 3 30 62 95 66 92 38 26 27 31 53 28 59 69 87 57 99 29 39 73 22 14 48 78 5 84 89 54 50 25 97 49 20 37 67 4 15 56 36 18 91 71 70 46 13 65 7 2 83 100 58 72 45 42 98 60 74 88 81 16 94 24 21 68 47 86 63 75 82 41 52 85 9 80 43 
100 25 54 14 5 79 9 8 90 46 3 75 97 81 72 78 95 47 33 30 77 21 42 15 20 4 60 100 92 87 34 68 86 35 23 39 56 1 27 44 73 71 80 82 59 91 32 40 99 17 12 29 98 13 43 88 24 51 7 6 94 19 53 55 64 76 96 63 93 74 50 89 49 37 16 52 41 84 38 26 11 67 10 36 66 69 48 31 65 18 22 2 45 58 62 28 83 61 85 57 70 
100 26 34 44 95 8 67 24 39 45 49 15 1 20 36 64 92 66 6 90 12 50 83 80 22 88 19 37 96 74 3 33 86 14 29 51 25 31 7 18 43 53 41 69 78 52 100 13 21 82 4 58 77 46 62 73 55 93 32 47 70 94 91 85 71 57 54 16 30 28 81 79 75 56 17 89 63 68 42 60 72 10 2 97 61 40 84 87 76 48 9 27 5 38 98 11 23 35 65 59 99 
100 18 25 40 21 7 42 59 89 43 66 31 57 71 47 44 73 84 48 79 75 10 14 54 29 37 64 80 2 85 17 41 26 51 88 99 45 83 30 22 93 70 81 91 1 53 50 63 96 24 49 52 20 94 11 15 19 77 32 33 38 4 98 92 36 60 12 76 35 62 28 65 23 72 27 69 95 3 6 87 97 5 8 56 100 82 78 39 16 34 61 74 58 68 86 46 90 55 9 13 67 
100 18 21 72 51 46 84 45 4 7 1 40 98 92 81 20 74 29 34 10 58 3 24 8 100 77 69 47 94 75 35 95 43 70 23 86 30 52 32 11 49 90 80 39 89 99 5 14 16 91 96 36 87 66 56 59 55 31 63 71 78 27 60 62 13 44 82 42 67 41 26 54 19 83 22 85 53 38 88 73 79 37 68 64 6 15 97 17 12 28 48 33 76 25 9 50 93 57 2 61 65 
100 4 33 1 19 32 14 79 3 23 46 20 5 30 55 63 80 50 40 16 51 59 96 67 49 92 47 24 22 10 25 54 34 37 72 17 41 64 13 95 48 90 97 100 15 78 6 94 82 58 42 71 53 39 88 56 31 52 98 74 43 86 44 2 29 21 70 26 35 27 36 91 89 68 83 69 28 18 7 76 66 77 11 45 81 9 84 62 61 87 99 93 12 85 60 57 75 38 65 8 73 
100 7 23 100 19 55 35 84 97 26 46 42 71 48 44 57 51 37 49 72 50 81 53 54 31 13 47 24 28 92 6 16 14 82 40 58 25 9 89 68 10 73 76 3 65 29 32 39 66 4 69 67 99 27 86 8 88 38 36 90 77 94 2 98 34 62 80 70 11 33 78 12 79 93 96 45 41 22 83 59 64 74 60 43 95 63 5 30 91 20 61 1 17 85 15 87 18 75 21 52 56 
100 14 86 60 69 27 63 43 18 74 92 98 21 49 67 15 41 89 70 62 4 73 96 78 88 100 8 28 32 51 47 39 65 72 58 30 87 3 57 46 23 36 2 52 29 44 93 97 79 13 76 94 7 77 54 11 48 83 1 9 50 53 6 19 68 33 35 66 95 64 12 26 80 71 10 38 37 55 40 75 42 5 82 90 61 45 22 99 17 20 91 24 59 85 56 16 25 84 81 31 34 
100 21 65 15 57 95 86 83 85 42 98 74 84 1 35 81 23 20 58 33 72 91 79 28 76 78 80 32 26 11 43 82 66 96 60 67 36 88 46 89 34 13 97 69 92 94 29 4 38 61 56 8 48 41 2 75 63 59 49 16 93 5 50 45 7 99 14 6 19 27 54 30 31 39 52 62 90 51 9 40 24 53 55 100 3 44 77 25 73 47 18 64 17 12 70 37 10 71 22 87 68 
100 12 16 38 77 73 17 98 68 50 8 6 9 45 48 33 54 62 2 29 52 79 95 71 67 85 86 41 24 76 22 10 35 70 26 39 89 83 97 25 56 66 61 82 18 46 53 13 30 80 21 11 60 99 27 81 69 44 20 4 59 92 36 75 51 40 88 78 94 93 90 100 32 14 37 5 64 1 23 34 15 65 96 58 19 47 42 74 3 91 55 72 43 7 63 49 57 84 31 28 87 
100 47 82 100 63 46 60 68 27 78 86 14 93 36 91 8 22 53 71 59 57 5 13 98 3 88 15 58 51 74 77 48 99 16 94 90 67 42 10 1 76 41 92 21 64 50 89 73 52 84 61 20 37 19 95 45 32 2 34 69 87 29 31 35 30 97 33 25 81 75 39 44 17 62 96 79 65 4 66 54 49 7 40 83 6 56 70 24 23 18 9 28 12 11 80 55 26 38 85 43 72 
100 19 39 67 96 15 76 87 11 2 93 64 36 26 51 35 18 8 57 14 63 13 74 60 41 49 99 16 33 70 88 89 77 100 78 50 92 85 30 65 23 21 97 44 86 43 72 38 98 66 32 10 84 17 24 91 61 48 37 58 6 47 80 83 71 81 45 4 5 42 54 94 1 59 34 53 69 28 7 12 46 3 20 27 52 25 29 68 55 40 62 90 56 75 73 22 31 95 9 82 79 
100 31 37 97 46 9 20 41 96 55 76 72 75 64 77 82 88 7 2 45 6 4 43 40 17 5 65 61 29 54 34 59 52 98 69 35 100 13 30 26 79 99 70 78 38 24 36 63 49 85 90 68 71 19 91 42 8 95 23 14 39 67 48 92 21 28 47 94 11 53 84 89 1 25 50 44 18 33 3 80 22 62 93 51 73 60 10 66 87 74 86 83 81 58 16 15 32 56 57 12 27 
100 16 48 71 56 74 60 5 66 8 6 22 68 98 82 1 50 27 59 78 75 73 29 92 42 35 79 94 58 100 11 54 40 7 51 30 9 17 28 34 72 76 18 96 25 64 37 21 89 57 90 19 20 67 65 41 52 77 47 31 97 44 84 24 12 83 88 45 85 26 32 14 2 55 70 63 23 38 4 36 99 39 61 15 87 33 13 10 46 91 62 86 3 93 81 53 49 80 95 43 69 
100 41 76 24 38 9 61 35 97 16 83 28 55 5 50 48 70 2 12 86 65 60 74 72 32 30 10 84 43 96 77 44 22 88 78 19 92 62 4 27 89 75 95 85 15 21 51 67 57 37 63 53 18 58 17 87 36 98 46 23 69 64 3 13 52 81 45 68 49 47 73 82 91 20 54 6 8 94 11 40 39 93 29 7 56 99 26 1 80 59 34 71 100 31 79 66 42 25 14 33 90 
100 41 19 79 98 71 45 48 42 66 92 11 65 100 28 18 15 60 97 27 84 57 47 61 68 7 59 34 76 93 46 64 74 30 95 2 77 21 16 1 14 9 81 96 90 22 17 56 37 3 44 80 55 8 25 99 54 72 75 10 20 39 50 6 36 4 43 12 94 62 13 86 87 53 35 69 49 31 24 78 58 73 85 51 83 91 5 40 70 23 29 32 52 88 82 26 33 89 63 67 38 
100 52 25 67 28 64 65 14 37 83 88 23 45 90 7 31 24 71 3 96 87 47 77 9 33 74 40 82 93 4 1 97 15 8 54 16 49 11 27 12 72 60 98 94 18 42 6 41 38 73 79 69 68 92 78 100 5 48 75 19 76 58 46 66 63 91 2 13 10 99 80 22 36 62 26 35 85 53 89 86 56 61 44 70 81 30 29 17 20 59 95 57 55 50 39 43 51 32 21 84 34 
100 56 24 91 76 85 61 89 59 26 84 8 11 29 92 73 69 81 100 71 78 49 54 60 14 70 52 22 65 1 6 79 55 45 98 16 7 57 3 53 18 27 67 42 32 97 37 50 15 30 62 12 4 44 51 87 34 80 86 41 90 46 35 83 33 13 93 95 64 28 72 20 31 58 63 21 19 99 74 96 66 36 10 2 9 94 38 39 48 82 43 75 23 25 77 5 68 17 40 88 47 
100 86 34 79 51 73 93 20 12 62 35 77 85 27 56 21 82 48 30 32 46 8 80 52 49 50 78 10 57 100 55 2 63 67 3 40 84 72 53 9 15 6 19 61 41 38 60 83 13 74 96 87 42 17 76 4 36 18 22 29 39 59 16 24 54 68 89 81 31 58 65 28 1 94 64 33 14 25 5 47 70 90 37 92 43 98 45 7 11 99 97 69 26 88 44 66 75 71 23 95 91 
100 45 75 52 6 63 20 57 22 97 68 84 67 90 64 40 16 66 79 46 87 74 59 33 35 48 29 77 60 39 1 31 12 55 65 38 89 15 99 23 51 32 69 37 91 10 85 44 73 56 98 26 78 47 86 28 30 8 71 83 34 21 80 41 94 36 5 11 17 58 13 88 61 18 2 82 53 49 7 14 72 93 4 42 76 9 95 43 54 70 100 81 50 96 3 25 27 19 24 92 62 
100 15 26 8 29 93 88 98 36 85 45 42 57 67 63 81 76 4 38 99 32 65 77 90 47 100 80 59 35 9 1 23 22 89 51 27 84 7 52 75 19 11 33 17 83 82 43 48 50 44 37 25 74 53 58 94 68 60 79 92 78 13 96 40 54 97 34 46 31 18 14 64 6 70 56 72 3 69 95 24 86 12 10 49 61 41 87 2 21 39 55 66 73 16 5 28 20 30 62 71 91 
100 85 71 28 20 59 23 11 37 50 87 35 27 74 72 63 75 92 43 2 15 100 38 52 88 21 99 7 73 19 47 26 79 12 4 41 5 29 96 98 39 78 51 45 13 68 6 31 95 82 80 77 14 67 91 53 69 58 32 65 70 16 57 76 54 36 25 62 34 30 17 94 84 1 44 81 55 40 8 56 49 24 18 90 97 86 83 66 22 60 48 46 3 42 93 64 33 9 89 61 10 
100 48 100 91 55 56 11 75 50 46 6 20 64 2 9 98 19 89 53 71 23 10 94 15 63 90 70 51 95 77 65 93 35 42 88 38 76 1 87 25 32 26 61 83 82 52 47 80 28 96 72 78 21 60 97 58 84 49 18 81 8 66 69 30 24 17 44 5 3 85 68 31 36 73 27 74 14 16 33 34 57 7 4 59 29 79 37 12 41 45 54 22 13 86 39 99 92 62 40 67 43 
100 8 52 79 41 25 74 66 94 69 34 99 39 37 85 6 49 51 97 24 28 87 42 30 62 78 73 100 54 58 80 55 63 9 47 1 96 31 98 5 26 27 53 19 15 90 83 72 56 44 38 14 23 91 84 65 43 95 70 75 92 32 81 59 86 7 50 11 33 35 36 45 3 82 76 68 12 48 10 40 29 22 64 93 16 13 17 18 46 89 2 77 61 71 21 20 67 60 4 88 57 
100 33 54 56 29 83 30 73 72 53 18 8 85 48 87 52 3 9 51 21 90 19 59 36 39 41 11 82 40 38 2 62 5 6 84 75 71 88 28 14 26 34 78 77 1 7 98 80 60 44 57 50 47 74 37 81 92 99 23 91 49 69 13 97 76 25 31 96 65 10 46 32 64 58 16 43 93 67 27 12 4 22 68 45 35 55 42 15 100 95 17 94 20 66 61 86 70 24 63 89 79 
100 66 26 40 27 45 49 22 7 79 78 30 33 59 73 4 16 57 3 58 17 5 98 74 36 20 48 42 85 21 32 80 8 84 68 15 82 38 71 53 35 18 44 28 43 23 61 31 64 19 90 6 100 50 37 70 67 76 93 60 14 9 72 69 75 24 77 1 97 41 11 25 12 88 13 89 62 63 83 47 99 81 92 29 87 34 10 55 51 91 86 96 54 39 2 52 56 94 46 95 65 
100 92 34 51 90 37 10 39 71 14 61 79 9 87 20 82 8 44 7 18 55 21 43 15 6 88 50 62 54 5 78 36 27 99 29 96 77 42 3 73 86 28 47 91 30 33 1 22 17 40 94 76 32 70 98 57 53 24 52 93 59 35 19 69 48 41 13 58 100 4 45 49 64 80 74 56 85 65 95 72 23 89 81 31 68 2 38 25 11 83 97 16 75 84 60 67 26 66 12 63 46 
100 17 22 53 20 75 72 40 11 1 52 78 64 87 8 95 93 41 83 55 3 89 90 59 44 25 82 66 21 24 99 63 49 31 56 54 10 84 45 4 29 42 16 13 94 34 58 86 7 81 74 14 6 96 5 26 51 36 88 2 80 27 30 100 70 60 77 92 23 71 46 85 79 39 19 15 43 47 48 28 67 57 32 62 37 33 50 91 38 9 65 69 35 61 97 73 68 98 12 18 76 
100 96 86 10 55 73 19 60 43 83 17 34 33 77 90 37 23 25 74 28 41 4 11 70 53 100 14 85 49 31 7 61 8 81 16 58 35 71 40 72 68 97 47 13 88 39 27 20 21 24 36 92 63 44 75 22 38 91 26 98 54 51 93 62 29 64 79 87 9 56 6 82 45 80 12 3 69 50 66 94 89 1 59 76 5 78 95 65 48 99 67 32 52 57 30 42 18 2 84 46 15 
100 35 77 56 15 39 82 55 74 85 30 2 94 88 13 18 17 67 68 61 48 80 7 26 78 41 99 72 40 47 89 53 10 52 95 93 63 71 66 44 51 50 6 75 36 70 49 23 16 24 29 81 38 31 12 42 100 45 25 27 19 83 46 21 34 22 3 76 37 98 97 58 84 73 1 87 96 20 62 5 32 86 54 14 11 43 60 69 91 9 57 28 65 59 90 8 92 79 33 64 4 
100 72 98 36 80 83 34 54 7 8 63 51 75 18 22 48 43 49 85 82 29 40 70 44 32 30 46 58 26 60 20 10 38 61 27 5 11 25 19 79 31 69 12 86 39 91 90 81 14 99 33 66 92 2 76 9 52 68 96 23 37 55 97 88 45 84 73 1 64 16 71 47 89 28 42 4 35 67 87 15 53 21 6 13 56 57 24 77 100 62 78 65 93 59 17 74 41 95 3 50 94 
100 51 3 21 52 6 74 41 58 28 65 79 42 44 94 33 54 95 27 38 83 82 47 45 55 23 19 13 73 69 89 11 53 99 85 56 30 29 68 9 32 72 86 93 24 80 22 31 43 98 78 35 2 87 16 10 62 81 36 4 76 39 71 88 100 49 14 92 61 1 60 48 70 37 66 97 20 57 84 67 26 90 64 75 25 34 96 7 5 17 15 40 50 12 8 63 46 91 18 59 77 
100 44 73 22 57 6 15 72 23 38 47 61 76 64 37 8 7 32 56 24 60 97 81 59 85 31 46 93 10 28 98 54 71 89 51 20 55 82 99 27 90 80 13 79 94 39 34 88 69 12 63 52 19 96 18 42 36 5 9 84 58 3 66 45 4 91 50 100 83 74 62 68 17 11 49 95 16 41 29 25 70 67 14 86 35 78 75 43 2 1 77 26 48 30 87 40 65 53 92 21 33 
100 51 49 16 79 13 64 60 18 89 6 42 7 15 29 17 94 34 8 92 57 32 1 54 41 66 97 4 90 81 22 25 27 5 2 82 75 21 59 62 98 11 63 23 88 44 83 87 76 31 14 38 45 50 35 10 3 91 68 40 85 99 52 69 73 47 65 56 37 74 100 67 28 24 86 93 30 46 80 78 96 84 77 61 72 71 70 53 55 26 43 58 9 48 33 36 20 95 19 12 39 
100 20 10 23 60 42 2 79 31 68 74 32 91 27 37 15 87 85 93 61 54 13 8 41 43 7 84 57 25 14 24 98 77 9 66 5 100 89 29 19 83 99 78 92 21 70 96 6 58 73 59 88 28 49 48 65 17 35 4 39 45 12 81 30 71 11 1 86 53 82 63 72 16 52 94 64 67 18 47 3 22 50 38 95 80 33 55 26 36 69 56 46 90 44 97 76 40 51 34 62 75 
100 97 16 84 42 41 78 70 27 29 34 89 64 6 85 11 7 65 18 57 63 59 39 54 47 21 12 31 92 46 67 53 94 58 24 69 13 61 36 20 43 74 90 95 17 100 37 76 68 26 88 4 86 82 10 8 25 55 23 33 77 87 30 19 49 62 28 96 9 32 93 35 15 52 51 40 38 83 5 22 80 14 3 66 99 81 98 48 45 50 2 79 75 60 91 71 56 44 1 72 73 
100 97 55 100 24 33 84 30 82 85 3 63 27 50 74 66 86 9 95 41 37 22 93 69 62 36 14 48 91 2 6 18 52 13 49 42 38 99 90 1 29 94 58 11 92 5 67 98 35 28 60 80 96 73 43 45 12 10 47 15 56 40 68 83 25 72 46 65 70 81 87 54 53 19 39 71 51 88 89 59 61 4 76 78 26 79 34 20 75 17 44 64 31 23 32 21 8 77 16 7 57 
100 60 6 20 79 66 15 28 52 100 80 3 99 81 10 38 33 91 22 45 51 53 40 31 12 42 76 49 30 95 58 35 46 98 1 75 96 59 47 13 11 27 4 65 62 7 41 23 5 14 21 72 16 89 19 86 74 90 50 94 71 68 43 83 36 39 67 25 48 88 55 63 26 73 37 44 87 77 9 78 2 84 92 97 70 93 85 18 56 24 34 17 64 29 57 32 61 54 82 69 8 
100 60 58 46 80 97 19 27 95 24 50 35 6 34 53 72 52 68 100 69 84 82 83 73 44 51 71 17 28 11 39 63 36 47 55 14 9 81 62 1 74 98 59 56 2 77 92 5 57 16 41 67 25 65 31 43 49 89 37 22 15 54 99 94 20 10 75 96 18 93 42 78 4 66 87 30 40 79 23 8 48 29 61 88 26 13 70 90 21 85 7 64 32 3 91 12 45 86 38 33 76 
100 70 89 49 27 90 8 57 29 83 36 65 63 6 71 58 13 40 54 9 5 7 39 16 38 50 91 25 18 20 76 14 22 47 68 60 99 28 80 66 92 11 1 2 82 56 79 98 86 74 94 21 26 62 81 96 85 37 35 93 84 64 45 33 55 75 69 44 61 88 15 19 34 12 73 46 59 31 78 87 30 100 32 42 72 53 95 17 4 3 77 24 43 52 51 23 48 97 10 41 67 
100 85 100 29 93 52 73 24 67 95 56 37 6 9 49 26 69 33 51 1 60 84 28 17 48 3 62 74 36 14 40 91 59 15 19 31 82 66 98 61 99 20 46 42 89 2 70 58 44 54 65 30 81 16 5 71 11 78 43 39 34 22 86 64 25 83 53 63 97 76 68 35 45 88 47 94 12 10 32 90 21 92 55 18 50 72 75 96 80 7 38 4 27 8 13 77 57 79 23 41 87 
100 98 34 87 73 28 50 62 66 91 26 54 2 12 39 45 85 84 71 75 68 92 59 29 77 36 7 100 3 89 38 52 65 93 57 79 24 51 4 15 41 64 11 99 83 17 90 35 78 94 82 58 25 86 31 81 27 14 60 49 16 48 37 55 1 33 95 21 72 44 5 63 43 76 22 10 70 46 19 32 13 40 53 6 69 8 97 47 88 18 74 67 96 30 80 9 56 20 23 42 61 
100 75 52 23 44 36 97 66 65 81 88 39 93 30 96 68 8 11 56 84 1 99 46 15 28 19 14 18 76 77 73 79 72 31 26 5 38 35 70 62 7 12 53 9 74 49 78 25 3 60 41 50 86 20 67 45 40 69 92 83 37 34 54 51 100 21 29 10 24 16 55 82 33 71 94 90 87 43 63 4 32 58 64 48 6 2 13 89 61 57 59 47 91 98 85 95 27 42 80 17 22 
100 2 47 15 8 28 34 53 38 7 26 87 20 56 77 82 27 74 23 1 17 59 68 49 37 19 58 85 14 72 95 35 33 4 3 97 62 99 73 54 30 65 44 92 16 12 93 63 94 91 46 76 18 42 29 84 86 69 79 83 39 61 60 13 55 40 45 78 48 50 43 36 9 5 52 75 11 32 67 90 80 22 100 64 31 89 21 24 41 25 51 71 57 98 88 96 10 6 66 81 70 
100 65 47 16 89 7 82 37 58 55 39 79 8 57 34 72 23 92 71 59 93 74 91 53 22 29 95 85 81 35 30 13 19 99 28 100 15 9 63 46 87 98 12 68 11 36 2 6 49 43 70 61 20 21 97 69 77 4 14 80 40 25 10 76 86 3 48 96 26 73 60 66 51 84 38 64 1 17 44 90 27 24 33 88 31 56 50 32 18 78 83 62 54 67 5 41 45 94 42 75 52 
100 15 79 10 78 89 4 16 91 22 35 56 62 59 63 43 23 67 68 39 100 74 3 5 77 31 9 40 99 90 42 26 47 54 24 50 36 98 6 11 70 86 83 94 46 19 21 29 13 65 45 60 96 34 37 88 80 8 76 61 73 38 28 69 18 71 44 30 17 87 52 2 14 49 12 41 25 33 57 93 92 7 95 55 51 64 48 72 32 53 85 81 66 27 20 1 84 58 75 82 97 
100 11 49 12 96 87 73 84 62 59 69 32 35 43 61 3 76 60 7 70 93 81 51 55 78 30 66 68 20 100 26 34 92 14 58 85 79 24 42 57 65 94 27 19 72 71 25 53 18 6 5 38 75 41 80 90 28 63 82 36 97 99 86 37 44 47 54 46 17 16 77 83 52 8 10 15 1 91 13 23 2 29 74 67 21 50 89 88 4 48 95 40 22 64 39 31 98 45 9 33 56 
100 9 43 59 89 49 44 39 83 74 11 48 66 18 25 65 97 63 52 67 42 1 31 87 8 94 16 12 62 45 85 22 7 60 91 56 96 29 78 61 19 27 6 73 3 2 32 38 36 53 20 80 58 51 46 57 75 28 100 90 17 30 13 79 93 88 5 41 68 99 37 71 55 77 98 14 24 95 23 92 72 35 15 34 54 40 26 84 86 10 69 50 21 33 81 47 76 82 64 4 70 
100 84 7 95 25 2 32 48 59 73 42 67 46 54 78 89 47 33 65 69 40 23 31 35 22 97 43 4 85 70 81 34 1 50 52 13 5 91 55 86 82 10 80 92 11 27 76 60 12 29 66 24 38 28 30 41 64 17 8 88 18 53 56 14 96 74 20 87 3 57 61 68 94 98 93 16 99 71 6 39 49 9 44 37 19 79 90 15 62 36 45 75 58 21 100 72 83 26 51 63 77 
100 96 16 70 60 41 11 39 50 94 65 76 21 30 2 28 12 40 26 51 1 80 92 49 97 44 91 37 99 98 67 15 93 48 69 63 35 25 10 75 78 33 55 88 29 46 3 74 57 45 47 18 23 36 84 38 86 20 53 82 58 9 66 77 83 4 6 87 72 95 79 56 85 52 73 5 24 7 17 71 54 64 100 62 43 31 32 19 81 59 42 61 34 27 8 68 89 90 13 14 22 
100 27 19 3 47 80 36 52 65 9 12 98 33 63 24 53 73 22 97 5 51 13 44 2 20 88 40 37 35 8 56 81 85 30 95 28 34 94 16 100 4 67 59 69 14 72 82 90 66 70 71 15 60 54 46 45 25 21 61 18 78 55 76 87 86 31 26 11 6 74 91 41 23 10 1 58 29 57 75 49 89 43 99 7 77 17 93 68 96 92 42 39 84 32 50 83 64 38 48 79 62 
100 94 23 26 57 90 12 3 22 82 20 96 88 17 89 49 14 4 92 24 53 77 78 48 62 79 85 33 54 64 21 50 47 39 68 51 98 40 63 61 67 91 55 86 32 81 37 97 93 59 42 100 31 60 72 27 5 69 95 73 29 36 52 38 83 43 70 80 75 65 25 71 16 18 6 45 13 46 15 9 41 56 84 2 19 1 99 11 35 34 76 74 8 58 87 10 7 28 30 44 66 
100 1 46 22 77 68 65 18 10 57 6 37 78 56 55 52 35 84 88 89 76 95 36 60 58 26 94 74 91 69 82 71 67 53 73 32 45 34 100 90 19 66 31 23 11 14 54 17 99 80 83 92 49 61 48 29 93 25 81 24 39 3 5 87 62 97 33 96 2 7 20 28 75 27 30 43 16 9 59 13 50 79 4 42 38 8 21 72 86 40 51 64 41 63 15 70 44 12 98 47 85 
100 14 100 56 42 90 1 32 86 59 2 38 43 99 36 45 84 6 74 81 48 66 72 68 80 25 37 94 44 60 54 96 22 61 34 85 4 64 58 28 63 3 23 52 75 98 78 16 20 89 76 35 95 83 77 71 19 26 8 91 69 12 82 62 88 55 5 29 9 73 87 57 39 7 17 49 31 53 33 79 10 51 92 24 15 65 27 97 93 11 50 18 40 30 41 13 46 47 21 70 67 
100 40 27 73 17 93 59 43 92 96 25 97 14 81 1 100 74 57 32 99 24 68 45 70 5 47 10 11 98 50 13 82 33 64 20 75 8 38 52 7 23 72 35 78 12 19 63 29 58 18 26 65 37 4 71 15 79 56 31 30 53 95 6 9 16 21 85 42 90 2 60 66 49 89 3 61 36 91 46 76 94 51 87 28 39 62 41 44 88 34 54 22 55 83 77 48 84 67 86 80 69 
100 52 2 57 10 99 51 76 96 47 91 22 82 40 70 19 95 63 13 68 27 6 75 48 46 56 18 11 17 94 62 8 29 49 7 64 50 59 100 12 39 98 14 35 74 88 36 93 38 77 42 86 92 41 97 61 81 69 1 44 55 90 85 21 58 3 5 24 16 83 26 33 45 30 37 28 73 9 20 87 4 80 78 15 79 65 60 53 23 66 84 34 67 31 54 32 89 43 25 72 71 
100 41 33 17 24 14 72 99 80 95 31 7 93 13 62 3 61 21 25 26 6 56 49 53 44 9 75 96 22 35 32 89 38 20 64 27 34 10 97 73 19 5 76 57 58 12 45 70 11 68 4 60 59 39 66 47 82 88 71 92 8 2 84 74 40 54 37 55 43 16 98 91 48 100 90 63 85 77 36 81 94 67 28 78 79 29 30 51 69 42 65 52 1 50 46 83 18 15 86 87 23 
100 69 75 74 41 2 59 84 55 78 9 40 51 93 15 64 7 65 52 23 10 14 91 37 96 76 4 54 46 30 60 8 43 86 6 31 18 13 61 27 94 28 72 47 33 32 44 77 81 50 66 11 58 67 45 3 98 12 90 83 48 24 34 16 26 1 49 89 100 79 85 25 57 80 97 42 68 92 87 29 99 38 73 62 53 70 63 5 71 88 39 56 20 95 21 82 17 36 19 35 22 
100 83 77 44 67 74 53 98 43 20 59 73 42 37 14 60 24 95 36 58 26 54 33 75 35 93 40 7 17 90 8 69 10 13 19 48 41 1 88 70 27 85 56 66 32 4 76 80 61 21 39 65 25 16 100 81 94 99 87 92 6 51 91 89 31 97 29 5 82 9 34 72 46 64 23 63 62 57 68 38 52 47 45 18 79 86 30 12 15 28 96 11 55 50 3 84 71 2 78 49 22 
100 79 8 20 5 84 25 56 49 64 77 58 90 73 83 54 96 69 55 61 4 19 32 75 60 53 21 26 9 17 67 36 23 16 11 52 98 100 2 12 65 3 33 51 6 99 7 88 86 74 41 81 82 80 28 24 44 29 10 89 93 57 47 91 63 85 15 35 34 42 46 1 39 22 92 43 95 66 30 50 87 76 97 13 27 62 37 71 68 48 70 94 72 18 59 38 31 40 14 78 45 
100 84 1 42 93 70 68 67 13 63 17 31 50 7 53 96 32 71 97 5 15 14 46 3 22 55 73 41 66 69 26 89 65 88 54 64 37 92 24 19 10 98 44 74 6 82 16 33 12 20 43 99 25 36 30 59 21 79 94 61 27 56 52 8 76 2 91 95 18 72 87 78 80 77 83 28 100 62 51 39 90 40 85 38 11 23 57 45 47 58 86 49 4 9 35 60 48 34 75 29 81 
100 27 32 12 84 39 21 25 86 5 89 92 95 70 1 28 22 37 99 35 98 18 47 61 83 4 74 56 64 16 59 71 2 55 72 14 41 96 100 75 43 94 17 73 15 97 23 40 51 49 81 38 79 88 85 80 53 44 93 63 6 29 77 66 26 9 46 48 76 69 24 7 65 45 50 68 30 19 58 13 60 10 3 78 67 8 34 90 91 20 33 31 62 82 11 42 52 57 36 87 54 
100 14 63 75 35 44 79 89 59 86 99 62 19 8 23 67 51 50 52 90 7 45 46 53 36 15 91 2 5 49 60 43 54 97 47 13 72 18 94 16 82 28 21 87 34 95 76 38 84 74 6 12 77 64 4 57 26 78 85 93 56 100 55 58 41 1 25 42 22 33 3 9 73 70 32 61 81 71 39 37 96 24 92 11 68 20 10 66 48 80 69 17 30 29 83 98 40 27 88 31 65 
100 88 74 73 79 53 76 50 93 34 68 48 90 30 95 20 35 8 70 36 97 91 32 27 33 10 54 80 28 77 83 100 72 55 69 61 15 71 2 66 17 37 89 14 65 64 41 44 94 60 86 40 57 51 18 21 56 26 24 52 99 22 59 92 67 29 47 38 25 43 12 16 96 13 62 78 63 46 87 45 11 42 4 23 98 9 3 1 6 5 82 81 49 84 75 85 7 31 58 19 39 
100 51 6 93 17 88 73 41 85 40 78 52 37 8 84 89 46 26 48 75 47 21 34 64 81 99 54 24 55 18 30 10 63 91 69 87 13 33 36 31 68 4 62 27 20 61 2 11 79 60 77 90 19 66 16 53 35 96 45 74 28 14 43 70 80 71 67 7 49 50 72 38 92 29 39 97 86 9 23 32 82 22 94 42 1 98 59 100 83 95 58 12 56 15 3 25 76 65 5 44 57 
100 36 47 74 70 78 29 56 25 89 92 54 30 37 60 69 11 87 41 91 94 22 61 7 72 93 18 50 14 6 82 68 90 62 13 20 73 83 16 59 75 66 34 43 52 19 65 31 81 76 33 4 12 79 17 100 95 96 15 98 24 5 46 3 71 97 2 99 85 67 48 64 39 88 32 42 63 44 84 28 49 55 26 21 10 35 9 86 40 23 45 38 8 1 58 51 77 53 80 57 27 
100 51 34 95 54 23 3 91 2 65 90 53 80 99 8 46 93 24 85 31 37 62 13 35 67 56 44 71 69 98 40 48 1 29 4 83 45 78 22 92 12 7 27 82 84 79 18 5 52 64 88 59 28 66 30 60 50 42 55 75 41 11 47 100 21 25 94 19 36 6 20 73 33 9 14 74 86 38 26 17 63 68 32 81 15 72 57 76 87 43 16 10 49 58 97 89 61 77 96 70 39 
100 44 92 99 12 97 94 52 89 57 30 49 34 67 24 58 47 23 72 37 18 78 39 8 60 1 14 46 76 96 41 85 43 86 83 50 22 40 79 3 31 21 100 73 7 6 63 70 51 16 25 38 45 15 81 35 54 4 48 26 32 65 66 88 13 17 59 75 42 95 27 98 91 9 11 56 93 36 87 90 68 10 53 77 71 28 69 29 2 55 74 62 20 82 64 80 61 5 33 19 84 
100 96 77 87 56 61 93 12 100 8 19 78 94 28 54 66 42 99 81 4 32 40 2 34 20 53 97 7 98 63 16 3 57 13 30 73 52 23 45 1 50 44 35 62 36 22 58 80 74 60 64 33 37 70 83 15 48 6 38 51 68 59 88 84 21 39 86 85 82 72 89 71 41 79 55 90 26 47 95 92 46 69 17 5 14 24 76 91 67 31 65 11 18 25 43 49 29 10 9 75 27 
