100
100 32 47 88 57 35 61 13 21 5 87 19 86 66 94 16 75 34 92 11 82 100 42 65 8 98 45 80 10 83 31 18 71 37 89 52 6 59 41 56 3 53 60 22 1 77 26 27 20 39 7 48 44 84 95 46 78 69 43 25 24 62 97 93 9 91 72 50 81 96 90 58 55 99 73 74 14 68 76 38 54 2 85 70 17 4 30 36 67 64 40 51 28 49 63 33 23 12 29 15 79 
100 2 91 90 23 88 17 70 54 94 26 6 85 73 16 78 9 18 82 58 22 57 80 40 98 68 87 74 34 41 43 53 86 75 71 21 60 47 84 48 35 15 14 10 56 31 62 39 93 3 99 65 29 13 32 77 64 37 25 12 7 28 89 24 97 33 51 27 69 46 67 63 30 59 55 61 83 76 44 92 100 96 20 45 81 38 72 50 95 52 36 4 42 5 19 49 66 11 8 79 1 
100 69 84 54 61 17 7 12 93 78 81 64 72 25 26 82 63 97 32 8 96 98 90 85 20 43 59 6 50 42 87 27 58 55 88 51 48 92 9 46 100 37 47 76 30 94 40 23 79 34 73 62 10 1 74 70 11 49 89 36 75 99 56 38 53 39 44 13 24 71 77 3 52 33 4 57 67 41 80 21 91 83 14 28 16 5 45 86 35 31 18 29 60 2 65 22 66 15 95 19 68 
100 35 39 54 44 16 64 58 1 37 65 21 80 84 9 28 73 20 86 95 66 53 38 49 69 72 92 51 48 79 100 76 85 13 26 32 27 40 11 67 74 12 94 36 90 87 8 89 6 47 45 70 31 41 52 60 71 22 82 42 19 56 83 99 77 24 25 17 2 46 15 81 93 4 55 78 18 63 43 34 50 62 75 97 61 5 14 10 96 23 57 91 59 68 3 29 33 88 98 7 30 
100 52 29 23 90 20 25 34 66 61 28 87 54 89 39 18 43 22 11 69 15 30 88 76 38 5 84 13 73 24 71 70 99 36 98 78 17 1 41 93 19 72 77 6 47 16 31 57 26 86 79 14 64 62 2 95 45 44 91 85 68 3 4 56 49 60 37 97 82 53 58 74 55 42 21 10 48 51 94 75 59 27 35 96 100 83 67 7 12 9 50 81 92 32 80 8 33 63 46 40 65 
100 15 63 91 41 24 51 33 86 7 58 1 14 60 21 94 78 36 43 39 17 22 97 25 66 70 18 2 50 30 64 11 19 26 8 23 89 88 37 54 61 10 28 3 6 75 38 87 95 32 13 68 55 31 56 69 59 74 80 99 77 34 81 27 57 62 90 98 93 35 47 79 82 96 4 92 5 100 84 53 42 44 45 85 46 12 65 20 76 48 71 67 9 73 16 49 29 40 72 52 83 
100 99 70 12 74 79 77 33 89 59 90 31 38 11 27 98 6 29 4 60 96 63 87 37 71 19 24 46 26 95 66 68 13 28 20 72 61 54 100 30 34 51 36 1 39 5 64 9 80 69 35 52 25 23 44 55 47 92 40 22 50 3 81 73 15 84 91 83 65 16 85 93 67 10 75 18 49 97 17 56 94 57 76 8 62 43 42 21 45 86 7 14 32 78 2 58 88 41 48 82 53 
100 96 23 78 100 43 97 38 76 25 64 47 71 57 98 28 75 79 66 51 26 19 93 20 16 45 42 10 46 44 58 9 55 21 62 83 99 81 50 89 12 7 5 86 22 67 80 14 48 27 59 73 4 61 82 37 39 63 94 56 41 53 69 11 88 34 65 90 15 1 36 77 70 30 72 35 13 87 54 95 33 8 40 74 29 92 18 6 84 49 32 31 2 91 68 3 85 24 60 52 17 
100 95 63 31 45 97 24 65 33 11 88 99 83 23 4 94 79 50 93 43 58 17 5 52 68 8 57 16 96 100 61 34 82 89 90 71 1 81 49 25 42 39 91 38 84 36 66 6 86 92 9 73 19 20 80 41 22 32 26 12 27 29 15 85 77 78 64 74 98 75 40 37 13 3 72 62 48 70 10 18 76 35 59 56 14 46 51 67 60 21 54 2 69 53 47 87 44 7 30 28 55 
100 49 68 17 21 3 30 36 53 87 58 10 40 82 24 33 46 59 71 2 91 88 95 100 93 27 50 73 84 26 80 54 12 37 25 86 51 67 48 45 35 19 64 69 55 20 96 42 79 72 97 98 38 15 39 94 75 89 28 32 43 14 34 52 66 65 22 23 29 44 56 9 77 47 61 90 16 60 81 83 76 78 4 57 63 99 70 1 13 7 5 6 31 18 11 92 85 8 41 74 62 
100 90 22 3 11 61 77 34 25 84 29 74 4 91 20 79 93 42 69 57 67 9 81 49 27 56 28 7 88 96 36 75 53 99 39 58 52 35 72 44 60 18 94 87 37 65 5 43 63 26 12 17 45 46 41 40 19 33 62 76 83 68 92 85 15 98 16 64 71 100 31 48 54 6 78 82 70 21 73 80 13 51 95 8 50 47 30 24 14 2 97 10 1 66 59 38 89 86 32 23 55 
100 54 60 21 46 82 84 6 58 77 5 26 7 4 65 15 83 37 49 36 1 40 10 57 89 69 79 53 19 99 38 81 100 43 74 78 44 24 41 52 13 32 71 88 27 94 35 85 51 39 42 12 2 17 29 97 70 90 76 56 34 11 22 31 92 9 20 55 62 93 16 3 63 23 30 47 8 25 67 28 96 14 33 18 45 61 50 66 64 75 59 68 80 98 73 86 91 48 95 87 72 
100 82 55 20 32 22 78 80 6 89 8 3 51 95 27 66 73 15 100 17 86 91 84 34 85 44 13 70 60 56 28 90 81 99 7 49 67 25 19 96 79 68 71 18 2 36 75 83 24 61 31 94 23 21 26 40 16 64 45 59 53 9 14 10 11 39 12 50 76 77 29 1 42 58 69 74 97 65 62 46 63 57 48 33 93 88 92 5 54 87 41 43 4 30 47 37 38 35 52 72 98 
100 74 95 9 2 12 30 23 5 85 56 65 45 69 10 55 53 47 28 80 66 59 40 75 77 93 68 62 15 90 91 3 52 1 31 96 11 20 41 38 44 4 21 34 16 67 57 26 73 72 89 99 13 49 8 76 87 60 71 88 35 36 19 61 100 94 54 14 92 18 83 79 46 22 24 81 42 70 84 32 48 25 50 98 37 97 29 39 43 78 63 7 27 86 82 17 51 58 64 6 33 
100 13 53 3 99 22 64 50 93 89 98 6 24 43 84 18 41 10 70 29 35 57 81 21 30 75 69 1 62 82 45 79 42 16 31 71 27 2 44 47 90 73 94 56 92 63 100 59 80 37 49 26 46 20 51 54 58 87 85 14 36 65 86 12 77 5 34 97 61 74 76 96 67 39 78 33 19 72 15 88 7 32 11 4 91 17 68 66 95 83 25 60 23 38 28 48 52 9 40 8 55 
100 7 22 69 58 5 38 9 90 68 31 63 64 84 34 33 53 21 65 50 55 81 20 91 4 40 11 2 94 39 83 99 79 85 18 26 32 98 95 48 59 88 66 17 37 82 62 6 100 14 12 77 29 57 27 89 74 97 16 35 61 36 43 19 47 28 86 10 78 93 80 15 3 25 1 49 30 92 60 71 8 51 76 75 87 24 52 23 72 70 41 54 96 73 44 45 56 67 42 13 46 
100 28 10 87 53 17 43 95 79 25 37 49 1 73 58 90 6 3 4 54 78 98 68 41 89 36 55 31 5 84 70 62 59 33 13 48 100 94 57 27 99 18 77 56 72 40 65 80 9 67 86 91 75 20 21 96 39 60 76 2 12 42 92 97 85 66 47 82 61 29 24 45 83 11 88 69 19 34 51 22 74 23 26 35 44 30 50 64 63 32 38 52 16 81 8 15 14 7 46 71 93 
100 53 48 70 94 18 9 68 62 38 89 74 26 57 42 10 11 28 69 34 41 83 55 92 3 78 65 63 2 79 66 17 73 40 23 96 16 75 29 8 99 22 76 5 64 60 24 97 86 67 77 87 25 32 90 58 1 81 6 56 88 85 95 39 35 27 59 21 44 43 93 31 47 49 14 12 72 61 45 37 80 50 7 20 98 52 36 100 19 15 4 71 46 13 30 51 54 84 82 91 33 
100 72 22 3 53 23 91 13 57 64 58 40 20 49 63 26 95 48 1 25 89 44 7 52 88 31 19 35 39 43 56 24 98 61 14 34 6 85 32 41 45 12 29 78 15 92 27 100 55 76 73 11 38 8 51 50 71 82 9 17 81 46 68 28 86 75 69 99 66 77 36 62 84 30 70 10 94 2 42 74 79 83 97 96 4 18 5 87 67 90 54 21 59 47 93 65 33 37 80 16 60 
100 91 96 60 59 94 3 80 62 49 12 36 77 2 16 95 32 71 74 17 66 67 52 75 56 5 100 22 55 23 50 24 1 25 13 29 70 48 69 6 57 40 86 73 92 83 45 90 33 89 11 53 39 54 8 81 19 88 28 79 42 21 99 78 58 10 7 38 72 4 43 64 85 87 93 44 26 51 65 98 34 63 68 9 76 97 46 84 41 31 20 15 18 30 14 82 35 61 37 27 47 
100 75 26 85 11 38 21 23 3 50 6 61 73 68 62 76 41 39 72 33 5 17 54 56 40 95 9 27 51 58 89 42 37 8 1 18 69 90 32 86 81 80 64 52 45 49 16 70 60 22 31 88 7 100 98 29 65 74 14 34 15 82 78 10 43 46 87 67 63 57 28 84 35 97 4 93 83 96 79 91 13 2 25 94 59 71 77 44 53 55 30 92 24 48 20 47 66 19 36 12 99 
100 91 75 6 50 54 30 27 89 16 15 19 35 87 68 22 13 32 99 45 97 25 20 62 47 63 44 93 90 33 10 46 21 28 52 79 39 81 86 85 74 24 83 42 53 48 51 8 57 92 12 67 3 56 14 61 66 84 98 96 60 4 76 26 49 71 72 34 58 64 2 41 17 73 59 43 94 40 70 37 5 31 7 78 65 36 77 80 88 18 55 29 100 95 38 11 9 1 82 23 69 
100 40 65 74 10 33 30 19 64 45 44 38 69 29 61 77 96 62 83 22 12 36 84 43 86 71 52 27 41 56 28 9 75 21 99 6 82 13 42 53 73 37 70 31 90 23 92 97 35 78 1 15 68 59 60 85 47 8 94 49 11 66 39 34 48 5 51 54 98 26 32 80 17 3 100 87 50 24 67 18 63 95 81 89 20 57 91 46 72 2 4 14 16 93 58 7 25 76 55 79 88 
100 46 55 49 94 72 47 43 97 69 91 68 12 89 90 25 71 74 87 32 40 83 60 80 9 4 77 26 92 75 33 19 15 82 45 78 34 58 56 2 67 8 57 96 23 5 51 36 100 44 98 85 24 48 42 76 14 20 81 11 17 52 31 27 59 86 22 41 70 6 73 79 30 1 16 38 37 65 66 39 50 99 95 35 61 54 93 13 28 88 53 10 64 18 29 84 21 62 63 7 3 
100 42 2 39 38 27 88 14 30 33 72 92 20 66 82 21 64 97 71 44 23 69 94 80 6 13 1 52 77 53 7 100 93 54 34 65 56 9 84 89 22 49 85 37 95 74 73 41 46 17 24 43 50 36 19 83 45 61 8 90 5 4 70 98 51 99 18 31 29 79 57 55 67 16 87 3 91 40 28 62 10 25 59 76 47 48 35 12 81 86 26 68 11 78 60 75 96 58 32 15 63 
100 34 28 76 52 56 84 83 55 26 38 25 72 39 85 64 12 82 92 75 47 77 58 15 1 88 70 4 43 21 95 27 71 24 49 29 62 17 14 94 7 73 67 9 99 5 31 8 90 54 40 98 46 6 37 61 2 33 96 44 23 91 63 59 69 16 93 50 22 20 97 89 45 19 13 81 53 57 79 100 66 11 10 41 18 42 35 65 87 60 86 3 32 30 74 78 68 51 48 80 36 
100 13 100 45 10 48 7 52 41 9 49 87 98 94 85 88 99 65 92 29 91 61 2 56 14 34 40 8 35 75 6 24 78 96 39 30 51 93 57 90 12 66 4 3 74 77 54 20 18 81 1 89 50 5 25 44 31 11 60 76 63 47 71 43 67 38 55 37 21 17 27 79 22 16 72 80 33 26 62 70 46 97 15 86 83 69 84 95 68 73 23 28 59 58 32 36 42 64 19 53 82 
100 33 27 62 31 66 11 42 5 55 52 3 94 88 43 95 21 19 40 29 73 36 4 53 25 91 77 75 98 39 93 67 46 99 96 79 34 6 12 61 30 14 59 38 7 47 37 81 89 48 10 100 74 2 28 22 87 92 23 76 45 51 86 69 90 56 97 54 72 1 20 78 70 82 71 8 35 60 15 57 44 80 49 68 41 50 17 13 32 9 65 16 64 24 85 26 18 58 63 83 84 
100 58 1 43 10 11 67 6 82 68 60 30 8 93 89 94 26 85 76 84 86 74 35 83 77 75 54 78 32 57 23 48 91 55 53 46 31 45 16 63 25 70 3 51 65 79 28 5 59 41 14 100 64 2 90 44 61 19 29 36 47 39 12 22 9 7 13 88 20 27 69 80 92 87 34 97 38 73 96 17 95 4 18 62 81 40 33 72 98 99 37 52 42 21 71 15 56 66 50 24 49 
100 100 17 71 72 54 50 99 58 14 33 89 90 77 20 5 21 28 96 35 86 65 82 74 40 80 9 51 29 93 55 53 3 44 70 22 24 64 19 83 2 63 12 32 57 94 61 95 79 88 45 73 56 23 47 15 66 69 67 37 85 16 4 98 41 87 97 39 38 1 8 25 7 34 60 27 84 91 43 31 92 78 10 30 42 81 68 46 59 62 75 48 36 6 26 18 49 13 52 11 76 
100 79 72 100 42 46 20 14 39 34 71 74 58 5 16 66 68 10 67 29 17 7 53 89 75 11 93 6 28 21 9 13 84 44 4 82 98 19 3 15 47 48 95 25 45 62 38 60 96 77 81 49 99 27 69 80 97 86 78 76 64 83 55 88 73 70 65 40 30 59 85 87 12 8 26 24 91 50 92 18 1 2 63 43 23 57 61 31 51 54 52 32 94 36 56 22 35 41 37 90 33 
100 19 52 40 60 67 94 47 100 23 7 35 21 37 49 98 3 95 43 31 54 87 64 29 16 69 82 96 97 38 41 55 30 53 9 24 92 32 63 28 84 6 75 88 62 56 80 76 25 39 20 73 93 83 68 15 11 72 42 57 5 22 51 61 13 48 8 34 99 14 78 1 81 12 50 70 71 36 4 90 86 33 66 27 89 58 45 85 17 91 46 59 74 10 18 26 77 65 2 79 44 
100 95 6 80 63 51 91 19 52 100 88 15 93 84 99 50 75 98 14 89 83 24 41 54 33 26 58 28 36 64 7 78 69 67 11 68 77 94 73 81 60 48 32 43 25 42 97 37 34 45 46 57 5 62 53 8 56 4 2 3 27 44 35 71 22 74 30 66 18 90 47 72 39 49 82 40 61 21 65 76 86 70 16 23 31 10 55 59 20 13 12 38 29 96 17 85 1 92 79 87 9 
100 3 65 33 72 74 62 51 10 23 69 92 70 71 12 7 2 98 44 95 97 19 45 87 77 68 76 63 40 22 73 67 79 20 18 86 26 43 85 88 61 52 9 39 60 89 35 80 84 24 90 4 29 75 53 11 27 6 100 13 94 81 17 78 42 37 28 49 55 57 54 15 1 82 47 38 91 32 96 21 50 25 66 58 93 56 16 41 5 14 8 46 64 31 48 36 59 83 34 30 99 
100 41 71 61 8 49 24 68 4 34 83 89 51 90 86 91 96 18 46 100 55 79 38 22 2 70 29 36 85 30 74 97 92 56 16 99 1 67 17 58 76 95 28 35 20 93 87 23 64 80 5 84 72 40 42 3 75 53 81 73 11 6 59 44 15 63 62 88 9 69 21 98 14 10 82 33 25 77 60 66 48 47 19 78 31 52 37 7 54 39 50 27 26 12 65 45 13 43 32 94 57 
100 27 18 56 3 77 60 17 37 100 57 13 11 24 83 10 82 36 23 31 20 81 71 8 43 21 99 29 25 14 19 30 68 93 38 76 53 70 54 28 61 86 39 59 45 26 33 41 51 22 12 48 79 66 94 44 65 87 47 4 89 72 40 55 32 91 52 74 2 96 97 92 95 58 75 73 90 98 5 1 78 64 67 6 42 35 85 63 80 9 84 7 88 34 62 69 46 15 49 50 16 
100 21 88 98 65 58 35 92 38 4 14 85 96 55 34 82 83 29 36 77 50 94 90 99 100 86 53 15 91 42 52 46 48 1 81 17 79 76 59 41 20 56 11 47 71 18 45 75 72 16 22 89 13 73 64 51 63 78 31 66 5 7 30 60 37 74 24 43 9 93 23 44 28 69 12 25 62 19 39 6 84 3 68 67 10 97 26 32 2 40 70 33 27 57 80 54 95 8 87 49 61 
100 94 63 19 96 93 74 91 84 97 7 92 90 9 43 35 59 25 81 68 47 34 41 44 66 18 22 38 28 73 95 2 61 77 51 37 29 98 100 80 11 89 3 31 55 56 17 8 79 99 10 58 26 40 4 42 27 76 36 16 71 48 72 20 69 65 46 52 64 12 86 70 15 6 5 82 83 24 1 54 45 85 60 50 67 32 53 30 14 39 87 21 13 33 78 75 88 23 49 57 62 
100 53 9 73 38 17 52 4 95 28 45 47 68 44 27 56 18 26 100 32 60 84 61 67 89 71 31 13 86 90 22 79 19 43 24 34 6 55 39 3 16 23 64 62 99 36 72 58 25 85 83 7 30 63 41 75 51 21 48 94 59 10 8 5 1 98 29 66 46 20 92 97 74 14 35 77 12 42 2 50 93 78 88 54 65 11 70 33 80 69 15 37 49 57 96 87 91 76 40 82 81 
100 64 63 8 22 1 14 36 83 40 69 54 91 61 47 60 98 80 99 18 11 71 53 90 49 68 9 42 34 78 32 52 38 85 95 76 66 77 37 13 27 72 57 29 50 58 31 5 96 12 24 70 4 65 20 19 94 30 2 10 82 87 21 33 25 41 81 86 16 7 39 46 67 89 23 17 6 62 44 28 100 93 48 3 97 73 43 55 35 59 51 56 75 92 84 45 88 26 79 74 15 
100 91 57 75 92 96 6 54 58 61 3 53 37 22 45 83 36 5 90 11 41 95 28 87 43 50 84 94 93 59 56 7 47 1 12 44 38 29 64 8 100 68 76 66 32 99 62 74 30 23 16 85 89 18 17 67 78 34 65 21 49 48 20 46 39 27 55 77 72 25 24 88 82 10 19 70 13 71 35 33 42 98 40 80 60 4 81 2 73 52 97 26 9 31 69 63 51 14 86 15 79 
100 74 88 98 91 13 64 50 84 66 36 10 43 48 35 69 30 2 15 52 89 78 17 81 1 26 53 5 4 24 86 38 96 93 97 62 16 54 47 22 92 44 21 7 75 31 80 57 95 51 49 73 63 25 33 70 39 60 82 65 12 40 94 87 55 19 9 20 59 41 72 3 58 42 90 37 27 29 85 28 18 45 68 61 83 32 11 100 8 77 23 79 67 76 14 46 34 99 6 56 71 
100 26 71 41 40 90 73 27 60 65 72 47 83 15 4 54 80 32 29 57 78 6 5 94 16 85 8 55 77 75 23 92 68 76 100 88 74 61 10 3 66 82 25 13 67 37 33 58 63 59 91 11 69 20 86 51 81 12 38 35 50 64 9 18 98 89 56 34 22 93 62 45 95 87 97 31 70 2 49 52 7 79 24 99 14 43 53 1 19 30 48 36 84 21 39 28 46 17 42 96 44 
100 92 20 41 88 79 21 47 95 40 16 50 87 30 76 15 96 2 45 66 5 67 83 64 44 78 38 23 89 22 10 31 46 54 90 73 27 70 59 55 56 9 81 53 94 4 91 18 72 77 69 99 74 11 1 52 33 75 24 68 71 61 12 100 58 48 57 39 28 36 43 13 7 42 65 37 32 93 35 86 98 34 3 82 26 19 63 51 25 14 17 49 6 80 97 85 84 29 62 60 8 
100 100 15 3 92 42 19 40 75 79 65 74 24 85 96 30 93 57 64 27 35 44 95 21 39 5 20 80 47 98 84 2 28 51 70 86 46 77 12 48 58 9 26 76 91 87 60 62 99 16 8 10 49 89 53 67 68 1 33 71 55 4 83 78 50 88 25 54 31 94 23 52 7 32 34 36 18 43 41 56 61 29 59 6 66 90 63 81 73 13 22 38 82 17 45 69 11 97 37 14 72 
100 83 91 55 84 77 54 53 52 59 64 27 100 44 57 39 89 81 95 12 69 93 70 96 50 62 85 73 7 18 2 17 20 65 45 76 4 88 13 21 15 71 28 35 41 82 31 43 25 66 6 24 19 86 5 49 42 30 32 22 74 98 36 58 87 78 68 10 63 61 14 46 99 80 26 48 9 97 11 34 56 29 75 3 90 94 38 79 8 1 40 37 67 60 47 23 33 72 51 16 92 
100 35 42 12 22 58 50 96 38 43 51 67 69 19 34 55 83 91 84 61 47 17 85 68 30 93 88 27 18 1 28 4 98 75 2 16 45 41 46 10 14 80 99 3 89 63 62 40 48 11 56 32 9 23 53 76 74 5 72 73 66 13 20 82 31 70 97 24 92 90 29 60 71 8 54 39 87 33 7 57 6 49 37 21 52 100 65 95 77 25 15 26 86 81 44 64 36 78 79 94 59 
100 23 100 97 59 3 83 9 88 62 30 18 66 29 13 58 99 12 71 50 86 42 56 2 6 76 20 7 5 98 21 68 93 87 43 92 1 64 40 38 91 33 17 78 44 75 60 85 67 69 49 82 94 39 27 4 70 32 65 16 26 90 84 96 54 81 10 73 47 31 48 80 57 45 74 89 19 53 35 55 77 41 25 95 37 15 34 28 79 8 24 63 51 61 22 36 52 11 46 72 14 
100 11 18 60 4 76 61 80 72 59 87 34 22 20 67 24 39 96 84 35 8 47 9 49 64 53 81 89 46 41 42 94 7 71 78 31 36 57 38 48 17 79 2 44 85 93 95 62 15 43 65 1 37 13 66 14 86 82 45 23 19 5 73 29 12 25 16 100 6 30 70 74 27 33 32 91 90 28 92 3 75 55 26 97 58 77 63 56 40 68 21 50 10 69 99 98 54 52 88 51 83 
100 18 100 49 30 81 66 84 91 16 93 25 90 57 51 20 58 99 44 28 23 26 45 15 2 67 19 52 87 82 14 10 8 40 65 88 74 4 59 5 43 63 34 68 85 83 61 42 64 60 54 6 72 46 38 69 17 55 77 13 62 78 53 48 31 7 27 12 35 33 70 47 89 29 75 56 79 21 24 73 3 36 80 32 11 95 92 98 9 39 41 50 37 71 97 76 94 22 86 1 96 
100 98 10 63 97 90 20 64 16 27 66 89 11 21 9 72 31 38 53 67 71 4 15 37 84 83 13 33 85 3 47 69 59 28 99 50 73 29 24 55 95 45 82 34 80 60 46 100 61 48 77 54 42 91 30 49 81 65 51 94 22 39 62 92 14 40 23 5 41 57 8 78 79 88 52 17 44 12 6 75 68 26 87 74 7 58 96 35 86 56 43 36 93 32 2 25 19 76 70 1 18 
100 26 43 12 71 52 27 60 18 36 95 39 28 50 79 2 89 97 16 38 24 14 96 81 100 54 91 74 53 37 90 35 63 46 86 84 70 78 11 85 34 48 6 93 94 87 33 69 61 13 30 76 62 44 92 80 19 42 9 10 77 75 64 21 23 5 17 57 32 49 41 59 29 4 45 47 58 72 51 99 56 65 67 66 8 3 98 15 7 25 82 55 20 88 22 68 83 1 31 73 40 
100 31 25 77 88 40 55 34 71 51 3 79 24 20 58 59 4 21 13 97 12 73 65 56 78 64 54 36 94 60 19 96 33 6 76 16 62 45 91 7 72 30 70 100 50 28 1 57 75 42 47 53 37 98 90 49 2 80 46 5 68 99 74 82 8 27 18 9 95 22 69 43 92 23 29 83 93 81 86 17 26 84 52 89 66 15 63 38 85 32 87 48 10 61 14 11 67 41 44 39 35 
100 13 61 80 55 31 14 21 2 99 64 6 60 36 29 67 88 28 91 83 7 78 5 85 51 20 49 95 16 68 100 63 62 76 98 71 39 94 10 54 74 96 44 75 89 30 4 57 86 25 81 15 82 84 26 34 69 18 90 23 79 17 50 12 66 19 9 52 58 40 87 59 3 27 53 41 97 22 37 73 77 46 11 32 93 8 48 43 42 65 24 35 70 33 92 38 47 1 72 56 45 
100 86 16 10 78 92 93 42 54 65 49 12 89 26 28 52 94 44 34 40 35 24 59 1 96 23 27 81 99 58 48 55 39 37 87 51 29 15 9 8 4 20 68 74 73 88 11 61 46 69 45 98 36 57 33 82 6 18 31 64 100 84 22 67 60 76 41 50 97 77 47 80 14 3 70 63 56 71 21 25 7 75 30 43 17 62 79 91 5 66 2 32 95 83 72 85 38 90 13 53 19 
100 39 60 79 12 32 55 50 74 28 10 59 27 16 38 4 69 24 1 35 30 77 34 23 36 13 41 100 88 44 26 83 53 19 89 75 73 72 45 61 92 8 25 31 70 96 99 98 48 52 67 5 11 6 81 54 37 95 58 2 76 21 46 71 40 93 43 91 29 7 86 87 33 9 3 14 64 63 84 49 66 68 51 62 65 56 17 57 78 18 15 90 80 82 42 47 94 22 85 97 20 
100 34 51 31 42 62 1 39 100 35 15 25 27 13 22 71 53 82 30 10 50 92 16 61 32 14 17 70 72 58 98 47 12 11 93 84 65 74 81 8 21 96 69 43 23 59 5 94 52 7 60 95 28 56 36 3 76 89 26 18 75 4 85 83 79 80 86 63 37 73 38 77 78 68 91 46 57 87 9 97 2 20 44 88 66 24 54 29 67 6 19 49 90 55 40 48 45 33 41 64 99 
100 60 8 36 21 50 39 57 98 79 7 82 12 26 10 58 18 56 52 66 77 23 22 31 91 95 24 67 92 40 45 59 15 89 6 14 41 88 48 78 9 68 11 37 25 5 65 30 38 46 90 83 81 86 97 29 96 74 76 72 4 84 33 20 35 47 94 34 32 3 44 1 53 80 42 13 19 87 27 2 100 16 43 64 17 71 51 85 54 73 28 70 49 99 55 63 62 75 93 61 69 
100 43 59 39 6 47 44 97 15 14 94 91 63 26 71 95 75 25 92 29 2 1 49 22 36 19 76 83 86 57 35 20 81 21 96 28 60 13 79 66 56 52 88 40 67 87 30 69 31 10 51 54 53 64 72 48 62 50 27 16 7 12 85 37 18 42 68 17 80 90 89 93 8 82 9 55 77 41 70 65 45 99 100 73 38 58 11 98 4 33 61 32 84 46 5 3 74 78 23 34 24 
100 89 5 64 71 42 84 50 23 78 29 77 24 35 51 4 65 2 92 8 30 13 68 97 75 43 76 100 32 81 54 33 94 96 20 49 46 56 38 85 82 27 48 14 67 45 63 6 86 58 72 57 95 28 36 53 83 60 31 99 70 9 11 1 79 47 21 90 73 61 18 44 41 7 39 69 17 74 22 59 3 93 55 88 62 19 37 52 66 87 26 80 40 10 98 25 12 15 16 34 91 
100 86 62 91 12 33 90 51 87 44 82 43 2 50 11 28 66 36 54 46 71 60 85 42 80 58 95 22 67 13 38 83 74 32 14 39 92 97 10 19 34 30 35 9 69 65 78 23 45 64 84 21 93 61 18 20 47 79 48 98 88 5 59 75 41 52 4 17 89 99 55 73 49 77 68 94 16 76 27 7 81 57 40 8 72 53 6 25 37 96 56 24 31 3 29 15 100 63 26 1 70 
100 54 94 17 45 80 89 41 27 7 53 40 90 5 86 2 69 72 76 52 18 6 30 24 16 44 43 64 39 37 65 87 26 38 22 71 11 74 47 21 28 50 73 81 58 20 8 61 66 19 35 15 84 63 32 88 23 4 1 99 97 31 3 42 82 36 60 34 59 12 33 57 62 48 70 83 56 95 96 100 46 92 79 68 10 9 85 78 51 29 49 67 98 75 25 93 13 14 91 55 77 
100 73 48 34 24 35 52 58 2 80 88 1 25 26 20 98 61 78 29 14 68 54 66 57 3 7 74 13 76 41 95 59 67 81 83 85 69 30 38 90 32 45 11 15 12 6 49 18 50 82 77 10 23 21 37 92 51 91 17 86 28 79 39 44 47 64 70 87 5 9 46 75 84 62 33 55 72 42 16 22 40 97 94 100 43 36 27 56 89 31 65 60 4 96 19 99 71 53 93 8 63 
100 98 90 6 67 31 27 84 46 77 34 66 32 80 14 73 21 18 49 40 89 83 33 91 92 99 60 16 8 29 37 58 5 44 93 43 74 50 4 64 24 51 65 76 52 68 28 85 62 7 41 96 56 82 19 87 94 75 48 3 11 2 22 53 59 26 79 45 23 78 95 17 39 15 61 100 72 69 36 38 10 81 47 9 63 25 57 42 20 13 54 71 55 1 70 97 86 30 35 12 88 
100 92 35 13 60 64 56 57 25 4 96 42 50 66 21 36 15 18 72 77 85 83 9 28 6 71 49 26 91 17 22 38 29 45 11 62 31 97 78 41 100 58 93 99 12 68 5 80 20 65 16 2 90 48 34 76 24 32 89 88 8 54 53 82 98 37 46 81 75 79 51 30 7 86 23 19 43 3 55 87 69 1 10 67 61 44 14 84 39 73 59 47 74 33 70 94 40 27 63 52 95 
100 27 57 12 68 88 18 8 59 60 70 69 90 54 39 61 73 17 9 52 15 46 30 55 53 84 45 79 2 94 65 82 62 91 78 67 63 41 23 99 74 21 4 16 100 5 89 58 80 87 97 20 48 72 96 38 26 92 95 56 10 75 86 37 98 22 42 83 76 13 50 3 40 81 19 71 93 24 49 1 64 11 36 85 14 66 6 43 33 25 44 35 29 77 28 31 47 34 32 51 7 
100 43 5 71 13 98 68 2 10 48 28 39 36 49 86 92 72 35 99 18 31 89 97 80 58 29 14 20 25 54 55 83 78 11 46 81 85 33 37 73 19 38 17 24 34 74 16 57 47 12 52 40 66 56 9 1 77 95 44 60 93 8 6 82 84 88 62 42 23 90 30 50 67 70 87 26 59 61 100 63 4 91 32 41 15 22 79 76 75 65 51 53 21 64 69 96 94 7 27 3 45 
100 64 90 70 57 91 33 48 19 80 79 43 51 31 10 52 35 8 84 7 97 69 56 11 14 45 23 30 4 54 81 24 6 20 83 100 93 46 26 36 47 92 37 94 77 61 53 65 88 74 2 78 9 76 66 59 32 98 38 41 99 63 62 40 13 27 75 58 21 85 16 25 72 42 60 55 3 15 73 71 87 28 89 17 67 29 82 18 22 44 34 50 39 95 68 1 96 49 12 5 86 
100 27 5 42 24 19 78 10 39 71 68 79 45 58 2 48 69 72 29 95 80 25 6 77 93 63 81 100 56 92 3 83 74 49 53 20 76 23 26 52 67 38 59 57 86 11 34 96 31 41 47 15 55 21 94 8 40 43 85 91 64 62 50 61 87 30 44 33 36 97 9 54 99 13 16 82 37 1 7 28 73 75 90 70 84 65 89 32 4 22 88 66 35 98 60 17 51 12 18 14 46 
100 4 20 54 79 99 24 89 44 70 87 58 32 41 27 34 47 81 40 23 28 61 73 14 46 18 96 16 97 45 26 64 3 11 53 25 86 5 72 37 12 50 59 95 29 57 93 38 60 35 48 75 84 55 68 88 69 94 10 56 13 39 6 65 49 51 82 100 66 36 17 21 52 15 78 2 9 30 43 22 90 91 80 76 74 85 67 1 77 92 83 98 33 63 19 71 7 31 8 62 42 
100 67 20 22 96 24 12 85 51 37 18 92 30 59 57 61 3 95 23 42 75 86 31 35 33 62 7 79 91 74 17 66 87 72 16 41 81 25 5 32 34 2 70 94 88 100 6 56 40 48 71 64 54 47 98 28 65 36 4 1 68 89 8 84 52 93 14 13 82 97 76 38 27 60 9 11 58 69 63 21 53 46 15 49 90 78 99 55 77 73 29 80 39 50 10 19 83 44 43 45 26 
100 9 16 17 83 15 96 33 58 95 18 8 11 42 87 76 44 29 23 61 35 81 97 19 55 72 52 41 56 89 50 67 22 47 36 27 70 68 99 88 46 80 10 2 75 91 98 63 100 7 69 51 65 31 57 39 92 82 6 1 21 79 32 38 12 66 62 74 85 40 71 90 26 13 59 4 30 48 73 93 60 94 45 24 86 5 25 37 34 49 77 20 84 43 64 28 78 3 53 54 14 
100 86 28 51 3 89 92 13 4 87 11 29 82 27 63 46 76 74 24 56 75 100 98 91 93 31 20 32 69 40 45 14 22 35 62 65 88 77 61 70 19 78 17 79 71 15 68 90 30 73 85 34 39 55 97 95 23 96 54 72 12 50 37 58 9 99 33 1 44 67 16 94 60 26 41 84 36 42 57 38 53 8 2 66 64 59 81 7 48 52 49 18 10 43 21 25 80 83 47 5 6 
100 94 16 19 81 62 61 10 43 99 98 65 59 67 46 90 22 24 88 33 93 92 13 83 53 15 87 11 37 35 55 34 95 77 5 78 23 82 75 84 60 54 8 38 73 56 72 96 18 76 66 26 12 32 47 51 52 39 68 29 41 74 17 25 97 3 86 7 36 63 79 1 6 31 85 2 64 71 69 14 45 30 50 42 9 100 89 58 80 48 57 40 21 70 44 49 28 27 4 20 91 
100 22 55 67 38 23 76 25 5 73 13 85 42 86 92 78 52 84 70 7 63 54 91 43 87 32 66 19 56 60 59 9 72 94 26 6 90 44 17 57 46 3 93 65 79 33 100 8 18 45 28 71 88 30 4 29 64 69 89 37 39 41 51 20 99 49 16 68 80 47 74 24 83 95 97 77 27 82 81 15 36 2 14 98 58 40 61 35 10 50 48 62 34 11 31 12 21 75 96 53 1 
100 17 5 57 48 79 54 40 11 72 96 62 44 28 27 94 32 89 26 88 86 56 77 60 90 6 2 42 59 20 47 80 22 41 87 46 78 52 37 98 93 38 14 100 10 84 70 66 82 24 19 95 3 21 45 83 51 15 16 55 81 65 33 4 74 8 76 69 35 97 50 13 36 61 85 23 43 1 30 71 99 58 31 39 53 92 25 7 75 73 18 63 34 64 91 49 9 12 67 29 68 
100 71 93 100 61 98 13 16 96 87 4 23 70 31 8 73 39 91 9 51 36 30 74 78 81 34 12 21 6 97 19 83 43 33 53 7 69 48 66 17 92 29 89 68 25 11 10 59 62 67 82 14 26 99 80 27 50 2 1 76 54 37 35 32 41 88 56 44 84 15 46 24 52 47 77 38 22 5 49 57 28 72 40 63 79 20 75 18 3 42 86 65 55 58 94 85 64 95 90 45 60 
100 70 79 81 75 8 31 85 93 54 97 46 20 35 44 33 17 100 5 43 74 38 10 51 69 50 73 18 16 58 40 68 72 28 23 83 99 90 2 80 95 12 15 64 98 45 63 34 4 36 53 96 87 39 30 91 13 26 49 47 86 94 82 22 71 3 52 55 29 88 77 14 42 57 60 32 9 78 7 92 61 6 89 48 1 76 56 27 41 66 24 67 62 37 19 65 25 59 21 84 11 
100 36 59 8 39 66 74 70 57 51 10 32 69 58 62 61 38 80 17 15 42 48 20 2 37 72 49 47 94 96 71 19 100 63 68 43 40 87 97 11 46 55 3 89 6 16 95 75 84 81 79 52 5 53 26 33 83 98 23 91 21 93 99 76 67 28 86 1 78 35 65 73 12 56 22 4 25 64 34 13 7 29 45 14 50 18 30 90 24 9 82 60 44 85 54 92 31 77 41 88 27 
100 62 49 74 7 44 32 8 84 76 89 30 18 23 67 64 57 52 86 47 46 6 13 58 26 68 88 77 99 80 56 24 42 82 1 96 33 90 37 39 27 38 72 83 53 94 15 75 92 2 93 25 45 60 73 59 97 20 70 41 11 79 40 28 98 19 22 17 65 12 36 100 31 91 21 61 69 71 63 95 50 87 14 51 10 5 85 29 48 81 9 78 4 54 3 35 66 16 34 43 55 
100 98 7 23 30 10 3 93 9 27 26 46 94 70 81 11 15 78 33 4 40 73 14 39 61 58 95 67 22 66 63 82 76 12 50 2 69 5 86 87 41 28 25 80 51 85 37 53 84 35 90 100 79 60 48 74 18 64 44 77 91 34 96 88 62 89 65 20 56 49 47 16 31 52 42 38 97 55 21 83 17 71 24 13 68 8 57 75 1 59 72 45 54 92 6 32 19 29 36 43 99 
100 28 31 29 67 56 89 59 16 42 24 7 58 96 2 39 100 99 35 20 17 78 21 93 12 92 23 90 26 91 75 84 40 69 50 47 30 81 82 32 73 88 80 43 5 94 72 64 53 66 41 83 74 13 37 63 9 98 68 18 76 97 19 87 11 62 52 6 51 3 85 65 48 36 15 49 14 27 4 55 38 77 61 34 8 54 33 79 1 60 44 71 86 45 70 46 57 22 25 10 95 
100 28 47 90 60 94 50 85 65 22 35 51 79 91 34 17 81 57 25 72 18 53 74 23 68 93 7 89 16 2 48 97 66 40 62 10 100 20 77 56 67 70 29 45 12 39 61 88 54 33 52 59 42 96 71 31 83 95 73 41 46 63 21 8 87 26 43 49 44 99 98 6 15 80 1 92 58 9 3 5 27 55 36 14 30 64 37 11 78 75 82 19 4 32 38 24 84 86 76 69 13 
100 81 52 1 2 24 61 53 40 77 66 28 5 67 97 63 11 47 73 78 80 44 90 87 39 38 4 23 76 45 18 70 89 10 56 48 8 85 22 35 64 55 17 82 13 50 98 43 84 33 37 65 27 96 19 16 15 99 69 95 59 83 41 94 79 71 42 25 74 46 58 100 72 20 62 29 54 86 91 6 32 68 30 49 34 3 12 9 7 26 75 51 92 93 36 21 60 31 57 14 88 
100 48 21 88 12 97 53 67 40 27 28 9 52 95 41 56 32 38 44 83 75 85 54 73 72 11 29 78 66 14 22 84 99 37 35 55 25 18 5 30 15 59 96 80 81 70 100 7 86 47 60 49 42 68 33 91 8 4 24 36 19 82 3 87 51 90 39 6 26 65 34 17 64 2 31 74 20 62 61 45 46 43 98 57 16 77 1 23 71 76 79 58 93 13 50 63 10 89 94 92 69 
100 38 53 78 62 11 49 88 91 94 31 81 51 86 100 77 23 10 42 79 61 1 22 82 28 4 56 52 80 24 19 96 69 41 99 50 89 40 65 67 30 66 35 7 20 43 90 95 76 84 9 2 57 34 39 47 12 92 71 16 27 64 54 25 45 33 18 73 87 8 21 15 68 55 44 83 13 17 75 3 36 63 26 97 14 48 32 37 60 5 6 72 46 93 59 70 58 85 98 74 29 
100 31 36 92 9 74 94 15 81 19 80 5 61 56 7 18 57 38 70 45 99 62 42 55 27 88 72 85 97 54 24 52 87 86 71 78 39 43 63 66 84 100 14 69 4 44 73 3 60 11 90 67 82 21 46 37 58 47 26 98 59 33 17 48 29 64 22 16 28 95 35 6 91 1 89 83 13 49 65 75 51 12 93 53 79 50 68 8 77 40 2 25 30 10 41 76 20 34 23 32 96 
100 51 75 37 48 39 91 50 19 81 11 88 79 4 7 9 2 90 14 52 3 28 16 30 86 87 67 43 13 21 24 56 33 12 5 27 25 15 83 93 69 62 20 44 68 22 98 80 1 70 97 58 54 71 26 63 92 18 60 73 41 38 95 8 74 34 6 96 53 29 84 76 45 32 36 82 55 57 85 40 89 78 42 94 77 100 49 64 65 10 46 61 17 99 35 31 66 72 23 59 47 
100 82 29 77 1 88 99 38 9 95 97 12 75 96 41 28 32 62 57 84 53 65 98 33 26 61 47 45 74 3 81 83 68 50 86 87 40 48 37 60 70 66 14 52 36 13 4 39 34 93 49 35 94 10 25 6 67 15 17 5 2 27 76 55 85 71 79 58 51 16 11 31 69 30 100 20 92 22 56 42 24 8 73 89 90 44 80 46 64 59 18 23 78 63 7 43 21 19 72 91 54 
100 18 34 33 30 44 50 37 14 8 68 19 20 73 67 28 43 54 36 51 53 29 78 81 66 52 10 97 22 60 89 11 90 65 38 79 77 64 72 91 21 87 58 24 2 83 57 99 61 23 1 25 15 70 96 75 46 76 63 17 45 32 59 86 13 48 49 98 74 62 12 31 3 80 41 42 27 35 47 95 4 85 82 7 55 56 88 100 69 93 84 92 71 16 39 26 40 9 94 5 6 
100 65 77 99 15 20 7 22 97 30 61 24 8 79 39 25 26 10 70 37 58 71 13 43 6 59 95 31 82 32 74 11 68 100 44 90 48 19 62 76 55 9 75 69 29 17 54 72 46 89 42 92 14 81 83 23 85 86 94 63 41 57 36 28 5 98 40 45 56 27 88 49 1 73 53 2 16 80 87 67 78 47 50 91 4 35 38 84 21 64 18 3 51 96 12 60 93 52 33 66 34 
100 63 79 46 89 8 24 93 87 17 34 3 66 43 84 59 13 73 21 35 100 81 42 38 2 86 58 67 78 20 48 28 40 82 6 90 56 14 72 99 88 49 70 19 45 54 80 18 23 27 57 83 92 53 98 95 69 29 12 5 36 74 30 25 26 47 96 68 55 50 4 52 76 61 37 77 16 11 65 91 22 60 85 1 75 31 15 51 64 44 97 7 9 94 62 33 41 10 39 71 32 
100 32 18 39 24 64 95 99 41 23 28 1 35 69 21 76 5 6 2 8 85 51 52 31 79 54 70 82 65 49 27 11 62 15 19 20 4 93 13 37 42 90 60 25 22 71 57 67 34 55 9 46 61 29 48 72 10 77 63 38 45 84 78 14 91 16 74 26 58 87 89 68 100 36 88 86 94 7 33 98 73 92 80 12 81 97 40 96 75 59 47 56 44 30 50 43 53 3 66 17 83 
100 13 90 38 14 40 36 55 97 59 82 49 34 47 27 6 66 35 37 50 45 24 84 81 61 67 12 18 71 9 72 74 17 58 2 28 70 46 57 95 75 5 22 54 10 87 44 33 60 91 99 23 31 4 42 65 64 62 78 51 92 53 29 98 11 8 21 80 15 25 16 63 20 69 26 39 52 73 43 19 83 89 48 56 96 32 77 100 7 3 88 79 30 68 41 93 94 86 76 85 1 
100 83 63 98 81 88 45 58 40 95 47 44 51 23 38 34 30 74 60 85 59 94 4 29 97 28 99 64 10 31 43 55 24 66 57 37 96 42 33 61 21 25 53 68 36 41 17 70 86 87 7 2 32 54 79 20 39 27 84 75 62 69 65 100 56 1 49 46 6 50 8 3 22 89 13 5 18 35 11 82 19 26 92 93 77 52 16 90 9 12 48 91 14 71 78 76 80 67 72 15 73 
100 50 91 26 10 55 58 24 61 60 63 73 47 18 100 69 84 95 79 77 81 23 53 34 17 49 16 71 29 87 33 68 51 46 9 20 99 21 38 96 12 59 48 36 45 70 42 1 32 6 13 30 86 19 40 15 14 11 56 66 22 90 88 31 75 7 37 65 54 67 5 2 25 3 89 28 92 52 4 41 94 39 80 74 82 76 57 98 44 62 35 97 78 27 93 8 64 83 72 43 85 
100 17 4 38 25 19 22 96 89 88 10 92 65 15 81 58 18 11 60 69 12 24 93 72 35 33 29 32 55 30 6 90 66 84 1 80 7 63 50 57 47 98 21 43 91 52 28 94 3 86 14 44 31 87 79 53 41 62 49 64 36 70 99 78 73 61 27 34 9 67 82 2 37 83 42 39 5 77 97 16 51 71 75 74 54 13 46 26 59 20 100 56 85 76 8 40 68 48 45 23 95 
100 80 62 23 65 32 56 17 6 68 27 90 85 57 63 67 60 7 26 10 61 46 99 89 73 82 94 18 19 48 38 16 91 21 34 59 75 72 83 9 45 52 24 84 36 66 81 33 47 25 1 70 39 11 28 43 69 37 93 51 5 14 77 49 64 4 42 50 86 87 44 97 31 78 71 12 58 76 2 74 88 29 100 53 8 79 22 92 54 20 13 98 96 40 3 30 15 55 35 41 95 
100 57 94 6 20 78 21 54 5 40 73 16 38 27 68 84 43 69 61 98 75 45 76 37 86 32 79 31 12 3 50 59 65 41 67 90 62 15 39 56 10 83 97 64 89 35 18 24 42 22 80 72 85 99 95 88 77 14 4 7 34 100 33 55 49 58 63 92 46 23 28 17 11 2 66 9 29 74 71 47 13 87 51 19 93 82 81 30 26 48 60 25 52 70 36 8 1 44 96 91 53 
100 65 88 76 15 25 77 14 64 66 35 21 94 79 48 19 41 90 38 71 72 46 43 87 26 8 36 83 95 33 6 53 99 44 13 70 61 59 81 34 37 97 93 98 75 96 89 3 60 39 54 58 1 62 69 78 17 74 42 57 2 12 40 51 100 84 31 23 68 9 24 56 18 7 49 85 63 45 30 82 10 55 29 80 11 32 5 27 86 67 4 52 16 73 92 22 47 91 28 50 20 
100 43 99 100 73 16 50 85 65 61 98 14 64 78 52 86 36 44 96 77 81 30 71 67 97 49 21 56 70 48 94 83 45 93 17 51 6 37 55 80 40 32 4 3 63 1 87 92 88 75 53 10 25 22 2 66 29 72 54 57 18 59 62 33 8 90 95 31 68 42 20 11 12 27 5 58 19 91 47 69 15 9 74 24 39 76 23 41 84 34 28 7 82 79 13 38 46 35 89 26 60 
100 56 79 17 82 4 93 5 11 43 34 89 66 45 29 67 25 38 84 71 87 14 55 80 21 24 58 77 26 23 85 22 13 7 6 1 96 59 47 99 27 72 28 46 74 83 92 94 50 53 42 8 48 73 40 32 70 68 63 95 81 30 36 16 35 9 37 2 64 52 76 10 62 12 44 88 54 75 33 39 18 65 98 61 97 20 57 15 100 60 86 91 90 31 78 69 3 19 41 49 51 
100 9 17 97 86 42 79 53 58 74 28 61 100 64 18 7 15 83 49 84 56 77 30 19 65 8 76 70 23 24 50 75 69 12 20 82 90 93 55 39 13 89 66 22 72 45 63 99 37 43 94 60 34 71 98 35 32 92 62 29 95 57 51 54 52 36 2 5 38 47 81 3 16 4 80 85 21 68 78 10 11 91 6 48 14 46 40 27 44 31 59 1 96 41 73 26 33 88 25 67 87 
100 58 31 47 91 42 48 78 17 74 95 89 70 84 50 33 20 98 7 62 63 36 94 66 11 76 5 71 40 55 53 90 96 51 97 29 77 18 65 38 3 12 92 23 19 88 60 56 27 46 8 22 30 37 28 73 99 25 2 21 64 67 69 59 34 13 72 49 15 24 57 86 93 41 79 85 43 35 9 81 52 100 44 83 16 54 82 14 39 10 6 1 26 87 61 75 68 4 45 32 80 
100 13 97 37 68 60 57 73 69 20 92 34 90 62 5 11 18 26 65 1 30 32 47 82 49 38 78 48 89 95 2 58 9 23 4 14 28 94 50 87 67 21 33 41 76 25 6 54 93 40 45 75 85 53 17 80 24 72 70 12 99 84 83 43 55 16 66 59 22 39 10 8 91 3 19 74 88 100 79 46 15 96 71 7 44 29 81 52 51 61 42 56 77 27 86 98 63 31 35 36 64 
100 82 7 5 78 84 34 54 72 46 67 57 80 26 42 86 97 45 2 50 39 23 51 58 43 29 61 48 87 6 70 10 66 38 71 79 40 91 95 53 30 28 85 25 36 37 27 44 17 13 76 24 75 14 52 69 81 99 89 35 47 65 93 32 1 49 59 60 21 96 3 90 8 63 22 15 19 77 9 74 68 92 73 55 88 62 12 33 41 18 16 4 100 56 94 64 31 11 98 83 20 
100 60 58 20 27 53 77 13 75 93 76 71 98 36 59 97 90 12 45 28 31 47 43 35 74 49 39 51 64 52 17 79 65 37 19 99 88 72 62 48 16 1 38 57 95 18 94 29 69 78 14 3 41 44 34 5 15 50 86 80 82 11 26 32 100 33 22 92 6 25 61 4 66 84 96 70 30 9 2 54 81 89 40 67 83 68 8 73 91 23 56 55 87 85 42 7 46 10 21 63 24 
100 60 71 37 38 14 30 2 35 12 43 41 67 8 75 10 18 59 44 6 39 78 66 76 24 62 53 45 25 29 20 82 99 56 91 21 83 65 87 89 94 19 51 50 68 57 7 64 93 46 13 22 54 80 28 17 81 95 23 63 27 85 9 49 34 11 61 52 58 88 33 47 4 79 1 70 97 48 69 100 32 84 73 77 42 36 40 90 72 15 16 31 92 26 86 55 96 5 98 74 3 
100 89 16 38 73 5 10 94 93 63 56 32 36 23 49 66 71 82 47 97 60 25 48 41 53 33 87 58 70 2 7 92 83 98 21 3 37 30 15 57 22 31 55 59 65 84 91 42 61 100 19 45 34 99 17 68 64 13 24 79 44 67 39 75 78 69 8 77 90 26 96 18 50 27 4 20 95 74 40 11 88 80 1 52 12 46 28 62 6 81 54 76 86 43 29 72 51 14 9 35 85 
100 37 93 7 90 31 61 95 30 97 20 33 48 79 77 76 42 51 64 57 11 84 2 68 69 46 40 6 72 66 10 74 56 94 28 91 82 26 3 1 62 17 24 100 88 15 78 49 86 96 99 12 53 32 73 5 18 29 60 9 54 35 75 81 67 44 41 71 52 92 19 63 47 50 13 27 39 87 23 36 43 34 89 80 65 8 85 21 58 4 45 25 16 22 38 59 98 83 55 70 14 
100 39 92 54 77 38 52 93 53 69 94 90 59 46 40 3 2 87 7 79 10 18 58 23 21 55 34 22 26 61 20 85 73 41 97 91 72 6 36 86 12 100 76 33 74 66 49 65 99 9 28 67 95 4 35 44 82 15 68 1 80 19 98 11 88 47 29 62 96 70 89 32 27 71 57 5 81 64 83 30 37 16 84 14 8 78 25 75 48 31 45 17 50 13 24 60 63 56 42 43 51 
100 13 39 32 27 92 77 31 46 55 97 64 12 74 30 78 47 83 9 5 21 86 24 99 44 87 8 54 60 76 20 6 100 81 65 75 52 45 94 37 14 38 56 57 80 43 2 22 62 85 68 29 72 89 16 69 42 59 1 41 15 4 48 26 25 49 18 91 53 28 40 61 73 58 84 7 95 98 33 3 96 63 88 11 34 70 23 17 19 50 90 93 82 35 51 10 79 71 36 66 67 
100 76 34 64 29 33 84 56 72 59 50 4 87 48 35 92 83 3 65 27 61 93 43 2 80 68 15 60 46 14 77 13 54 81 40 26 24 55 8 71 79 94 75 62 41 31 57 1 89 5 39 36 18 52 73 86 100 82 91 30 96 95 22 67 97 74 32 20 47 19 49 69 16 6 11 17 25 23 28 88 37 51 10 66 98 7 53 78 90 42 9 58 85 12 38 45 63 70 99 44 21 
100 2 15 69 52 48 53 100 58 11 5 82 29 70 12 66 84 17 24 91 79 50 42 46 64 32 3 16 51 7 1 47 6 38 72 21 80 13 41 22 40 95 39 14 33 37 61 93 20 49 77 45 97 55 43 8 78 28 99 63 62 73 86 90 9 44 68 27 96 56 76 25 75 71 65 36 35 67 59 34 4 23 31 83 94 26 88 57 85 74 19 18 89 87 81 98 10 30 60 92 54 
100 93 11 38 29 62 78 72 34 19 50 36 26 21 16 57 43 1 9 88 10 73 7 92 56 52 44 86 6 85 5 64 54 55 23 14 46 95 75 25 94 91 22 31 98 83 27 17 40 12 97 89 70 35 15 68 42 20 28 32 77 41 58 66 76 90 100 24 79 37 69 39 87 65 33 2 30 13 99 80 53 49 60 61 74 18 81 4 48 84 47 96 67 59 3 8 82 71 63 51 45 
100 4 25 85 9 18 99 12 15 75 66 27 42 39 90 8 40 84 82 69 19 79 1 95 48 98 71 62 87 60 3 5 68 14 34 22 20 52 44 57 31 73 77 23 13 92 59 35 55 54 47 16 41 67 33 63 91 72 58 32 17 7 78 86 53 30 70 28 11 6 100 81 56 10 51 2 83 94 80 36 74 29 97 88 21 96 65 93 46 76 45 89 26 64 49 61 38 37 43 24 50 
100 81 46 42 25 16 70 24 91 18 39 34 88 83 89 96 14 47 9 68 54 85 90 38 52 32 58 79 71 67 64 86 37 98 76 15 40 7 99 45 30 44 72 3 77 69 59 23 82 29 80 49 94 27 19 92 66 51 87 4 2 56 73 17 33 93 10 97 75 63 57 78 36 50 5 28 12 62 95 48 1 8 61 74 41 22 13 26 6 60 53 35 31 65 11 100 55 21 43 20 84 
100 57 16 47 82 45 54 88 55 95 93 83 67 80 12 79 73 3 94 71 56 7 91 28 70 76 9 23 33 63 85 60 98 97 61 22 18 62 51 19 11 68 90 6 26 1 38 4 35 14 74 40 13 24 87 42 75 5 89 77 41 32 30 25 50 37 49 96 53 64 29 44 21 43 92 81 84 10 27 58 15 66 99 20 59 52 34 31 8 48 69 100 86 39 65 78 2 46 72 36 17 
100 65 8 67 58 77 18 16 14 89 23 34 52 3 81 40 6 54 43 98 88 1 24 10 50 17 61 4 83 39 32 90 69 51 21 55 93 9 99 38 13 36 76 15 35 91 30 97 31 87 22 66 72 5 45 80 56 70 44 85 71 79 42 49 95 57 11 100 68 78 47 28 94 26 19 7 27 73 63 48 37 86 96 33 25 64 46 29 84 82 92 41 59 12 75 62 20 74 60 53 2 
100 16 73 100 34 78 42 17 59 11 1 15 97 4 98 86 52 80 56 12 57 10 2 8 62 81 68 65 40 60 3 38 27 18 46 30 51 6 88 95 87 63 94 35 49 66 64 21 83 72 19 71 32 92 29 41 67 9 54 91 84 76 25 89 99 43 13 70 24 48 44 55 93 50 26 47 23 53 45 69 33 31 96 61 90 58 14 82 5 20 7 74 75 79 28 85 22 37 36 39 77 
100 90 17 89 96 4 21 22 69 85 74 58 32 37 35 43 27 100 47 16 98 65 70 28 51 11 9 12 87 79 38 46 95 61 73 2 49 97 26 19 53 75 6 62 59 3 52 23 64 67 42 33 92 44 40 54 5 99 50 83 18 66 8 31 41 68 7 77 60 71 25 78 63 84 82 30 39 24 29 34 36 56 91 93 88 80 1 86 55 57 14 20 48 76 94 10 81 72 13 45 15 
100 62 95 61 89 60 96 7 58 13 66 3 47 85 28 17 22 94 87 72 38 68 14 48 10 39 4 15 81 25 43 88 98 75 27 80 42 59 73 46 83 82 33 49 51 54 74 84 29 32 93 40 34 77 70 53 12 24 18 63 41 97 52 20 5 90 8 31 86 76 69 64 9 50 71 91 79 57 23 99 35 92 78 21 44 26 19 55 1 45 6 37 30 16 11 56 2 36 67 65 100 
100 39 60 63 82 72 49 13 10 66 65 85 80 50 78 20 4 70 77 21 67 100 51 90 34 86 30 47 18 42 89 76 35 53 71 93 55 32 61 57 52 26 33 19 64 87 69 23 48 31 28 2 41 73 22 7 11 17 96 25 99 29 6 5 84 88 12 43 97 68 38 81 98 3 46 8 54 91 36 94 24 58 83 16 27 95 45 59 56 44 15 37 62 75 1 74 14 79 40 92 9 
100 35 27 17 71 44 62 99 65 20 3 50 30 34 12 5 54 81 75 26 60 29 73 82 41 61 28 8 55 63 91 18 39 32 36 58 94 23 22 7 48 16 15 25 40 100 87 47 49 64 83 10 4 2 1 89 57 11 72 93 33 52 45 85 88 42 97 46 51 9 69 80 90 77 66 67 59 76 79 98 53 68 70 21 14 13 37 6 56 92 38 31 95 96 24 74 84 86 78 43 19 
100 50 63 2 16 87 49 41 73 24 65 77 55 19 34 32 23 37 20 36 52 100 92 57 82 5 81 89 12 30 47 9 31 22 58 86 53 76 60 95 10 46 72 51 29 15 91 69 80 74 8 67 85 66 75 35 4 96 26 94 27 88 13 62 64 84 54 71 42 17 3 39 11 83 38 93 25 45 33 6 1 68 43 14 56 28 99 98 70 7 59 97 21 40 90 44 61 18 48 78 79 
100 50 25 68 8 33 76 18 66 65 27 26 63 82 87 30 11 95 47 53 19 59 41 96 57 12 89 9 51 37 5 4 97 32 38 81 62 43 72 69 34 91 92 71 20 78 29 16 90 10 100 74 61 55 75 52 58 28 36 45 46 15 1 23 70 83 49 3 79 24 88 60 54 80 6 48 77 99 14 22 42 56 31 98 64 85 17 13 94 73 2 93 21 86 39 40 44 84 67 35 7 
100 19 48 11 22 78 38 66 92 40 77 83 97 99 33 53 93 64 43 24 23 95 41 61 85 44 58 75 30 47 57 29 26 87 6 80 39 21 94 10 14 73 16 32 70 100 42 18 2 81 17 62 4 65 98 25 9 88 34 36 37 59 35 1 84 86 50 31 72 91 15 74 5 27 67 45 56 89 96 82 90 79 55 68 8 54 7 63 20 13 49 52 3 51 76 12 60 28 69 71 46 
100 67 81 91 57 80 61 54 65 59 86 56 70 24 62 64 89 79 74 92 48 63 97 95 94 44 3 29 38 71 43 68 50 16 37 27 58 42 75 18 20 90 35 23 5 49 99 93 30 82 21 36 13 98 46 14 33 83 8 39 96 88 34 53 73 78 52 66 17 77 41 10 12 40 69 51 32 31 47 15 84 60 55 22 26 72 76 6 11 85 1 2 7 100 25 9 87 19 45 28 4 
100 19 4 83 85 23 81 1 67 34 50 69 21 6 12 28 89 39 99 26 86 32 48 2 27 52 77 97 7 43 93 16 82 46 17 24 58 79 5 59 49 22 91 10 53 8 37 30 11 78 100 14 68 75 62 92 13 35 96 55 15 60 45 70 44 20 95 84 25 65 42 47 36 29 63 56 40 18 54 33 72 71 87 94 64 41 31 66 88 3 61 76 57 90 9 98 74 38 80 51 73 
100 43 100 16 22 34 13 63 40 70 23 35 44 28 87 84 79 5 9 85 33 93 65 14 6 18 55 17 68 45 42 1 38 81 69 8 49 71 51 50 73 99 36 46 89 12 57 56 77 83 90 30 11 62 94 39 29 61 91 27 97 19 24 98 74 32 72 78 66 95 76 20 25 80 2 53 21 96 41 59 31 60 15 26 47 54 64 4 88 82 67 48 37 92 10 52 7 86 75 3 58 
100 17 9 36 1 79 2 98 95 14 71 8 26 39 70 84 67 100 52 87 54 93 40 76 83 38 69 6 55 51 82 75 49 19 57 58 20 90 34 4 3 12 86 42 85 50 56 94 64 13 21 30 25 89 97 18 88 81 46 74 96 62 43 23 37 59 45 22 91 5 80 44 15 60 16 31 10 35 47 73 24 66 77 78 11 41 29 7 68 63 72 27 61 53 65 48 28 32 33 92 99 
100 1 63 71 22 33 66 2 11 50 43 7 88 75 95 69 21 17 70 77 29 26 90 83 9 62 14 55 100 57 3 42 98 78 65 20 60 96 48 40 28 91 5 37 47 25 36 80 4 79 81 46 72 32 41 51 64 39 15 93 27 82 85 35 19 49 86 73 54 34 10 52 44 6 13 61 92 74 53 67 31 24 97 18 56 23 45 38 84 16 58 89 8 99 30 94 76 68 12 59 87 
100 32 73 39 78 6 79 33 48 92 64 69 72 86 13 96 75 51 63 87 35 62 54 82 83 2 97 38 77 22 94 17 91 49 89 70 31 24 60 21 55 26 34 58 56 81 3 99 59 16 40 67 4 71 88 8 14 7 53 100 85 29 44 57 10 50 46 95 90 15 61 11 41 93 45 68 18 98 30 76 19 1 80 84 74 28 52 66 42 5 12 47 23 27 36 25 43 65 9 37 20 
100 26 41 40 1 76 62 17 34 52 43 79 22 68 74 82 23 21 37 53 84 66 100 72 58 39 44 88 70 4 86 65 99 5 89 19 64 14 83 3 50 94 29 63 7 91 78 69 61 24 11 2 48 31 59 33 10 15 96 30 98 18 73 67 55 77 38 51 71 25 45 46 90 87 95 8 13 35 80 56 28 20 97 57 12 42 49 60 75 47 93 27 36 6 32 92 16 81 85 9 54 
100 93 64 56 10 69 11 99 37 45 9 95 44 29 27 91 75 67 46 31 85 68 12 41 86 42 94 89 54 92 14 24 39 66 76 74 57 81 53 96 60 21 13 40 62 73 2 52 58 22 20 28 55 26 65 80 87 47 32 15 78 16 6 19 7 97 25 98 17 88 30 49 77 23 100 43 59 5 36 79 84 3 18 61 34 1 83 38 8 35 48 50 51 70 71 33 63 82 4 90 72 
100 69 2 67 36 65 46 85 91 86 47 76 75 96 31 9 53 6 26 4 25 51 50 8 27 7 71 18 79 62 35 29 60 28 64 99 80 33 84 54 68 11 56 23 16 30 43 37 57 45 1 59 87 49 100 95 77 58 81 83 78 42 24 32 48 10 94 63 21 14 98 61 92 13 55 40 73 12 41 38 15 3 5 93 89 66 82 17 44 20 34 22 52 74 39 70 72 97 90 88 19 
100 48 71 50 28 94 59 77 96 33 10 78 30 82 70 66 67 99 68 19 51 1 90 79 7 73 2 97 63 5 98 76 18 75 89 56 61 45 4 16 39 55 25 17 54 8 86 22 34 88 13 32 60 12 87 84 38 42 93 29 85 21 6 46 65 100 53 95 64 37 44 23 9 49 47 40 74 20 69 80 26 57 24 41 52 81 91 35 72 58 15 27 14 83 43 3 62 31 92 36 11 
100 30 4 27 2 87 61 29 33 56 44 65 64 9 8 11 84 81 88 37 54 79 53 13 6 59 5 100 71 35 15 26 19 23 98 20 69 3 75 67 40 80 18 97 28 10 46 62 39 78 49 45 95 70 92 89 32 14 96 24 91 43 52 73 72 57 31 42 25 68 50 66 74 55 90 82 58 34 21 51 36 22 93 1 17 99 76 47 86 7 85 16 12 41 60 63 38 83 77 48 94 
100 54 7 35 96 95 30 78 45 34 63 70 49 67 15 38 21 14 11 2 66 12 18 50 81 6 77 90 79 13 19 52 94 53 71 80 42 56 31 55 75 62 85 27 86 60 98 76 87 82 23 43 26 9 59 17 37 5 48 10 47 1 25 92 58 46 61 93 100 8 83 65 69 88 4 32 91 33 99 57 28 89 20 73 68 72 97 22 29 36 74 39 64 84 41 3 16 44 40 51 24 
100 88 85 30 35 5 18 38 76 68 52 26 65 10 15 80 94 64 43 33 63 82 49 86 95 93 12 7 70 81 84 47 4 11 32 2 55 44 14 41 59 21 22 45 83 66 72 78 13 37 60 92 29 16 61 89 96 56 27 71 9 20 25 46 97 39 75 91 74 99 19 54 1 100 3 28 58 69 48 42 17 50 8 53 36 79 90 31 87 77 67 98 73 34 62 23 6 51 24 40 57 
100 32 75 85 59 38 2 14 62 90 12 28 74 40 52 61 42 4 92 76 24 84 7 67 15 48 39 64 41 43 86 98 26 96 13 45 94 66 73 20 1 65 10 54 78 46 37 22 72 3 89 100 19 8 60 70 29 88 83 31 23 5 21 81 87 33 99 97 25 58 47 68 49 69 95 6 51 79 80 56 77 63 11 34 44 93 18 71 55 30 53 35 91 9 27 17 50 36 16 82 57 
100 32 58 25 9 28 40 51 52 89 34 85 19 84 83 67 54 71 17 69 82 73 57 21 23 49 72 87 55 12 60 66 95 43 10 11 88 65 48 45 59 97 61 5 3 77 30 74 33 98 99 81 93 24 6 2 18 94 15 75 20 79 91 1 29 13 27 22 4 47 42 44 41 100 50 14 70 90 64 92 76 31 8 78 36 35 16 68 62 46 37 63 56 53 38 96 86 7 26 80 39 
100 43 9 34 36 55 89 23 14 95 47 94 79 49 1 28 60 81 85 92 96 15 61 2 86 97 74 53 88 80 83 32 10 46 58 77 45 73 71 21 30 78 41 18 25 29 17 38 84 62 72 33 6 35 68 3 24 48 12 19 54 31 59 90 91 63 57 5 51 50 66 99 82 98 93 67 76 69 20 52 44 27 22 37 65 4 40 13 56 75 64 8 11 16 39 70 26 42 87 100 7 
100 42 45 40 53 24 64 12 47 78 50 13 69 66 18 65 100 61 43 29 82 81 56 41 2 32 63 62 54 16 33 49 93 21 4 23 58 6 8 35 76 90 80 20 44 46 5 57 79 9 71 92 74 96 11 73 83 48 52 89 77 95 15 60 87 72 1 26 25 22 70 75 31 84 37 38 67 85 97 98 19 30 68 28 14 17 3 99 39 55 10 51 36 91 34 94 7 27 86 59 88 
100 55 26 73 94 46 92 89 86 20 47 31 43 7 21 36 45 3 12 10 33 74 62 44 57 59 16 60 9 96 61 79 13 25 75 91 38 98 37 41 18 15 23 63 65 24 22 8 83 4 88 72 6 87 67 84 76 14 29 81 97 53 70 27 80 2 51 17 85 58 28 48 68 39 78 95 32 50 19 77 35 56 40 100 69 93 99 54 5 66 49 64 1 82 11 71 52 90 34 42 30 
100 59 96 24 62 18 6 83 71 25 85 56 48 64 10 41 22 78 63 68 43 20 36 27 60 50 95 79 84 53 74 99 49 76 77 16 28 32 92 17 47 19 82 21 58 38 14 9 29 66 89 23 55 11 51 3 5 72 54 67 4 13 26 7 61 69 15 80 44 30 40 34 65 42 81 31 46 73 12 91 35 94 2 37 70 93 57 33 87 97 52 100 8 88 86 90 39 1 45 75 98 
100 16 43 96 27 41 47 18 77 17 35 49 89 36 51 40 83 62 15 74 22 53 38 7 93 79 95 44 82 5 92 67 90 32 10 28 12 46 34 69 14 33 20 25 76 48 59 3 85 37 4 6 11 86 58 13 19 54 60 100 26 88 64 24 52 97 84 73 81 56 61 8 98 71 23 75 2 80 65 87 99 68 91 66 63 39 21 45 42 1 70 29 50 31 57 72 9 55 78 30 94 
100 41 65 37 75 4 96 91 69 53 74 6 61 47 88 95 66 93 86 97 22 44 62 78 26 59 87 28 76 10 68 77 45 25 46 27 32 12 72 81 40 2 31 14 19 43 42 35 3 100 64 55 29 49 80 70 73 20 58 84 11 15 90 85 56 99 38 82 50 21 94 34 98 51 39 83 79 54 24 89 9 16 1 36 92 23 48 8 30 18 71 7 52 13 33 60 5 57 67 63 17 
100 79 92 34 18 43 84 56 70 36 68 55 93 35 6 78 83 15 73 24 100 90 30 61 7 47 54 81 40 29 88 74 44 19 23 59 50 77 96 14 17 95 85 21 16 28 64 2 66 5 86 60 51 98 58 9 31 45 12 32 52 97 72 37 67 38 49 71 46 69 25 62 11 8 80 94 87 99 20 33 53 42 63 75 1 4 65 91 27 26 22 39 10 89 48 76 82 41 57 13 3 
100 9 1 13 42 32 2 58 82 17 96 10 86 55 50 28 98 57 5 15 63 69 31 25 75 66 84 93 44 90 71 35 43 21 3 45 38 30 91 23 56 16 81 87 79 65 40 54 60 59 7 89 76 52 61 26 100 47 53 74 22 94 88 49 11 80 64 97 41 39 67 78 19 14 33 20 70 62 68 85 8 12 27 51 73 99 83 18 46 4 92 95 34 24 36 37 29 72 6 77 48 
100 69 99 43 74 66 32 39 52 8 100 55 64 15 51 96 81 49 76 70 94 11 98 2 61 9 97 5 38 92 58 37 12 40 25 91 67 4 73 34 7 84 59 90 68 16 33 83 14 63 57 19 88 1 86 13 48 41 17 30 23 44 18 28 27 72 26 35 62 95 29 3 22 56 87 47 77 79 82 21 50 80 93 46 54 65 85 24 31 6 89 36 45 78 60 53 42 10 75 71 20 
100 76 90 15 98 52 53 99 55 59 1 33 81 45 39 37 30 22 58 29 80 44 63 51 42 91 84 20 24 48 4 43 35 28 95 26 47 23 9 50 93 88 83 94 69 31 60 86 10 97 100 2 61 89 32 25 70 18 40 3 96 5 71 78 57 74 11 79 77 27 49 38 34 72 66 75 7 67 73 54 6 82 92 21 36 68 13 85 64 65 41 17 14 16 12 87 8 46 62 19 56 
100 67 59 14 45 53 57 58 30 99 70 89 85 12 63 94 10 50 17 24 88 65 6 74 92 48 38 71 13 29 73 42 46 19 43 2 100 61 7 52 21 80 90 82 3 62 11 18 40 60 77 5 95 37 83 96 26 76 86 22 78 54 9 51 68 75 32 69 56 47 27 23 87 4 36 93 15 64 91 1 66 35 41 44 39 49 31 25 8 72 55 28 98 97 20 16 34 81 33 79 84 
100 23 43 97 20 78 21 63 44 40 88 15 49 29 28 68 57 96 38 77 45 51 81 94 5 1 25 41 30 76 22 6 48 70 66 82 75 79 69 10 87 59 42 16 60 4 55 73 2 72 93 33 24 80 91 19 89 36 64 86 8 9 14 58 67 37 13 11 31 32 85 34 52 26 54 27 100 47 39 62 3 50 99 46 92 53 7 17 35 83 95 98 12 18 74 90 65 61 71 56 84 
100 95 84 56 9 30 70 20 75 54 13 57 49 37 12 53 47 33 58 42 2 99 77 43 87 60 63 21 22 31 14 62 39 65 36 6 93 46 92 15 59 90 50 96 27 66 11 52 10 85 40 76 69 34 80 86 88 8 35 45 5 7 28 41 61 19 48 24 79 94 23 74 78 89 97 72 83 73 17 100 38 25 18 64 55 16 44 68 26 4 71 32 3 91 98 82 81 67 1 29 51 
100 59 29 83 48 95 92 90 99 20 98 1 30 34 56 32 41 69 97 40 55 5 94 46 43 9 33 76 85 27 66 21 13 53 16 67 77 62 74 80 60 42 52 35 54 26 71 100 63 72 22 70 19 11 3 10 17 88 18 64 24 78 47 49 51 25 93 58 8 15 45 7 14 38 28 65 2 61 87 50 68 86 89 84 44 39 23 4 37 12 6 57 79 82 36 96 31 91 81 75 73 
100 15 69 100 25 24 21 62 1 79 85 57 47 92 58 30 11 6 48 54 88 84 33 32 90 23 95 8 83 70 41 75 60 65 77 7 68 66 81 43 94 18 29 14 13 89 26 16 5 93 71 40 50 64 82 35 72 38 51 59 44 37 12 34 80 36 74 87 86 10 3 52 19 56 22 42 61 91 28 76 53 4 73 55 46 17 63 27 49 31 39 9 45 96 20 99 98 2 97 78 67 
100 80 37 100 14 70 32 5 46 93 59 40 9 21 44 64 92 31 28 42 89 76 36 57 10 15 82 63 23 68 79 49 56 61 12 86 38 96 39 53 83 77 3 69 1 50 60 85 51 67 90 8 88 41 58 33 45 73 66 91 13 74 4 95 16 17 48 26 19 72 62 2 71 55 75 18 98 84 87 65 54 22 20 11 97 29 78 47 43 7 99 27 34 94 25 6 30 81 52 24 35 
100 76 77 37 34 65 98 27 93 55 61 30 10 83 67 40 41 42 50 81 95 70 51 72 47 5 7 73 4 18 60 19 29 63 20 62 54 56 1 46 100 21 80 14 49 89 90 17 45 84 38 66 86 25 82 32 36 16 23 78 74 48 26 39 52 91 6 15 31 97 88 11 44 8 35 3 87 71 59 68 94 92 28 33 58 9 79 2 75 12 64 99 57 96 24 13 43 22 85 69 53 
100 4 67 69 96 99 98 56 1 91 43 53 22 47 66 87 100 16 25 78 71 14 8 33 65 23 7 26 12 83 81 10 86 89 2 42 11 95 93 19 5 38 44 61 48 21 35 3 49 64 27 57 55 6 46 37 24 60 34 28 97 51 73 13 75 92 50 82 90 70 85 62 74 41 20 39 36 9 63 17 54 52 58 18 45 76 72 88 31 77 79 84 94 68 30 40 15 29 80 32 59 
100 60 2 50 35 93 23 56 82 54 70 55 99 13 89 97 5 84 10 65 63 95 18 78 100 38 66 14 68 57 45 30 85 22 28 73 61 64 80 21 8 40 48 24 62 1 77 6 39 42 20 34 72 33 3 94 49 87 36 53 83 69 81 51 90 91 9 31 46 29 43 71 7 75 52 11 25 76 67 4 41 12 27 98 16 59 19 44 86 79 32 92 88 37 17 96 26 47 74 15 58 
100 10 13 1 82 22 90 23 74 95 77 54 18 96 64 57 34 60 62 56 3 63 26 37 93 40 86 5 35 72 94 75 55 76 52 39 88 46 17 30 28 51 45 29 67 85 70 81 69 47 14 84 15 11 59 4 61 50 80 78 65 12 79 41 49 73 27 89 19 32 53 16 36 31 24 68 48 99 7 71 66 20 8 83 2 6 25 100 43 87 92 91 38 44 97 42 9 98 21 33 58 
100 12 85 86 5 71 38 42 33 92 75 39 90 17 94 67 18 28 8 70 30 59 45 69 27 73 16 99 41 1 60 35 22 82 48 87 25 44 15 80 7 32 100 34 68 50 21 43 62 89 95 78 88 55 91 84 76 61 83 72 37 53 81 29 51 96 77 6 31 47 13 14 74 58 20 3 46 10 23 49 56 52 2 93 63 24 54 98 57 65 66 64 26 97 11 4 79 9 36 40 19 
100 26 60 72 43 32 30 15 83 88 18 52 64 100 22 98 93 79 67 21 55 4 28 42 50 57 75 2 27 86 66 54 11 34 56 45 41 23 85 12 39 9 6 76 70 58 20 73 99 68 87 44 24 17 8 94 33 61 35 49 5 14 46 1 65 62 40 77 48 16 71 91 63 19 59 25 31 96 47 78 97 81 10 36 90 37 82 3 7 89 80 84 74 13 92 53 38 51 95 29 69 
100 70 39 96 59 53 69 36 65 97 60 32 23 31 87 85 5 58 92 18 34 27 86 13 33 74 37 77 80 64 9 52 50 75 76 54 12 6 99 15 29 46 83 26 19 73 98 1 67 84 62 63 41 8 7 88 61 14 45 43 82 4 90 47 11 3 22 71 93 81 20 78 17 28 95 48 49 68 91 66 38 16 55 24 42 79 35 40 72 56 30 100 25 44 21 57 94 51 2 10 89 
100 22 97 83 89 98 55 8 58 2 54 43 75 5 38 7 65 35 72 64 93 96 14 24 20 74 70 39 94 46 9 77 11 47 49 100 31 84 19 81 73 90 10 30 3 23 15 85 25 42 79 99 67 16 88 27 57 17 28 78 87 82 12 26 95 69 61 6 4 71 33 45 32 59 40 44 86 48 63 34 50 37 80 68 51 18 56 91 52 92 62 41 1 36 76 29 60 53 13 21 66 
100 29 59 38 89 55 23 28 35 22 54 87 82 15 63 5 17 31 73 90 39 34 6 76 30 85 12 91 37 93 42 94 21 56 46 44 88 40 50 99 33 4 69 10 32 81 79 36 57 49 2 68 43 95 13 84 7 96 66 92 71 80 98 52 11 61 20 47 72 97 77 41 51 65 16 26 48 74 19 18 70 9 86 78 64 25 60 24 58 83 75 62 14 67 53 100 8 27 1 45 3 
100 23 19 20 43 75 72 70 15 1 85 35 9 18 34 56 8 29 4 61 65 42 82 41 80 96 5 45 30 79 14 48 69 90 55 26 92 66 78 59 60 81 3 99 40 13 91 51 98 71 27 62 84 64 58 52 2 11 68 17 46 7 44 38 37 73 22 36 76 54 31 88 10 32 94 28 93 63 25 77 21 67 49 16 6 53 33 57 39 47 86 97 12 24 95 50 89 100 87 83 74 
100 17 57 70 55 12 89 50 90 14 65 23 18 61 82 80 39 88 8 68 60 72 77 48 59 25 13 4 35 29 91 2 41 47 100 92 9 32 85 31 46 75 69 43 99 76 27 66 6 5 7 42 51 98 63 71 64 44 33 84 58 30 3 95 10 49 38 22 56 19 52 94 86 93 67 45 11 73 78 21 83 96 81 34 28 24 79 53 36 37 40 16 62 74 97 26 54 87 15 20 1 
100 100 49 79 92 59 1 44 67 9 32 50 52 55 35 6 88 94 23 63 65 19 72 40 83 12 29 28 91 71 95 31 99 60 25 75 70 53 61 64 22 76 41 30 33 3 16 57 66 93 13 90 81 87 37 21 7 56 24 98 8 69 96 18 85 38 89 42 74 15 39 5 51 73 47 58 77 20 54 11 48 84 86 17 97 36 34 78 68 82 45 14 62 46 10 27 43 80 2 26 4 
100 88 51 87 59 100 28 76 33 65 24 37 45 3 43 85 38 56 48 12 53 18 70 93 99 39 36 47 14 89 20 15 62 7 55 1 30 69 41 50 79 11 74 60 17 82 63 75 78 73 23 35 66 27 2 91 13 34 29 96 61 16 98 44 94 86 42 64 4 10 67 72 68 22 97 31 19 32 5 95 80 46 6 83 81 25 26 49 52 40 9 71 21 54 90 92 58 84 77 8 57 
100 46 56 19 29 10 14 57 48 35 89 39 64 85 1 11 49 72 74 50 95 70 27 8 73 7 31 12 86 17 23 22 5 68 3 38 93 20 13 79 97 21 82 6 47 4 67 94 2 26 43 75 60 78 99 54 69 90 40 61 58 33 37 34 16 98 92 100 51 18 65 77 42 84 28 41 32 71 55 83 91 76 66 59 45 63 30 36 9 81 80 24 88 53 52 62 96 87 15 25 44 
100 62 22 41 13 50 99 21 1 19 95 49 81 55 8 88 73 79 28 46 57 34 10 27 14 33 100 31 39 2 83 25 64 29 12 32 7 26 85 53 77 58 70 90 16 94 68 15 80 63 4 40 92 86 67 48 78 97 42 30 66 61 20 89 37 76 38 59 93 56 6 45 47 71 75 98 44 5 74 36 23 60 91 17 3 96 82 18 69 65 84 24 54 51 87 43 9 35 52 72 11 
100 57 13 40 2 11 41 65 12 87 95 86 52 73 68 100 26 19 49 54 62 53 16 14 72 38 10 30 22 75 64 23 91 67 4 3 81 32 70 94 58 93 63 76 82 37 34 51 77 28 44 17 42 46 88 1 78 80 55 61 27 89 18 5 98 35 90 50 92 33 96 99 97 69 71 8 79 29 66 6 9 36 7 74 60 59 48 47 84 43 31 83 21 15 39 85 56 24 45 20 25 
100 76 88 68 48 36 81 33 41 55 51 9 67 98 6 43 63 44 27 74 64 99 77 95 50 29 83 65 53 32 10 87 69 38 24 56 93 82 73 40 31 91 35 23 7 85 78 80 20 30 14 21 19 15 45 1 42 52 3 22 94 72 34 18 12 79 97 16 46 17 90 84 8 11 92 75 39 5 25 70 89 4 28 61 66 100 47 49 96 2 54 57 62 26 60 86 59 58 71 13 37 
100 91 55 70 85 29 10 26 20 52 22 97 23 67 4 43 59 33 32 40 64 81 51 35 87 28 90 7 69 60 18 47 71 44 42 86 19 3 17 92 45 39 12 96 2 80 98 16 62 50 79 56 76 78 24 58 48 53 99 93 30 38 46 6 65 14 72 13 41 21 66 15 83 82 95 37 34 75 54 100 8 1 57 31 74 25 89 5 77 63 36 9 49 88 84 68 61 94 73 11 27 
100 94 13 31 2 54 81 26 95 85 28 59 23 67 75 36 60 40 50 49 71 87 77 21 78 70 15 56 90 39 18 8 96 69 3 38 48 6 99 74 34 45 65 44 12 14 80 19 42 91 16 86 63 64 62 88 4 61 9 89 47 1 27 68 29 43 84 41 100 97 82 5 83 98 33 52 22 11 25 24 93 76 53 92 46 20 51 66 55 58 72 10 30 79 17 73 7 57 35 32 37 
100 37 77 33 44 70 24 20 50 64 99 71 8 34 55 32 17 6 51 67 74 85 81 7 31 96 79 1 47 59 4 95 88 26 16 29 60 84 36 58 63 97 15 27 11 14 78 21 30 56 45 100 40 35 38 48 75 23 98 9 94 57 12 83 19 5 93 25 92 3 89 13 18 65 49 39 61 66 76 28 42 72 69 43 10 91 90 41 53 80 68 87 82 22 62 54 73 2 46 86 52 
100 56 36 100 39 63 76 62 68 13 94 80 49 54 79 67 23 35 77 3 70 29 85 20 18 10 28 86 6 2 53 78 65 32 5 98 81 46 64 30 44 9 74 57 22 15 24 37 89 87 47 21 99 12 33 17 38 95 27 25 83 34 42 45 72 52 96 97 14 7 31 41 84 66 11 91 61 90 43 40 1 58 50 88 75 16 48 59 60 4 19 69 55 82 92 93 73 71 8 26 51 
100 11 77 30 43 39 73 51 72 25 36 32 55 34 81 67 74 85 59 91 19 38 54 57 3 98 9 27 40 64 21 95 16 1 84 33 12 48 93 46 94 86 4 44 65 42 52 10 24 75 20 13 76 88 97 14 28 49 96 60 29 8 47 53 82 79 45 63 41 90 35 78 70 80 18 100 69 56 15 26 83 2 61 50 58 5 66 71 31 68 62 22 37 17 6 7 23 92 89 87 99 
100 31 92 35 42 49 23 93 57 58 69 10 44 67 43 80 85 17 82 98 81 87 55 6 71 1 27 89 28 22 20 74 96 59 26 91 16 60 13 30 97 2 76 78 73 54 62 25 88 7 24 83 53 19 66 72 5 38 50 90 18 63 15 65 3 40 12 36 48 47 68 29 79 56 95 32 46 33 37 84 61 100 4 64 75 34 39 14 52 94 45 51 11 70 21 86 99 77 9 8 41 
100 33 61 27 74 84 96 77 39 48 12 73 100 26 88 44 52 57 89 79 72 15 13 85 69 54 47 1 65 86 71 37 90 68 82 59 50 30 38 63 35 76 43 40 16 7 81 23 98 95 22 94 4 9 55 83 49 87 10 11 51 58 6 92 62 28 17 45 78 32 41 67 93 14 36 75 60 66 42 53 25 91 97 29 99 21 56 34 19 18 80 5 31 24 70 2 46 8 20 3 64 
100 44 6 9 75 82 27 41 55 50 47 60 31 21 34 98 92 16 40 71 20 51 94 62 46 49 100 4 36 45 17 29 85 26 8 18 22 95 68 59 76 66 96 38 48 28 56 52 74 1 61 83 35 54 3 2 10 67 69 23 99 7 13 80 72 79 64 73 87 39 53 89 84 93 77 32 97 88 12 63 58 65 24 14 30 33 42 57 91 19 11 78 37 25 70 15 43 86 81 90 5 
100 32 6 7 70 19 75 71 11 41 54 2 60 86 50 51 48 30 79 98 72 34 1 56 82 97 38 12 81 9 88 29 68 96 17 3 47 23 14 36 73 84 45 89 61 16 62 21 90 95 53 99 85 22 31 28 42 64 25 4 18 37 78 74 49 92 27 33 10 20 59 5 35 94 26 39 55 67 76 46 44 15 93 100 66 65 77 57 91 69 83 40 87 43 24 58 8 80 52 13 63 
100 17 36 71 29 74 95 78 62 38 55 100 70 98 54 6 66 88 47 23 52 31 15 83 21 26 43 90 75 80 39 82 57 73 72 65 37 32 67 24 92 45 68 79 63 77 20 28 61 34 14 2 87 22 10 46 86 60 53 12 18 27 13 97 51 4 35 40 44 84 89 99 30 11 69 33 25 41 76 9 8 59 50 16 48 91 96 42 5 94 93 19 7 56 58 85 49 64 3 1 81 
100 24 29 47 58 21 66 97 63 68 87 62 40 7 48 36 20 6 19 100 13 69 12 30 44 82 54 50 86 59 46 45 91 81 1 93 11 28 78 15 9 35 96 43 34 94 27 70 75 14 61 73 32 31 65 67 8 33 79 41 25 71 74 26 60 16 55 95 85 10 37 17 80 76 92 99 88 23 22 77 83 4 64 84 52 5 3 56 57 39 51 2 72 42 53 89 90 38 18 98 49 
100 42 22 89 55 85 2 51 46 81 78 38 75 26 62 82 17 95 45 86 8 27 77 76 16 58 5 39 71 74 73 29 18 70 49 34 35 6 33 43 47 41 14 12 20 48 37 68 13 92 11 65 7 98 10 59 4 57 56 99 97 79 67 9 84 28 30 25 40 69 1 15 31 83 88 94 93 50 36 53 32 100 61 60 91 63 23 66 24 52 90 54 19 72 96 3 64 87 44 21 80 
100 100 59 57 61 47 34 54 6 15 82 86 87 37 89 64 43 28 13 55 51 52 68 78 73 80 29 39 50 62 31 23 63 21 71 97 92 65 98 33 91 19 95 93 72 18 53 32 96 42 79 83 66 1 88 25 85 12 81 69 84 58 76 4 8 2 7 26 30 70 10 35 60 16 49 56 17 41 22 24 99 67 3 20 9 36 74 46 5 90 77 11 44 27 38 48 14 94 40 75 45 
100 88 91 55 94 90 99 57 8 2 68 22 40 53 59 25 66 81 64 1 20 87 50 23 29 41 46 63 27 78 85 73 43 14 34 9 95 24 80 30 61 11 58 4 84 60 83 5 44 16 49 45 28 35 26 69 72 47 54 39 13 33 51 18 96 97 75 82 12 19 89 32 38 86 52 70 77 48 56 79 21 31 92 10 15 93 100 37 65 71 6 7 3 42 17 36 67 98 62 74 76 
100 21 14 44 28 95 45 77 48 8 63 18 82 17 54 56 46 92 88 43 33 26 87 22 32 61 52 96 39 62 9 41 34 64 78 100 51 49 84 40 80 91 74 85 98 47 73 69 60 31 53 67 71 23 25 94 68 75 38 57 65 12 70 35 90 66 19 11 50 42 97 3 10 99 36 86 93 72 59 83 55 27 13 76 79 20 6 15 1 58 89 16 30 2 29 81 4 37 24 5 7 
100 88 54 26 79 36 52 100 45 77 51 63 22 83 78 28 46 53 30 6 76 62 60 43 41 67 13 39 50 58 98 17 25 12 82 75 80 14 31 20 35 15 23 65 66 37 96 86 55 71 18 87 42 3 57 68 85 16 24 64 10 95 97 38 69 27 40 74 99 56 11 89 29 7 72 70 8 19 84 49 2 44 1 93 34 4 32 92 59 9 90 61 94 81 47 91 5 21 33 48 73 
100 85 33 13 32 94 96 41 28 17 42 98 24 4 71 58 67 70 15 11 5 6 31 87 83 18 59 62 52 43 88 45 7 92 86 37 20 50 66 82 75 74 48 56 79 27 21 80 93 8 30 22 23 14 36 29 19 2 95 61 84 81 16 55 73 72 69 3 53 54 65 77 25 26 12 63 91 76 38 68 57 89 34 46 99 44 35 64 51 10 78 1 47 9 49 60 39 90 100 97 40 
100 10 48 58 19 42 62 27 43 87 9 74 86 100 56 16 24 40 11 76 8 26 39 20 98 75 80 53 35 15 93 22 96 3 37 36 61 63 78 51 5 95 34 44 77 18 88 79 17 90 45 50 7 67 92 31 91 71 6 84 85 64 12 52 59 32 83 28 66 70 60 89 13 65 14 81 57 21 1 99 47 72 97 46 55 29 54 25 82 69 38 23 30 2 41 94 68 33 4 49 73 
100 89 20 27 2 55 77 61 63 14 11 3 81 67 37 80 72 16 82 29 8 39 10 60 86 26 65 6 42 100 76 24 99 28 17 4 75 44 56 9 69 84 21 83 58 70 41 66 85 31 59 51 73 46 54 13 53 1 98 7 30 23 87 35 79 34 64 90 15 78 45 49 94 93 95 57 97 68 52 12 33 91 92 62 88 96 5 38 25 47 18 43 48 74 36 22 50 71 19 32 40 
100 73 18 35 11 28 33 83 57 95 36 96 21 74 68 87 82 4 40 9 50 5 84 20 53 47 67 81 7 42 69 86 93 46 25 1 60 100 56 2 45 65 39 41 8 88 49 44 66 78 64 79 19 13 3 71 99 12 23 90 54 63 61 72 10 15 85 91 27 48 52 98 32 43 59 29 51 6 97 17 14 58 38 30 55 37 22 77 24 16 80 62 75 70 26 94 76 89 92 31 34 
100 90 44 11 26 77 100 24 99 31 2 40 10 36 33 76 73 38 49 5 65 63 71 39 74 88 80 7 4 94 6 68 46 28 34 16 85 3 29 51 9 42 97 45 84 78 43 18 66 57 60 19 37 87 56 47 70 92 50 72 96 79 75 15 41 8 14 81 22 69 59 95 23 93 48 83 55 12 58 35 62 64 54 98 89 86 1 32 67 20 25 52 53 27 21 91 30 82 17 61 13 
100 41 33 44 29 69 80 50 55 81 39 38 46 59 91 92 12 11 71 31 1 35 42 73 99 64 18 9 21 79 20 87 66 26 76 58 75 77 10 30 32 96 93 94 54 23 62 16 5 2 90 95 28 47 98 84 60 36 53 57 51 68 6 4 83 65 97 88 3 25 49 63 15 13 19 17 37 8 52 22 45 85 72 100 61 70 67 14 56 7 48 27 74 24 86 89 40 43 82 34 78 
100 69 6 19 71 66 53 18 2 36 65 68 89 92 98 41 47 31 51 30 55 20 59 48 23 34 56 80 25 15 24 11 37 97 1 87 100 5 21 39 7 78 13 17 52 3 99 74 42 27 29 32 70 26 12 57 16 22 62 38 67 28 60 94 61 76 72 50 44 85 88 54 75 8 64 33 77 79 91 43 73 90 86 4 83 14 9 82 49 40 81 63 10 93 84 35 58 96 45 46 95 
100 28 43 84 89 67 42 53 85 88 14 23 20 81 34 82 71 90 1 6 60 17 50 27 52 59 15 30 37 31 73 9 5 92 66 3 39 70 100 12 76 25 55 33 57 93 45 79 63 97 78 87 91 29 98 38 74 77 94 72 65 48 13 7 64 2 35 54 22 47 58 83 51 21 8 44 80 4 69 10 19 95 11 68 40 49 62 16 61 75 56 26 99 18 41 36 24 86 96 32 46 
100 80 10 70 23 3 84 33 4 57 11 36 12 49 69 62 9 24 56 97 42 60 87 35 96 44 73 38 2 13 8 31 20 46 1 91 77 58 76 51 37 14 6 30 90 54 93 83 95 34 29 98 68 79 32 61 65 26 5 55 39 72 66 85 41 100 50 52 86 88 74 64 45 53 99 47 19 82 27 16 28 15 40 43 48 17 92 7 89 94 71 81 25 59 63 18 22 78 67 75 21 
