0 756
1 509
2 550
3 841
4 658
5 881
6 612
7 790
8 651
9 802
10 703
11 560
12 641
13 984
14 520
15 829
16 620
17 892
18 648
19 559
20 603
21 500
22 675
23 654
24 635
25 812
26 650
27 941
28 815
29 567
30 523
31 886
32 580
33 788
34 801
35 518
36 539
37 696
38 642
39 755
40 793
41 593
42 505
43 915
44 728
45 737
46 731
47 735
48 989
49 715
50 672
51 862
52 568
53 864
54 806
55 990
56 670
57 936
58 840
59 836
60 522
61 931
62 980
63 600
64 993
65 807
66 777
67 803
68 530
69 663
70 598
71 535
72 996
73 676
74 957
75 981
76 576
77 949
78 609
79 693
80 855
81 729
82 835
83 797
84 780
85 911
86 912
87 615
88 805
89 711
90 765
91 680
92 842
93 798
94 997
95 861
96 903
97 630
98 919
99 868
100 581
101 722
102 952
103 605
104 741
105 521
106 643
107 960
108 740
109 897
110 999
111 814
112 975
113 926
114 525
115 702
116 977
117 884
118 878
119 948
120 795
121 759
122 616
123 590
124 847
125 721
126 617
127 697
128 992
129 945
130 565
131 954
132 607
133 545
134 935
135 885
136 772
137 706
138 817
139 577
140 704
141 623
142 689
143 784
144 533
145 583
146 953
147 564
148 685
149 789
150 910
151 762
152 669
153 946
154 967
155 713
156 588
157 747
158 781
159 723
160 794
161 619
162 973
163 688
164 760
165 656
166 850
167 938
168 965
169 799
170 865
171 513
172 766
173 844
174 849
175 752
176 683
177 632
178 890
179 909
180 778
181 720
182 891
183 959
184 923
185 599
186 774
187 913
188 662
189 834
190 845
191 782
192 503
193 819
194 804
195 687
196 767
197 613
198 837
199 699
200 848
201 856
202 674
203 852
204 733
205 646
206 970
207 606
208 825
209 888
210 659
211 611
212 698
213 932
214 502
215 667
216 730
217 636
218 961
219 690
220 987
221 526
222 962
223 951
224 974
225 628
226 678
227 857
228 709
229 637
230 640
231 745
232 684
233 870
234 739
235 649
236 734
237 775
238 594
239 682
240 749
241 507
242 895
243 998
244 939
245 978
246 822
247 541
248 922
249 524
250 554
251 906
252 516
253 574
254 818
255 610
256 665
257 692
258 622
259 901
260 546
261 566
262 718
263 743
264 800
265 570
266 858
267 527
268 902
269 540
270 714
271 655
272 921
273 626
274 633
275 867
276 555
277 579
278 792
279 826
280 831
281 838
282 746
283 839
284 738
285 529
286 893
287 716
288 563
289 995
290 501
291 511
292 940
293 707
294 955
295 742
296 904
297 757
298 873
299 808
300 786
301 551
302 510
303 592
304 618
305 832
306 604
307 512
308 666
309 750
310 758
311 504
312 983
313 608
314 668
315 531
316 813
317 542
318 785
319 823
320 796
321 853
322 712
323 677
324 657
325 976
326 943
327 664
328 695
329 791
330 761
331 988
332 556
333 751
334 673
335 639
336 920
337 811
338 930
339 736
340 889
341 968
342 586
343 894
344 871
345 624
346 950
347 872
348 573
349 773
350 644
351 854
352 763
353 660
354 771
355 907
356 824
357 866
358 589
359 629
360 994
361 880
362 719
363 860
364 887
365 647
366 875
367 679
368 691
369 877
370 986
371 776
372 614
373 809
374 732
375 918
376 810
377 863
378 958
379 671
380 700
381 621
382 908
383 820
384 582
385 971
386 744
387 929
388 572
389 830
390 982
391 879
392 694
393 770
394 571
395 558
396 631
397 828
398 896
399 653
400 783
401 833
402 553
403 991
404 548
405 705
406 764
407 686
408 816
409 846
410 843
411 883
412 634
413 627
414 748
415 963
416 882
417 972
418 724
419 625
420 937
421 569
422 575
423 787
424 638
425 602
426 914
427 544
428 726
429 969
430 851
431 519
432 964
433 584
434 595
435 769
436 552
437 587
438 898
439 927
440 710
441 537
442 979
443 547
444 557
445 947
446 725
447 517
448 874
449 538
450 869
451 591
452 528
453 859
454 536
455 905
456 779
457 578
458 985
459 827
460 899
461 966
462 821
463 661
464 597
465 681
466 754
467 933
468 934
469 596
470 717
471 924
472 753
473 768
474 916
475 561
476 708
477 925
478 601
479 562
480 956
481 506
482 928
483 514
484 900
485 917
486 585
487 534
488 876
489 508
490 549
491 944
492 532
493 727
494 701
495 543
496 515
497 942
498 645
499 652
