0 2177
1 2934
2 2804
3 2708
4 3503
5 3414
6 2608
7 2342
8 3015
9 2486
10 3757
11 2979
12 3868
13 3454
14 2271
15 2992
16 3651
17 2393
18 2905
19 2358
20 3182
21 3013
22 2511
23 2158
24 3547
25 3338
26 2795
27 3521
28 3384
29 3175
30 2189
31 2071
32 3185
33 3863
34 2022
35 2111
36 2884
37 2553
38 2411
39 2632
40 2155
41 2054
42 2378
43 2966
44 3471
45 3287
46 2034
47 3387
48 3862
49 2879
50 3963
51 2853
52 3671
53 2031
54 3985
55 3226
56 2000
57 3310
58 3102
59 3481
60 2229
61 2855
62 3520
63 3652
64 2671
65 2333
66 2758
67 2639
68 2732
69 2084
70 2917
71 2815
72 3637
73 2997
74 3866
75 2468
76 2028
77 2764
78 2439
79 3844
80 3578
81 2313
82 2871
83 2699
84 3147
85 2118
86 2998
87 3103
88 2250
89 2401
90 3812
91 2886
92 2643
93 3769
94 3177
95 2360
96 3984
97 3539
98 3681
99 2843
100 3270
101 3945
102 2227
103 2528
104 2139
105 3672
106 3635
107 2900
108 2442
109 3662
110 3765
111 2447
112 3328
113 3992
114 2062
115 3597
116 3766
117 2316
118 3139
119 2601
120 2306
121 2561
122 2240
123 3653
124 2079
125 3730
126 2145
127 2446
128 2897
129 2267
130 2679
131 2207
132 2582
133 2298
134 2703
135 3820
136 2136
137 2033
138 3089
139 3014
140 3787
141 3562
142 2456
143 2103
144 3113
145 2574
146 2259
147 2680
148 2211
149 2956
150 2048
151 2605
152 2568
153 3241
154 3756
155 2374
156 3698
157 3273
158 3191
159 3965
160 3665
161 3657
162 3401
163 2926
164 3052
165 3523
166 2292
167 2930
168 2648
169 3184
170 2382
171 2041
172 2357
173 3123
174 3510
175 3055
176 2649
177 2995
178 3529
179 2915
180 3349
181 2903
182 3161
183 2686
184 2142
185 3902
186 2116
187 3473
188 3782
189 3286
190 2100
191 2280
192 3922
193 3887
194 3001
195 3302
196 2576
197 3450
198 3664
199 3734
200 3075
201 2924
202 2929
203 2075
204 2571
205 3979
206 3324
207 3548
208 2188
209 3432
210 3104
211 3096
212 2499
213 3244
214 2902
215 2410
216 2355
217 2470
218 2404
219 3248
220 2562
221 3577
222 3465
223 2289
224 3643
225 3843
226 3076
227 2387
228 3580
229 2063
230 2969
231 2587
232 2114
233 3930
234 3676
235 2321
236 2503
237 3174
238 2961
239 3253
240 3960
241 2397
242 2274
243 2339
244 2506
245 2760
246 2061
247 3176
248 3269
249 2255
250 2323
251 2212
252 3467
253 2496
254 2738
255 2944
256 2099
257 2453
258 2425
259 3285
260 3793
261 2805
262 2842
263 2579
264 3869
265 2818
266 3783
267 2599
268 2534
269 2132
270 3494
271 2834
272 2626
273 2666
274 3713
275 2709
276 2019
277 2238
278 3250
279 3155
280 2718
281 3604
282 3549
283 2775
284 3090
285 2622
286 3545
287 2692
288 2166
289 3216
290 3181
291 3798
292 3870
293 3764
294 2508
295 3644
296 2027
297 3278
298 2809
299 2517
300 3222
301 3368
302 2013
303 3640
304 2647
305 3081
306 3115
307 3054
308 3540
309 3865
310 3879
311 2415
312 2771
313 3057
314 3159
315 2221
316 3954
317 3738
318 2906
319 2261
320 2043
321 3579
322 2957
323 2967
324 2810
325 2247
326 3842
327 2652
328 3711
329 2866
330 2863
331 3871
332 3377
333 3345
334 2312
335 2326
336 2761
337 3946
338 2982
339 3453
340 3969
341 3462
342 2152
343 3218
344 3485
345 2920
346 3728
347 2792
348 3555
349 2980
350 3146
351 3554
352 3412
353 3888
354 3966
355 2702
356 3343
357 2729
358 2756
359 2256
360 3457
361 3307
362 3138
363 3699
364 2432
365 2928
366 3660
367 3981
368 3758
369 2908
370 2138
371 3574
372 3303
373 3031
374 3082
375 3267
376 3737
377 3234
378 2119
379 2663
380 2379
381 3500
382 2793
383 3522
384 2094
385 2767
386 3133
387 2498
388 3408
389 2744
390 3173
391 3964
392 3032
393 3050
394 2320
395 3213
396 2948
397 2645
398 2516
399 2038
400 2024
401 3747
402 2759
403 2827
404 3431
405 2123
406 2946
407 3407
408 2972
409 3080
410 3183
411 2502
412 2755
413 2984
414 3807
415 2429
416 2491
417 2518
418 2681
419 3739
420 2700
421 2567
422 2762
423 3892
424 2008
425 2937
426 2731
427 3149
428 3608
429 2595
430 3889
431 2741
432 2963
433 3859
434 2987
435 2368
436 2117
437 3860
438 2390
439 3656
440 2218
441 2530
442 3010
443 3914
444 2248
445 2141
446 2526
447 3047
448 3023
449 2640
450 2746
451 2161
452 2657
453 3308
454 2566
455 2436
456 3477
457 3003
458 3198
459 3297
460 3794
461 2737
462 2399
463 2774
464 3524
465 2981
466 2683
467 3024
468 2475
469 2082
470 2861
471 3617
472 3550
473 2065
474 3100
475 3272
476 3833
477 2852
478 3690
479 2354
480 2288
481 3171
482 3582
483 2832
484 2507
485 2451
486 3896
487 2088
488 3167
489 2490
490 3589
491 3323
492 2143
493 2064
494 2583
495 3236
496 2137
497 2445
498 2921
499 2977
500 3556
501 3321
502 2862
503 2682
504 2923
505 3732
506 3298
507 2471
508 2806
509 3603
510 3814
511 2547
512 3157
513 2794
514 3466
515 2102
516 2705
517 3508
518 2051
519 3112
520 2344
521 3854
522 3873
523 2018
524 3028
525 3357
526 2485
527 3575
528 3797
529 2055
530 2684
531 3435
532 3354
533 3533
534 2548
535 3421
536 2875
537 3848
538 3380
539 3305
540 2300
541 2010
542 3290
543 3463
544 3773
545 3366
546 3246
547 3538
548 2931
549 3444
550 2747
551 2527
552 3199
553 3370
554 2252
555 3365
556 3131
557 2120
558 3261
559 3581
560 2964
561 3630
562 3501
563 2002
564 2788
565 2365
566 3304
567 2869
568 3824
569 2673
570 3925
571 2781
572 3708
573 3837
574 3458
575 3130
576 2284
577 2185
578 2462
579 3475
580 3237
581 3205
582 2380
583 3030
584 2830
585 2859
586 3835
587 2695
588 3910
589 2659
590 2216
591 3128
592 3920
593 3018
594 3882
595 2426
596 3514
597 2943
598 3526
599 2768
600 3776
601 2006
602 2264
603 3829
604 3950
605 2392
606 3816
607 2003
608 2974
609 3288
610 3120
611 3666
612 3020
613 2959
614 2408
615 3446
616 3684
617 2585
618 2167
619 2538
620 2625
621 2420
622 2947
623 2091
624 2477
625 3594
626 3655
627 3970
628 3710
629 3201
630 3947
631 3110
632 2955
633 2493
634 2285
635 3506
636 3857
637 3168
638 3536
639 3436
640 2620
641 2894
642 2495
643 2728
644 3332
645 2020
646 3759
647 2327
648 2286
649 2045
650 2719
651 2201
652 2740
653 3464
654 2134
655 2552
656 3669
657 3832
658 3231
659 2046
660 2617
661 2701
662 2128
663 3568
664 2710
665 2154
666 2773
667 3452
668 3673
669 3066
670 3330
671 3415
672 3952
673 3645
674 3572
675 2725
676 3626
677 3754
678 2202
679 3277
680 2200
681 3976
682 2052
683 2438
684 3505
685 2180
686 3670
687 3372
688 2594
689 2993
690 3228
691 3461
692 3266
693 3977
694 3111
695 3811
696 3121
697 2092
698 3035
699 2779
700 2195
701 3961
702 2165
703 3570
704 3202
705 3997
706 2513
707 3004
708 2376
709 2146
710 3316
711 3070
712 3525
713 2722
714 2799
715 2347
716 2704
717 3293
718 2858
719 3904
720 2244
721 3974
722 2581
723 2954
724 2638
725 3834
726 2783
727 2040
728 2635
729 3717
730 3680
731 2364
732 2472
733 3347
734 2546
735 2512
736 2881
737 2896
738 3876
739 2101
740 2301
741 2081
742 2032
743 2057
744 3808
745 3068
746 3567
747 2419
748 3206
749 2754
750 2406
751 2310
752 3598
753 3012
754 2654
755 3071
756 2707
757 3755
758 3685
759 2015
760 3398
761 3991
762 3496
763 3220
764 2011
765 3558
766 2604
767 3743
768 2295
769 2348
770 2687
771 2726
772 2766
773 3187
774 2569
775 3491
776 3512
777 2351
778 3899
779 3551
780 2217
781 3437
782 3493
783 2089
784 3941
785 3214
786 3534
787 3648
788 2633
789 2484
790 3060
791 3083
792 2628
793 2106
794 3971
795 2424
796 3688
797 2706
798 3933
799 2629
800 3257
801 3374
802 2637
803 3223
804 3034
805 3926
806 3063
807 3264
808 3535
809 2199
810 3504
811 3800
812 3528
813 2108
814 2338
815 3455
816 2531
817 2801
818 2711
819 2282
820 2422
821 2232
822 2083
823 2194
824 3614
825 3929
826 3990
827 3735
828 2914
829 2224
830 3392
831 3802
832 2672
833 2724
834 3563
835 3838
836 3706
837 2325
838 2047
839 2257
840 3371
841 3456
842 3399
843 2294
844 2841
845 2029
846 3263
847 3596
848 2172
849 2575
850 3169
851 2898
852 2543
853 2529
854 3227
855 3239
856 2550
857 2253
858 3806
859 3908
860 3209
861 2025
862 3599
863 3601
864 2748
865 2059
866 2449
867 3005
868 3931
869 3585
870 3045
871 3695
872 2520
873 3770
874 2277
875 3166
876 3916
877 2068
878 3786
879 2868
880 3356
881 2356
882 3610
883 3233
884 2603
885 3423
886 3751
887 2712
888 3569
889 2181
890 2042
891 3935
892 3987
893 2345
894 2066
895 3428
896 2602
897 2522
898 2872
899 2044
900 2922
901 2510
902 2765
903 3069
904 3955
905 3609
906 3136
907 3417
908 2971
909 3142
910 2297
911 3429
912 2431
913 3019
914 2891
915 3247
916 2803
917 2494
918 3238
919 2303
920 3851
921 2782
922 2272
923 3350
924 3822
925 3425
926 3701
927 2752
928 3789
929 2888
930 3855
931 3225
932 3135
933 2586
934 2572
935 2665
936 2763
937 3499
938 3391
939 2757
940 3396
941 2299
942 2876
943 3616
944 3086
945 3067
946 2208
947 3901
948 2558
949 2945
950 2127
951 3537
952 2715
953 2030
954 2646
955 2618
956 3459
957 3132
958 2073
959 3566
960 3932
961 3517
962 3864
963 2563
964 3724
965 3691
966 3934
967 2371
968 2375
969 2370
970 3746
971 2156
972 2381
973 2662
974 2962
975 3251
976 3337
977 2749
978 2112
979 2190
980 3046
981 3693
982 3137
983 3232
984 2907
985 2514
986 3674
987 2651
988 3553
989 2126
990 3162
991 2078
992 3229
993 2743
994 2366
995 3309
996 2578
997 2455
998 3938
999 3663
1000 3980
1001 3284
1002 2544
1003 2952
1004 2650
1005 2658
1006 3276
1007 2336
1008 3642
1009 2457
1010 2685
1011 2895
1012 3804
1013 2414
1014 2883
1015 2606
1016 2007
1017 2504
1018 3771
1019 2278
1020 2302
1021 3479
1022 3792
1023 2386
1024 3156
1025 3907
1026 3099
1027 2174
1028 2353
1029 2388
1030 3968
1031 3445
1032 3482
1033 3629
1034 2273
1035 3016
1036 3912
1037 3891
1038 2170
1039 2104
1040 3900
1041 2464
1042 2938
1043 3025
1044 3342
1045 3781
1046 2304
1047 2469
1048 3363
1049 2151
1050 2409
1051 3940
1052 3993
1053 3774
1054 3772
1055 3268
1056 3327
1057 3211
1058 3107
1059 2533
1060 3170
1061 3007
1062 2196
1063 3279
1064 3243
1065 2697
1066 2983
1067 3631
1068 3460
1069 2630
1070 2698
1071 3718
1072 2691
1073 3299
1074 2434
1075 3507
1076 2233
1077 3258
1078 3542
1079 2133
1080 2391
1081 3419
1082 2077
1083 2829
1084 2153
1085 2721
1086 3116
1087 2807
1088 3039
1089 3944
1090 3255
1091 2927
1092 3294
1093 2203
1094 2668
1095 3587
1096 3043
1097 2970
1098 3151
1099 3852
1100 2479
1101 3498
1102 2501
1103 3620
1104 2889
1105 2893
1106 3615
1107 2349
1108 3064
1109 3856
1110 2319
1111 2487
1112 2777
1113 2850
1114 3936
1115 2215
1116 3810
1117 2281
1118 3056
1119 2778
1120 3881
1121 2489
1122 3339
1123 2644
1124 2023
1125 3915
1126 2580
1127 2287
1128 2844
1129 2919
1130 2237
1131 3249
1132 3785
1133 2590
1134 3921
1135 3325
1136 2465
1137 2742
1138 2260
1139 2616
1140 2770
1141 3022
1142 3106
1143 3275
1144 3289
1145 3344
1146 3927
1147 3426
1148 3405
1149 3416
1150 3360
1151 3636
1152 2717
1153 3768
1154 3600
1155 3502
1156 3486
1157 2880
1158 2524
1159 3659
1160 2994
1161 2867
1162 3254
1163 2802
1164 3117
1165 2642
1166 3918
1167 2423
1168 3037
1169 2241
1170 2251
1171 3093
1172 2811
1173 3059
1174 3937
1175 2835
1176 3095
1177 3296
1178 2736
1179 2918
1180 3903
1181 3761
1182 2877
1183 3179
1184 3803
1185 3388
1186 2206
1187 3593
1188 2067
1189 3682
1190 3696
1191 2542
1192 3779
1193 2824
1194 2677
1195 3845
1196 3312
1197 3439
1198 2591
1199 2846
1200 2122
1201 3189
1202 3129
1203 2373
1204 3091
1205 2144
1206 2965
1207 3777
1208 3180
1209 2443
1210 2467
1211 3196
1212 2197
1213 2109
1214 3861
1215 3340
1216 3583
1217 2236
1218 2787
1219 2362
1220 3544
1221 3193
1222 3527
1223 2162
1224 3949
1225 3796
1226 3049
1227 2276
1228 2525
1229 2909
1230 3621
1231 2780
1232 3624
1233 2614
1234 3367
1235 3741
1236 2675
1237 2314
1238 3164
1239 2080
1240 2488
1241 2113
1242 3314
1243 2535
1244 2149
1245 2833
1246 2960
1247 2814
1248 2936
1249 3959
1250 3483
1251 3733
1252 2559
1253 3898
1254 2624
1255 3894
1256 3150
1257 2223
1258 3200
1259 3281
1260 3686
1261 2473
1262 3647
1263 2228
1264 2551
1265 2157
1266 3559
1267 3849
1268 2713
1269 3661
1270 2213
1271 3975
1272 3097
1273 2246
1274 2016
1275 2882
1276 3172
1277 3628
1278 3311
1279 3375
1280 2831
1281 3775
1282 3830
1283 3846
1284 2519
1285 3235
1286 2186
1287 3352
1288 2219
1289 3957
1290 2130
1291 3557
1292 2184
1293 2262
1294 2655
1295 2492
1296 3705
1297 3087
1298 3552
1299 2124
1300 2097
1301 2996
1302 3591
1303 2466
1304 3145
1305 3795
1306 2053
1307 2817
1308 3683
1309 3641
1310 3560
1311 3487
1312 2913
1313 3260
1314 2269
1315 3041
1316 2848
1317 2239
1318 3638
1319 2664
1320 3622
1321 2836
1322 3893
1323 2808
1324 2437
1325 3256
1326 3348
1327 2441
1328 2107
1329 2341
1330 3058
1331 3403
1332 2515
1333 3897
1334 2925
1335 3048
1336 3627
1337 3265
1338 2951
1339 2258
1340 2164
1341 2481
1342 3178
1343 3877
1344 3394
1345 2460
1346 2433
1347 3009
1348 3703
1349 3207
1350 2500
1351 2416
1352 2539
1353 2825
1354 3809
1355 3760
1356 2678
1357 3021
1358 3731
1359 2012
1360 3474
1361 2939
1362 2864
1363 3379
1364 2573
1365 3632
1366 2660
1367 2315
1368 2565
1369 3571
1370 2474
1371 3719
1372 3740
1373 3204
1374 2904
1375 3262
1376 3044
1377 2017
1378 2505
1379 2198
1380 2187
1381 3000
1382 3687
1383 2311
1384 2523
1385 3160
1386 2999
1387 3484
1388 2225
1389 3109
1390 2940
1391 3753
1392 2885
1393 3884
1394 3124
1395 2291
1396 2978
1397 2813
1398 3424
1399 3546
1400 2819
1401 3153
1402 2056
1403 3062
1404 3836
1405 3700
1406 3867
1407 2178
1408 2851
1409 2826
1410 2789
1411 2545
1412 2941
1413 3420
1414 3639
1415 3613
1416 2714
1417 3723
1418 2090
1419 2150
1420 2461
1421 3689
1422 3995
1423 2536
1424 2623
1425 2532
1426 3939
1427 2976
1428 3008
1429 2293
1430 2554
1431 2450
1432 2690
1433 3409
1434 3509
1435 2745
1436 3221
1437 3353
1438 3078
1439 3163
1440 3280
1441 2878
1442 3913
1443 3909
1444 3390
1445 3468
1446 2173
1447 3611
1448 2427
1449 2076
1450 2110
1451 3584
1452 2403
1453 3329
1454 3850
1455 3750
1456 2074
1457 2428
1458 2899
1459 2790
1460 3438
1461 2163
1462 2968
1463 3725
1464 3607
1465 3335
1466 2407
1467 2305
1468 2720
1469 2560
1470 2159
1471 3336
1472 2800
1473 2821
1474 2857
1475 3678
1476 3720
1477 2340
1478 2346
1479 3565
1480 3212
1481 2933
1482 2611
1483 2874
1484 3817
1485 3470
1486 2070
1487 3942
1488 2296
1489 2230
1490 3451
1491 2369
1492 2839
1493 2242
1494 2476
1495 3841
1496 3745
1497 2735
1498 3729
1499 3704
1500 2723
1501 3300
1502 2169
1503 2676
1504 3194
1505 3355
1506 3650
1507 2656
1508 2037
1509 3752
1510 3362
1511 3530
1512 3061
1513 2096
1514 2444
1515 2837
1516 3108
1517 2389
1518 2598
1519 3447
1520 2674
1521 2135
1522 3252
1523 2254
1524 3742
1525 2220
1526 3322
1527 2009
1528 3476
1529 2860
1530 2039
1531 2421
1532 3152
1533 2953
1534 2693
1535 3821
1536 2036
1537 2098
1538 2838
1539 2990
1540 2222
1541 2385
1542 2911
1543 2363
1544 3210
1545 3586
1546 2087
1547 2179
1548 2670
1549 2696
1550 3242
1551 3561
1552 2290
1553 3472
1554 2398
1555 2050
1556 3564
1557 2785
1558 3780
1559 2521
1560 2234
1561 2209
1562 3819
1563 2309
1564 2615
1565 3874
1566 2268
1567 3188
1568 2621
1569 2343
1570 2377
1571 2901
1572 2395
1573 2772
1574 3999
1575 3602
1576 2653
1577 3825
1578 3606
1579 3203
1580 3767
1581 2865
1582 3619
1583 2991
1584 2688
1585 3154
1586 2892
1587 3958
1588 3195
1589 3996
1590 3291
1591 2739
1592 3122
1593 3488
1594 2985
1595 3541
1596 2226
1597 2932
1598 3694
1599 2400
1600 2334
1601 3333
1602 3495
1603 2820
1604 3692
1605 2035
1606 2417
1607 3443
1608 3707
1609 3283
1610 3518
1611 3389
1612 3084
1613 3434
1614 3118
1615 3088
1616 3988
1617 3531
1618 2753
1619 3532
1620 3240
1621 2085
1622 3386
1623 2175
1624 3890
1625 3967
1626 3127
1627 2210
1628 2318
1629 3748
1630 3675
1631 2121
1632 3318
1633 3259
1634 2555
1635 3033
1636 2641
1637 2661
1638 3306
1639 3543
1640 3791
1641 2384
1642 2612
1643 2058
1644 3369
1645 2689
1646 3511
1647 3924
1648 2497
1649 3749
1650 3448
1651 2350
1652 2564
1653 2609
1654 3143
1655 2412
1656 2440
1657 3441
1658 2870
1659 3134
1660 2330
1661 3872
1662 2093
1663 2847
1664 3320
1665 3973
1666 2694
1667 3919
1668 3092
1669 3098
1670 2556
1671 2667
1672 2026
1673 3224
1674 3040
1675 3331
1676 2115
1677 2372
1678 3709
1679 2480
1680 3788
1681 3875
1682 2751
1683 3623
1684 2627
1685 3618
1686 3382
1687 2950
1688 2168
1689 3478
1690 2570
1691 3790
1692 3948
1693 2307
1694 3956
1695 3077
1696 3778
1697 3144
1698 2270
1699 3726
1700 3649
1701 2942
1702 2191
1703 2734
1704 3634
1705 2592
1706 3515
1707 3951
1708 3404
1709 2610
1710 2597
1711 3373
1712 2716
1713 3126
1714 3513
1715 3141
1716 3986
1717 3190
1718 2105
1719 2125
1720 3827
1721 3418
1722 2988
1723 2324
1724 2405
1725 2171
1726 3654
1727 3962
1728 3079
1729 3697
1730 2910
1731 2458
1732 2383
1733 3994
1734 3192
1735 3017
1736 2750
1737 3245
1738 3906
1739 3274
1740 3036
1741 2131
1742 3292
1743 3702
1744 3905
1745 3592
1746 2182
1747 2509
1748 3165
1749 3208
1750 2935
1751 3073
1752 3801
1753 2275
1754 3313
1755 3026
1756 2730
1757 2308
1758 3590
1759 3359
1760 3449
1761 3469
1762 3351
1763 2537
1764 2549
1765 3430
1766 3114
1767 2989
1768 2588
1769 3953
1770 3393
1771 2279
1772 2776
1773 3762
1774 2140
1775 3376
1776 3125
1777 3006
1778 3886
1779 3716
1780 3588
1781 2335
1782 3911
1783 3595
1784 3197
1785 2361
1786 2004
1787 2266
1788 3427
1789 2840
1790 2540
1791 3148
1792 2791
1793 3923
1794 3440
1795 2589
1796 3385
1797 3072
1798 2214
1799 3038
1800 2265
1801 3490
1802 2069
1803 2231
1804 3442
1805 2317
1806 3612
1807 2183
1808 2577
1809 3880
1810 3011
1811 3989
1812 3885
1813 3625
1814 3489
1815 2283
1816 3101
1817 2784
1818 2584
1819 3301
1820 2593
1821 2396
1822 3334
1823 3883
1824 2418
1825 2430
1826 2448
1827 3826
1828 2478
1829 2887
1830 3219
1831 3397
1832 3658
1833 3714
1834 2147
1835 3895
1836 2176
1837 3295
1838 3722
1839 2823
1840 2249
1841 3074
1842 3715
1843 3341
1844 2245
1845 3853
1846 2873
1847 2459
1848 2014
1849 3326
1850 2072
1851 2845
1852 3492
1853 3422
1854 3972
1855 2192
1856 2129
1857 3361
1858 2600
1859 2095
1860 2454
1861 3573
1862 2367
1863 3346
1864 3029
1865 3051
1866 3410
1867 3516
1868 3433
1869 2812
1870 3119
1871 3978
1872 2205
1873 2483
1874 3217
1875 2636
1876 3840
1877 2001
1878 3105
1879 3364
1880 2733
1881 2727
1882 3677
1883 2352
1884 2557
1885 2816
1886 3633
1887 3094
1888 2541
1889 3983
1890 2332
1891 3679
1892 3668
1893 2854
1894 3831
1895 2049
1896 3282
1897 3027
1898 2958
1899 2973
1900 3315
1901 2402
1902 2086
1903 3053
1904 3378
1905 3576
1906 3727
1907 2235
1908 3480
1909 3667
1910 3736
1911 2786
1912 2916
1913 3712
1914 3406
1915 2322
1916 3065
1917 3744
1918 2328
1919 3815
1920 2204
1921 3383
1922 3818
1923 3411
1924 3823
1925 2243
1926 2797
1927 2596
1928 3358
1929 2822
1930 2798
1931 2619
1932 2005
1933 3317
1934 3928
1935 2796
1936 3646
1937 3813
1938 2769
1939 3271
1940 2413
1941 3784
1942 2607
1943 2435
1944 3878
1945 3400
1946 3998
1947 3839
1948 3519
1949 2912
1950 2949
1951 2060
1952 2337
1953 3140
1954 3085
1955 3186
1956 2160
1957 2856
1958 3847
1959 3413
1960 2890
1961 2263
1962 2975
1963 2849
1964 3381
1965 2148
1966 3828
1967 2463
1968 2193
1969 3982
1970 2634
1971 2669
1972 3042
1973 2331
1974 2329
1975 3215
1976 2021
1977 2359
1978 3858
1979 3497
1980 2452
1981 3002
1982 3605
1983 3402
1984 2631
1985 2394
1986 3917
1987 3799
1988 3763
1989 3395
1990 3805
1991 3319
1992 3721
1993 2613
1994 3158
1995 2986
1996 2828
1997 3943
1998 3230
1999 2482
