50
50 31 15 26 16 32 48 22 24 40 33 25 28 4 36 37 44 38 23 34 5 13 30 29 21 18 49 17 46 9 6 45 1 35 19 7 41 20 27 11 43 3 8 12 10 42 50 2 47 14 39 
50 27 41 5 37 50 1 43 7 13 23 38 35 36 46 2 25 3 6 9 28 14 22 39 19 29 33 49 32 47 15 20 10 26 30 45 48 16 4 18 44 21 11 31 24 40 34 42 17 8 12 
50 9 18 3 1 49 44 31 15 47 32 37 33 17 20 13 29 8 7 23 24 30 36 41 26 43 34 4 40 6 35 27 50 38 42 14 19 12 39 11 45 5 10 16 21 2 48 25 22 46 28 
50 1 12 29 28 4 20 35 34 37 49 39 38 47 33 11 44 21 23 43 48 3 22 26 5 16 40 8 6 9 2 45 36 46 18 17 15 27 24 25 42 31 41 19 14 30 7 32 10 13 50 
50 48 30 35 37 36 15 40 7 44 9 14 19 4 49 24 43 2 20 27 13 26 17 10 5 46 6 8 22 41 18 12 45 23 29 31 33 42 39 50 47 32 21 16 1 38 28 25 34 3 11 
50 36 41 10 27 17 22 42 5 28 24 39 23 50 25 49 48 35 45 18 20 29 2 14 37 3 34 11 33 46 16 8 6 1 47 12 26 40 31 32 38 4 19 30 7 21 13 43 15 9 44 
50 8 26 42 38 16 27 15 3 24 31 4 2 48 28 43 6 18 19 35 12 14 46 40 39 20 41 49 30 22 36 13 11 45 33 50 10 17 34 23 44 47 29 1 21 5 37 9 7 25 32 
50 17 49 47 38 20 41 6 9 43 22 11 24 29 12 21 2 27 8 33 13 19 46 3 34 48 50 37 40 18 44 15 35 23 39 32 28 1 30 31 42 7 14 25 16 10 45 26 36 4 5 
50 22 17 26 5 14 46 44 37 41 33 20 21 4 2 27 3 50 23 6 38 16 40 49 19 18 36 28 7 12 29 13 39 42 32 43 25 15 48 45 1 8 34 24 9 11 31 10 30 47 35 
50 45 14 27 11 5 31 49 12 41 1 3 39 7 23 9 19 8 50 34 38 24 6 42 47 32 21 40 25 33 17 44 2 18 26 10 15 20 35 30 28 4 13 37 22 36 16 46 29 48 43 
50 7 42 23 27 6 17 5 11 33 50 40 15 24 14 34 8 1 38 41 20 45 37 13 39 29 18 48 31 30 4 32 22 47 10 3 44 46 12 2 28 21 19 49 26 16 25 36 35 9 43 
50 40 35 15 37 23 33 22 24 4 41 28 49 32 44 36 25 27 13 14 42 45 17 20 38 10 11 39 18 50 5 19 26 9 8 21 2 7 6 16 47 48 46 34 29 3 30 31 43 12 1 
50 33 48 14 29 26 17 37 32 28 27 41 43 30 3 12 50 39 38 5 10 6 49 16 18 42 7 46 24 40 36 34 44 8 1 21 2 9 22 13 35 45 47 4 23 31 25 19 20 15 11 
50 34 3 28 45 6 25 16 11 43 32 26 39 17 36 23 19 41 1 21 5 27 46 12 4 47 31 40 50 18 2 20 14 13 22 35 15 37 29 10 7 44 48 42 9 33 24 8 30 38 49 
50 44 11 13 49 21 12 47 48 24 30 22 20 7 50 34 35 4 31 1 3 45 37 39 9 18 14 27 33 6 46 36 16 40 25 29 38 43 5 28 26 10 8 32 19 2 15 23 41 42 17 
50 33 38 37 2 40 12 8 21 43 27 3 4 19 49 30 11 20 44 36 47 50 5 16 45 31 23 14 28 35 15 18 41 1 13 29 34 42 6 24 48 10 26 46 32 39 7 17 25 22 9 
50 19 49 33 44 4 24 8 41 12 35 38 39 14 9 3 22 17 47 21 7 28 34 43 30 45 37 25 11 6 2 18 46 32 27 50 36 10 5 1 26 15 31 42 16 13 40 48 23 20 29 
50 43 15 7 22 18 37 10 50 48 20 42 47 23 9 40 35 3 11 26 41 39 36 38 33 34 45 14 31 44 5 2 16 6 25 17 30 27 4 46 49 21 12 28 32 29 24 8 13 19 1 
50 42 16 13 31 26 43 48 49 1 12 14 10 20 18 36 28 7 29 8 21 40 41 9 25 50 44 17 30 19 39 27 23 45 5 47 32 15 37 24 3 38 35 6 46 22 4 2 33 11 34 
50 31 47 25 4 42 29 3 28 1 34 32 6 17 22 27 21 12 37 9 36 20 23 2 7 16 41 50 26 44 43 11 48 40 19 46 24 30 45 5 35 15 10 39 18 14 33 13 49 38 8 
50 13 16 25 44 24 1 34 26 50 41 45 22 2 7 23 46 17 47 43 32 8 39 30 29 35 9 48 20 28 14 4 31 3 21 5 12 40 11 42 15 19 10 27 37 18 33 36 49 38 6 
50 26 16 36 3 38 8 44 37 47 41 12 11 45 2 33 43 17 42 48 1 27 6 35 50 21 13 7 40 31 18 23 24 28 15 22 49 29 4 20 14 39 19 25 46 5 32 30 34 10 9 
50 32 14 21 50 3 6 15 13 27 19 30 44 18 42 5 49 22 20 10 41 1 38 48 34 9 26 29 37 33 4 2 25 16 46 47 17 45 39 8 36 43 28 40 23 12 35 24 7 11 31 
50 50 2 24 27 47 16 19 44 1 11 34 36 37 46 28 23 15 3 5 7 45 20 49 18 21 13 41 29 40 42 10 31 17 9 39 14 8 32 6 33 38 26 22 43 30 48 35 12 25 4 
50 7 12 11 29 6 14 18 50 34 2 26 28 16 27 21 30 17 4 19 42 35 23 1 5 49 31 48 47 20 33 37 38 8 22 45 43 3 9 36 13 10 25 40 41 46 39 24 32 15 44 
50 49 25 12 42 20 33 37 8 6 9 50 16 36 44 43 1 24 14 41 19 7 35 2 27 13 40 18 11 15 22 32 23 28 39 4 26 17 34 30 21 38 29 5 10 47 48 31 45 3 46 
50 33 26 44 39 30 8 27 36 47 22 21 1 11 7 31 13 18 10 5 45 14 20 50 2 3 42 41 17 32 35 46 4 15 25 48 43 29 6 49 9 12 19 28 24 37 34 16 38 23 40 
50 1 24 45 26 11 27 8 40 7 20 6 29 33 34 13 3 36 32 21 42 39 43 12 14 31 15 25 41 9 44 30 50 28 46 16 37 38 48 22 19 17 10 4 5 2 35 47 23 49 18 
50 2 6 12 19 32 48 13 21 50 25 23 5 10 26 22 35 17 38 45 36 15 14 30 46 18 24 37 4 40 41 7 31 34 1 20 49 16 9 47 39 33 11 44 3 27 29 28 42 8 43 
50 32 29 28 39 24 15 7 49 2 50 4 18 20 43 33 5 40 30 14 16 23 3 12 44 34 31 27 37 47 42 17 6 48 41 38 36 10 46 25 35 1 8 11 26 9 19 22 13 45 21 
50 29 9 24 22 10 19 1 23 37 41 43 15 26 49 30 20 40 35 2 27 36 18 8 45 25 5 47 50 14 38 28 6 48 31 44 16 32 17 42 21 46 13 33 34 4 7 11 39 3 12 
50 16 38 35 44 8 48 42 33 17 34 46 31 23 1 4 9 25 27 10 43 32 20 19 13 28 2 49 3 5 30 24 15 47 6 50 12 29 21 11 36 26 7 18 40 41 39 22 37 45 14 
50 42 36 21 31 27 7 6 30 14 2 13 10 11 3 22 40 39 15 1 45 17 35 49 46 47 44 25 26 19 9 37 32 4 50 24 12 16 33 38 34 8 23 20 43 28 41 29 48 5 18 
50 10 27 42 21 39 43 15 12 32 50 23 18 17 36 44 40 26 25 24 5 22 11 45 38 29 47 19 9 14 1 3 28 20 30 6 46 8 13 35 48 49 7 4 37 31 16 41 2 34 33 
50 15 50 4 46 3 8 33 26 2 19 45 18 37 35 32 42 39 38 23 7 49 21 40 9 44 43 11 10 17 22 6 14 1 30 16 13 48 36 24 34 12 47 29 20 31 25 27 41 28 5 
50 35 27 3 25 38 22 16 6 2 1 23 10 34 30 46 31 49 50 24 18 36 7 5 43 8 4 12 42 33 41 28 20 14 37 19 21 15 47 9 48 32 44 39 29 40 26 13 17 11 45 
50 49 29 23 12 34 25 40 3 42 18 9 1 38 37 22 15 16 31 46 13 20 17 35 14 43 27 26 44 47 50 48 6 21 36 24 33 32 30 2 45 10 4 28 5 19 7 8 41 11 39 
50 1 4 23 22 27 16 10 29 45 38 32 39 40 2 28 50 42 17 44 13 41 46 31 3 14 18 11 35 48 34 37 47 36 6 15 24 8 25 43 5 19 21 33 12 20 9 49 30 7 26 
50 23 37 13 15 14 41 39 44 2 16 11 1 38 8 35 47 19 21 48 25 17 28 34 22 43 46 42 26 7 31 50 4 10 24 32 6 33 12 40 5 18 30 36 29 49 20 45 9 27 3 
50 4 28 43 13 26 38 31 40 37 6 33 2 50 19 14 47 11 48 32 41 9 30 35 34 29 18 3 20 15 46 27 1 39 16 25 7 17 12 23 10 5 36 21 44 24 45 49 8 22 42 
50 48 3 22 24 4 6 2 31 43 25 5 36 27 35 23 39 46 40 29 32 16 14 49 37 9 21 19 20 8 47 7 42 13 18 17 26 15 12 44 11 45 28 30 50 34 33 10 1 41 38 
50 27 32 12 35 14 36 48 45 24 4 37 22 26 15 11 7 6 19 39 47 30 23 2 38 1 3 10 5 40 17 44 8 31 18 50 21 9 28 42 16 33 41 20 25 43 46 13 29 49 34 
50 30 49 15 48 34 1 7 20 12 25 41 28 38 19 23 27 37 11 33 45 8 47 40 29 50 44 16 22 42 14 36 21 18 26 10 32 2 9 43 31 17 39 13 3 35 24 6 5 46 4 
50 34 47 44 41 9 16 43 29 22 21 39 42 48 24 2 17 30 5 10 49 33 15 14 46 4 20 45 8 19 23 7 36 25 31 37 28 12 35 50 18 6 11 32 40 1 38 3 13 27 26 
50 48 25 36 29 47 34 18 37 43 27 42 9 5 49 10 17 2 50 13 21 16 35 39 3 6 46 14 45 26 20 44 4 38 32 7 41 8 30 23 24 11 19 40 1 12 33 15 22 31 28 
50 29 18 28 7 33 6 3 48 11 30 9 46 16 43 1 25 35 49 50 4 2 27 34 42 26 21 38 24 47 19 45 10 32 36 14 40 23 12 20 31 13 39 44 22 37 15 5 8 41 17 
50 33 15 12 28 2 24 29 37 39 1 36 11 18 44 19 20 25 43 6 9 46 31 41 42 8 13 30 22 40 48 32 14 50 4 47 16 5 45 27 17 3 23 21 7 26 38 35 10 34 49 
50 2 36 11 20 4 12 15 17 13 10 47 38 34 32 30 5 35 16 24 44 31 6 23 18 50 46 28 43 49 9 48 45 41 21 42 8 39 27 14 7 29 33 25 3 26 37 19 1 22 40 
50 35 20 33 31 6 14 1 5 9 49 18 15 34 19 28 36 13 21 32 2 12 50 44 29 30 41 26 24 11 38 4 42 10 27 48 22 3 23 16 39 17 8 7 46 47 25 45 40 43 37 
50 16 10 27 15 9 11 30 24 29 38 1 34 19 13 7 21 32 31 36 17 45 5 4 20 3 14 41 6 44 25 37 18 2 33 49 12 47 8 39 43 46 35 28 23 48 50 22 40 26 42 
50 31 29 41 43 26 14 11 27 16 9 49 34 30 39 8 36 50 33 13 23 44 45 24 42 3 22 46 4 21 2 38 15 10 20 47 12 32 1 18 40 25 28 17 6 48 7 5 37 19 35 
50 40 20 12 5 35 9 14 38 22 1 2 23 8 34 26 21 43 24 29 6 32 36 41 27 10 31 15 28 3 37 50 13 46 45 7 17 39 44 49 4 42 18 30 33 19 11 48 16 25 47 
50 7 25 19 27 42 15 13 4 3 31 8 50 6 17 28 41 29 2 24 47 10 30 14 32 9 23 39 5 35 40 49 20 12 21 38 44 16 18 36 22 33 34 45 26 37 11 48 1 46 43 
50 1 50 43 28 33 35 36 7 47 46 10 49 25 45 38 41 15 2 29 18 22 31 34 11 26 48 21 5 37 19 32 8 39 44 16 27 17 4 20 13 30 6 9 40 24 23 12 42 14 3 
50 25 5 23 47 41 22 43 1 26 42 18 40 20 31 8 2 38 36 21 15 6 34 19 9 44 10 32 13 24 45 14 28 12 17 37 30 3 35 33 46 48 49 29 4 7 11 50 39 16 27 
50 21 49 24 2 43 12 18 6 38 22 29 9 23 10 11 13 19 27 26 1 15 41 45 46 48 28 14 37 50 17 47 44 8 30 39 4 40 42 3 20 31 25 16 33 5 7 32 36 34 35 
50 28 30 15 2 45 48 44 3 9 50 13 14 32 1 22 19 41 43 42 33 18 38 17 24 5 34 26 36 29 16 27 46 11 23 25 47 7 12 49 40 10 35 4 39 21 31 6 37 20 8 
50 10 19 31 11 44 16 37 4 15 12 21 33 5 27 45 18 25 20 13 34 28 17 6 9 38 2 41 8 24 50 42 32 26 48 35 23 49 30 22 14 7 46 43 29 39 40 1 3 36 47 
50 21 14 30 26 17 29 1 15 28 22 33 2 42 11 44 23 49 5 6 46 34 12 31 19 4 43 13 38 39 18 20 47 16 37 36 40 35 24 9 25 48 7 45 10 8 41 27 32 50 3 
50 31 2 12 42 43 21 24 4 17 26 18 28 15 48 46 45 23 34 19 20 5 29 32 3 49 13 40 36 8 30 25 41 44 50 6 16 7 47 22 10 39 1 33 38 35 37 11 27 9 14 
50 49 40 11 2 8 50 42 28 9 22 35 4 27 5 1 36 32 39 19 6 17 41 25 47 14 13 30 24 20 10 37 16 3 26 23 7 48 46 44 45 31 34 15 43 12 33 18 21 38 29 
50 1 32 16 7 30 36 39 50 10 14 4 47 28 35 49 31 46 48 37 38 9 42 17 26 8 34 2 40 21 19 12 41 23 11 27 24 20 33 45 3 15 25 5 44 18 22 6 13 43 29 
50 41 35 28 44 42 34 47 25 1 15 50 38 36 5 9 49 43 21 10 7 16 19 40 3 32 13 24 39 27 14 33 22 11 46 12 20 26 45 37 23 29 31 30 4 48 17 6 8 18 2 
50 14 44 50 1 30 40 15 27 39 34 49 37 12 9 47 19 24 4 22 16 3 35 45 21 20 7 13 8 31 28 29 46 32 43 18 2 36 41 10 11 26 48 23 42 38 5 33 17 6 25 
50 1 4 8 30 31 18 14 48 26 15 49 3 12 6 45 16 33 19 41 35 22 13 37 32 43 38 10 25 44 47 34 11 5 29 42 20 2 9 21 36 28 23 24 50 40 7 39 27 46 17 
50 26 32 45 5 14 9 44 10 27 6 21 22 2 18 19 24 33 37 17 25 20 34 16 46 49 29 15 41 43 38 23 12 35 39 40 31 47 11 28 42 30 48 7 50 1 4 3 8 13 36 
50 15 40 43 42 35 14 8 12 11 4 1 29 3 33 31 32 16 34 36 39 2 50 13 24 18 9 20 44 27 28 7 30 17 47 10 45 38 48 41 25 6 46 26 19 22 5 37 49 23 21 
50 48 20 50 36 1 35 39 26 5 17 10 19 46 30 12 45 3 9 7 32 37 11 29 22 16 25 4 41 18 15 23 21 13 43 44 14 2 28 31 38 42 40 49 8 34 33 24 27 47 6 
50 38 26 46 18 28 35 27 10 11 16 33 37 1 47 6 4 49 15 3 14 21 19 8 5 40 24 29 43 7 30 45 39 2 23 32 50 42 44 22 41 20 9 48 25 34 31 13 36 12 17 
50 36 11 41 49 39 9 19 6 15 33 23 34 20 14 47 50 3 46 42 4 29 30 38 12 2 24 35 8 32 22 7 28 25 21 27 37 17 43 31 10 45 1 16 40 5 44 48 26 18 13 
50 20 4 17 10 16 50 40 44 30 3 41 18 25 9 36 43 37 7 32 28 21 47 6 26 48 46 35 12 45 38 19 1 14 33 34 42 24 2 13 8 31 39 23 15 27 5 22 11 49 29 
50 31 43 12 22 23 15 41 9 6 47 46 17 32 28 39 20 13 19 11 33 7 49 27 38 29 26 42 3 35 40 34 48 8 14 24 4 44 18 10 36 21 5 1 16 30 25 2 50 37 45 
50 36 43 5 1 48 38 21 42 30 33 14 12 3 24 44 8 46 19 13 39 23 7 31 35 41 11 28 37 34 22 2 49 18 27 16 6 20 17 4 25 15 26 40 9 29 10 32 50 47 45 
50 8 19 15 16 1 46 18 14 3 24 39 48 42 40 31 17 41 7 28 38 30 33 5 44 34 29 23 20 45 26 36 22 50 4 47 32 9 21 49 25 35 27 10 43 12 37 6 2 11 13 
50 17 46 3 23 49 40 47 13 41 24 30 19 12 48 32 38 20 27 28 31 39 33 14 50 29 45 7 9 11 21 16 6 2 8 10 25 22 15 36 1 4 35 42 43 37 18 34 26 5 44 
50 27 20 17 39 21 4 16 40 33 14 11 19 44 3 46 24 7 34 38 48 28 9 49 30 22 36 18 23 50 12 1 31 5 13 41 26 37 47 29 2 6 43 10 35 25 8 32 15 42 45 
50 20 41 36 8 47 3 43 6 44 9 42 35 50 27 17 46 18 31 39 49 4 1 23 25 30 37 45 28 19 29 11 26 16 33 13 38 10 24 22 12 7 32 21 40 14 15 34 48 5 2 
50 43 50 17 19 45 48 23 32 39 30 33 26 28 1 31 12 14 13 3 41 15 20 2 6 16 27 7 9 35 36 44 37 21 8 18 11 42 34 5 46 49 24 25 4 40 47 29 38 22 10 
50 18 1 27 2 29 39 23 8 13 40 43 25 16 9 42 49 15 4 3 48 50 37 30 31 11 46 28 33 5 6 44 12 35 26 36 45 21 17 22 19 7 14 20 34 38 32 47 10 41 24 
50 34 48 35 28 11 18 6 23 7 16 13 8 47 41 45 22 29 19 4 40 2 21 49 39 17 44 9 42 37 33 1 38 10 36 32 12 24 5 27 20 30 43 3 14 46 15 31 25 50 26 
50 18 20 19 31 36 11 49 47 32 2 38 10 21 24 6 26 25 40 41 35 23 7 45 28 13 34 29 15 48 42 22 16 43 14 3 44 8 12 27 5 50 4 46 17 30 9 1 37 39 33 
50 38 6 20 29 10 12 25 23 50 8 28 34 41 21 14 17 27 9 11 16 3 49 18 39 47 36 35 19 46 43 5 15 42 33 37 24 44 1 7 48 32 2 13 31 30 4 45 22 26 40 
50 8 23 14 38 48 29 46 18 47 33 19 49 36 1 25 26 31 44 10 21 4 22 7 28 45 43 32 40 6 15 3 13 16 24 37 42 11 2 41 34 39 27 50 12 17 9 20 30 5 35 
50 50 32 37 44 3 38 21 13 39 1 47 42 36 8 28 16 2 48 40 9 15 35 5 30 34 17 7 11 18 20 45 12 31 14 26 19 22 23 41 33 4 24 27 6 10 49 43 46 25 29 
50 15 12 3 7 4 35 43 25 18 28 24 34 19 27 22 50 39 38 23 48 45 1 13 37 6 46 47 20 31 32 10 5 26 11 42 17 33 41 14 8 29 16 2 49 36 21 9 30 40 44 
50 39 21 4 28 13 44 5 43 42 34 12 46 35 50 18 20 30 31 19 49 6 47 2 23 1 48 32 37 45 36 17 15 29 11 25 40 41 8 22 7 27 10 9 33 16 3 26 24 38 14 
50 13 34 23 31 22 50 28 48 16 46 26 33 35 5 1 24 45 4 11 41 29 49 14 15 17 8 47 20 36 3 12 27 42 9 25 37 6 2 43 30 44 18 10 19 38 21 32 7 40 39 
50 35 46 26 41 25 29 15 50 32 14 4 28 38 16 1 48 30 37 2 49 18 43 9 22 12 31 20 33 17 8 36 42 23 6 34 5 7 10 21 19 3 47 40 27 13 45 11 39 24 44 
50 26 11 15 28 16 39 25 30 40 14 34 12 24 32 5 2 46 33 49 13 31 3 9 19 20 22 43 36 10 47 6 35 21 8 42 38 23 37 45 4 50 27 44 7 29 1 48 41 17 18 
50 7 9 14 15 25 27 32 20 46 30 22 8 29 31 2 23 19 11 41 3 45 36 10 1 28 40 26 37 6 12 4 33 35 17 48 47 16 13 39 24 5 44 38 18 42 43 34 21 50 49 
50 18 50 33 31 13 37 40 48 8 25 2 47 26 24 9 42 22 23 11 46 45 41 3 17 1 49 16 6 43 4 21 38 7 36 39 14 15 32 30 29 44 34 35 5 27 10 20 19 12 28 
50 18 25 9 21 34 35 36 26 24 8 16 49 29 37 4 33 45 32 46 22 17 3 6 42 23 48 43 19 41 7 38 44 27 31 40 50 10 20 2 11 14 12 28 30 1 39 13 15 47 5 
50 31 23 38 27 39 29 13 8 43 45 16 19 1 35 22 17 48 5 44 32 34 33 9 24 11 4 12 47 14 36 2 6 37 40 50 18 26 42 28 30 46 21 7 20 41 15 49 25 10 3 
50 1 40 23 14 12 29 6 4 9 35 44 33 11 32 19 26 43 38 10 36 24 42 7 2 16 48 31 46 34 15 22 8 49 41 20 3 39 18 13 30 17 21 5 45 37 50 27 28 25 47 
50 41 5 11 26 42 13 6 17 22 32 19 25 36 45 29 7 40 1 37 9 49 14 21 39 15 38 48 27 3 23 33 47 8 20 43 31 2 35 44 34 18 46 12 28 50 10 16 30 4 24 
50 18 25 19 1 35 20 13 4 11 37 43 33 27 3 28 10 15 30 2 5 49 8 45 26 48 21 42 6 46 24 9 34 39 29 36 31 14 16 7 17 40 41 47 38 44 23 22 32 50 12 
50 17 46 27 14 13 45 38 15 37 31 32 49 33 5 40 29 35 16 10 34 2 21 50 4 1 24 25 43 23 3 12 44 47 7 39 22 26 36 9 20 11 28 8 30 42 19 6 18 48 41 
50 40 13 26 14 31 34 3 21 46 28 30 23 7 35 48 41 5 17 49 29 36 44 45 37 16 50 4 32 25 24 22 9 6 19 27 33 10 43 15 1 20 42 38 8 12 18 2 39 47 11 
50 39 22 14 27 35 42 19 26 49 16 8 48 30 43 10 20 32 29 24 31 15 47 6 44 46 5 13 37 18 12 45 25 50 34 21 7 36 17 9 4 38 3 1 41 2 40 33 28 11 23 
50 15 49 14 18 6 11 23 2 43 13 42 33 32 45 50 29 9 44 4 28 41 36 34 35 8 39 17 27 38 40 16 31 21 20 10 5 47 30 1 24 48 26 25 37 22 46 3 19 7 12 
