50
50 46 50 24 27 32 42 13 22 37 11 17 2 38 1 28 49 35 8 39 48 44 45 47 14 6 23 10 26 19 30 4 18 16 43 3 12 36 5 25 21 34 15 41 40 9 29 7 31 33 20 
50 46 4 44 48 27 13 17 14 28 41 23 37 9 45 32 2 38 47 36 21 34 25 50 6 24 12 30 43 40 15 26 1 8 11 42 19 18 16 3 29 33 10 35 5 39 49 22 31 20 7 
50 16 8 23 14 3 44 40 48 1 24 26 7 20 30 13 25 15 17 6 31 50 36 33 41 12 9 43 22 47 42 2 45 46 38 29 39 34 37 19 35 27 10 4 49 21 5 28 32 11 18 
50 8 27 43 19 38 16 4 17 13 34 22 35 9 12 48 30 20 36 49 1 10 46 29 45 24 44 15 47 41 33 21 40 18 11 2 28 25 37 6 3 14 31 39 5 32 26 7 23 42 50 
50 15 9 1 7 18 26 19 16 21 38 23 11 43 46 6 30 49 14 32 22 13 34 5 28 20 50 8 27 3 44 40 42 41 37 48 4 2 17 47 10 24 36 25 35 45 39 31 29 12 33 
50 32 35 30 40 11 44 3 45 7 29 16 15 13 26 2 5 38 1 46 17 6 48 41 19 43 50 49 4 47 27 12 24 34 25 21 22 39 28 8 31 37 33 42 23 20 10 36 14 18 9 
50 32 4 20 7 49 28 26 15 24 11 29 12 41 17 14 43 19 8 40 34 48 46 23 35 1 2 36 45 6 5 37 30 38 31 47 44 16 3 13 25 39 9 42 22 18 33 50 21 10 27 
50 7 23 28 35 50 32 24 10 34 31 36 38 29 27 47 5 2 18 8 37 1 12 25 17 49 19 39 26 6 20 11 48 9 13 40 22 15 45 3 16 42 41 46 4 33 14 21 44 43 30 
50 22 47 18 7 38 20 19 45 27 32 46 40 29 4 24 34 8 21 15 36 49 30 44 28 48 41 3 1 5 31 16 33 17 50 42 14 39 43 6 25 13 26 37 12 11 10 35 2 9 23 
50 33 38 8 15 5 35 34 1 16 46 23 29 26 14 44 3 12 28 9 31 39 36 30 32 6 25 13 10 18 20 4 21 42 43 7 48 2 41 27 11 19 45 17 49 22 37 47 40 24 50 
50 1 6 35 31 9 15 46 23 50 29 48 34 41 2 40 12 42 22 18 13 11 8 30 28 43 25 47 49 7 19 26 4 5 3 21 17 45 37 36 27 10 14 32 24 39 38 33 20 16 44 
50 15 23 4 19 1 47 43 22 36 29 48 30 37 21 38 24 44 20 27 10 45 8 49 5 14 7 32 42 41 33 2 39 3 6 13 28 12 16 26 34 17 9 31 46 40 11 50 25 18 35 
50 25 12 29 28 5 11 50 40 41 23 39 19 9 13 3 15 2 20 14 6 36 46 45 34 27 7 43 24 22 31 42 49 10 30 37 16 33 17 38 8 1 35 47 32 48 44 21 18 26 4 
50 3 8 4 18 12 39 36 42 49 14 23 47 11 30 34 7 27 2 38 35 45 20 46 28 15 19 25 31 5 16 9 1 44 17 33 6 10 13 22 32 48 50 29 26 41 37 40 43 21 24 
50 35 18 9 28 17 19 16 30 11 38 40 31 24 8 10 22 15 1 27 21 32 39 46 50 20 36 47 5 45 12 6 2 48 23 42 44 33 29 37 43 14 26 41 4 3 7 49 13 34 25 
50 2 26 8 5 29 50 31 16 12 22 37 9 47 24 48 43 41 25 17 20 34 35 38 10 39 23 6 1 45 42 18 21 14 27 32 30 3 44 13 40 46 36 33 28 7 4 11 49 15 19 
50 27 9 7 50 24 19 44 11 3 8 36 18 23 35 32 28 42 2 20 14 45 40 4 37 16 34 38 29 26 41 31 39 33 6 15 47 30 12 46 1 21 5 48 49 13 17 22 10 25 43 
50 37 36 23 29 2 19 42 17 27 28 6 26 34 40 3 50 46 45 33 11 32 48 15 49 12 30 8 38 21 47 35 10 1 9 25 4 41 20 44 39 16 22 43 13 18 5 31 7 14 24 
50 50 44 34 24 29 26 41 46 23 37 11 13 3 47 10 25 1 15 40 8 17 32 39 16 28 48 49 9 12 20 5 38 35 43 7 42 21 36 4 31 30 45 18 33 2 6 22 27 19 14 
50 1 13 41 14 23 40 2 17 48 3 31 44 50 35 22 46 39 9 37 4 30 25 15 19 7 11 34 27 47 26 49 18 5 33 29 6 8 21 16 24 32 38 45 43 36 10 12 20 28 42 
50 7 32 5 24 17 4 47 22 44 35 10 21 16 41 12 43 25 28 27 31 23 6 14 19 36 39 9 18 1 34 45 37 26 40 2 42 13 49 3 46 15 20 38 29 30 8 11 50 33 48 
50 40 30 41 42 10 47 16 49 13 11 17 14 50 24 26 33 46 28 1 8 7 34 4 19 44 35 36 25 43 2 48 39 18 5 3 23 12 15 31 45 21 6 9 29 32 22 27 37 38 20 
50 36 15 34 24 13 40 6 38 22 19 10 35 45 26 8 12 49 7 30 5 48 16 41 27 17 14 9 46 37 39 33 29 4 47 42 50 25 28 2 44 11 3 31 20 43 18 32 21 23 1 
50 3 49 32 41 25 1 15 42 9 35 11 37 31 24 21 43 26 18 27 34 8 44 5 36 40 6 17 4 45 50 13 39 33 14 20 2 28 30 10 22 29 19 7 46 23 48 38 47 16 12 
50 27 39 32 14 50 16 47 4 21 24 23 44 45 3 31 12 42 10 49 48 37 46 9 34 30 11 8 33 29 22 18 43 25 40 1 26 15 35 28 6 36 5 17 41 2 20 7 38 19 13 
50 9 37 40 24 45 5 32 36 21 17 6 16 22 46 33 30 2 42 15 50 27 8 44 18 31 29 19 28 43 38 1 12 34 48 13 3 39 20 47 26 11 25 23 35 10 49 41 14 4 7 
50 36 23 44 38 17 47 41 14 34 19 2 5 12 6 22 15 9 7 30 35 26 27 33 49 4 21 40 16 32 8 1 50 45 42 24 46 28 39 3 29 43 10 37 20 13 31 11 25 18 48 
50 18 11 27 26 17 45 25 46 9 22 35 42 4 37 3 31 33 48 41 49 7 47 21 38 36 29 24 13 8 15 19 16 44 20 14 1 5 50 30 23 34 6 43 12 10 28 2 39 40 32 
50 4 23 40 44 47 17 15 12 5 28 10 26 29 37 30 11 42 49 32 18 19 2 16 39 48 36 6 21 22 45 43 35 50 34 7 31 20 8 3 27 24 41 14 38 1 25 13 46 33 9 
50 23 25 12 14 42 21 34 30 38 50 13 45 6 40 43 49 36 5 41 31 18 44 9 4 3 8 10 2 16 33 15 28 32 37 17 47 24 26 7 1 46 11 22 39 20 35 19 48 27 29 
50 2 21 35 44 40 24 26 33 8 4 22 17 31 18 25 12 10 43 27 19 1 16 29 20 23 34 48 14 36 46 37 28 39 7 38 5 50 30 13 15 3 6 41 9 42 45 49 47 11 32 
50 1 47 31 33 48 30 50 4 37 13 8 9 16 27 10 28 32 42 18 21 38 6 12 49 40 41 19 43 45 2 17 11 29 5 34 23 14 36 46 25 26 7 20 24 3 44 39 15 35 22 
50 32 1 9 43 13 41 14 20 33 36 2 40 46 15 28 11 44 47 23 22 29 26 5 16 42 18 4 39 37 48 35 25 10 19 50 30 7 6 24 38 8 21 49 34 31 45 27 17 3 12 
50 11 39 22 31 20 5 4 12 33 19 25 27 40 18 46 42 50 47 43 41 3 23 36 8 6 17 48 38 49 7 13 44 1 10 2 45 24 9 26 28 34 21 37 14 35 15 29 30 32 16 
50 4 17 42 8 31 3 40 14 18 21 46 7 6 39 45 23 35 47 9 10 15 16 50 19 30 22 5 41 11 26 27 37 38 33 12 28 49 20 1 36 24 43 48 44 13 2 29 25 34 32 
50 25 49 2 42 14 1 18 10 3 12 30 23 41 16 40 24 45 48 47 22 13 21 5 6 8 32 38 27 33 26 20 50 44 39 28 34 35 7 31 29 37 4 36 15 11 46 17 19 43 9 
50 37 23 29 15 12 33 8 41 39 34 19 48 46 44 49 47 24 7 50 3 11 6 9 32 14 1 27 4 38 42 30 31 22 5 10 20 16 36 35 13 26 21 17 43 2 28 40 18 45 25 
50 21 2 4 39 11 44 23 19 6 37 35 1 10 47 45 12 27 24 15 30 31 13 40 38 8 7 26 14 41 32 22 29 49 33 5 50 34 18 17 43 9 3 16 25 46 48 20 36 42 28 
50 19 39 2 13 7 18 32 10 26 42 36 46 44 40 25 47 50 12 24 4 17 49 6 20 5 22 43 23 35 31 33 30 29 27 37 16 21 11 28 41 48 14 15 8 1 45 9 38 3 34 
50 23 24 43 14 3 7 36 30 50 40 33 22 17 19 29 16 49 31 5 41 11 27 26 44 9 18 20 37 2 12 35 6 4 28 21 34 10 48 42 45 47 39 15 8 25 13 1 32 38 46 
50 2 8 20 32 47 23 36 46 9 11 49 27 35 48 15 18 41 50 43 10 33 17 13 3 37 29 42 14 28 38 22 39 30 7 4 40 26 45 19 21 25 31 6 44 16 34 5 1 12 24 
50 26 41 28 35 45 7 50 47 25 17 10 21 49 27 15 22 38 18 3 2 1 46 8 31 9 20 48 37 36 44 13 39 5 29 43 19 32 12 34 30 24 11 23 42 33 6 16 4 40 14 
50 20 18 9 1 41 43 39 4 25 16 12 24 40 28 13 44 38 8 22 30 32 34 48 23 33 3 29 15 26 14 47 36 35 5 17 2 6 7 49 27 37 10 46 42 31 11 50 21 45 19 
50 25 12 34 8 28 35 20 47 31 1 15 24 4 48 41 33 14 44 21 6 2 22 42 36 27 49 5 40 39 30 7 45 3 9 11 16 17 26 18 32 13 38 43 19 23 46 10 37 29 50 
50 45 13 6 30 19 33 40 20 26 44 46 32 27 16 22 36 3 48 5 47 34 18 25 50 8 29 39 38 7 10 14 4 43 24 17 42 41 15 31 21 9 2 35 37 49 12 23 11 28 1 
50 8 12 23 10 11 35 22 38 41 17 27 50 44 26 20 30 19 40 42 5 4 18 2 3 33 15 25 31 16 32 45 7 37 46 28 21 24 43 36 6 9 47 34 49 48 14 39 13 29 1 
50 47 39 40 35 15 7 3 2 4 8 36 34 43 41 50 5 48 49 20 33 37 30 11 28 23 45 9 12 38 18 16 6 31 14 24 17 21 32 42 26 19 13 27 46 29 1 25 22 44 10 
50 33 26 25 1 44 23 50 38 5 37 9 48 49 20 24 21 46 29 27 41 13 11 14 32 40 2 10 35 4 42 31 47 30 3 17 45 6 12 8 7 22 16 34 28 43 18 39 36 19 15 
50 11 31 34 7 43 2 8 41 44 33 38 21 30 17 25 46 14 13 36 16 45 22 35 28 12 24 48 5 15 47 27 32 37 29 49 3 9 42 19 18 1 39 50 6 23 4 26 40 20 10 
50 20 8 28 34 31 14 5 18 15 25 47 22 30 21 13 6 27 48 24 35 11 19 36 46 12 42 16 26 32 29 23 43 41 44 40 50 4 2 49 45 7 39 10 9 1 37 38 33 3 17 
50 38 12 17 15 1 36 39 3 49 9 4 28 35 47 34 2 14 29 48 13 42 40 23 31 44 46 16 32 24 26 43 37 6 10 30 18 11 50 5 20 33 22 7 27 21 45 41 25 8 19 
50 13 7 26 36 46 43 17 28 8 33 23 29 18 3 30 16 27 2 50 5 11 10 34 15 9 1 35 37 4 47 41 25 38 20 42 12 6 21 24 44 49 19 22 45 48 14 40 32 31 39 
50 18 21 31 47 20 29 46 37 40 32 25 45 48 44 7 9 41 11 1 42 49 2 36 27 26 8 16 4 15 43 12 33 28 38 24 17 19 13 30 6 5 3 10 39 14 23 35 22 34 50 
50 23 10 3 34 33 45 9 41 22 43 17 35 36 4 21 30 20 37 40 47 27 38 12 31 24 19 29 48 2 32 39 5 13 28 42 7 8 46 44 49 1 14 11 18 15 25 6 26 16 50 
50 35 36 23 37 33 5 30 11 46 26 32 13 43 28 16 25 44 45 9 19 48 21 20 24 41 40 39 38 22 49 14 27 15 17 7 2 8 50 29 42 4 1 31 6 12 47 34 18 10 3 
50 48 30 40 6 25 22 36 24 19 15 13 32 33 18 8 34 3 41 42 23 16 2 1 27 17 26 44 7 21 10 49 14 39 11 38 47 50 28 37 45 12 5 4 9 31 43 46 20 29 35 
50 49 19 17 40 20 48 34 30 43 36 27 3 15 29 4 39 6 11 31 10 22 33 38 9 25 21 32 7 42 14 16 18 35 24 23 28 13 46 50 47 41 26 45 1 2 37 44 12 8 5 
50 5 10 46 42 14 4 39 30 34 37 18 25 26 31 7 19 29 13 28 23 43 27 38 1 24 2 49 12 44 48 17 15 9 33 45 16 20 41 32 40 22 36 47 6 8 3 21 50 11 35 
50 3 32 48 27 41 50 6 2 14 10 16 47 23 44 1 24 17 30 33 43 21 18 37 35 34 11 7 5 26 9 40 4 20 29 31 22 38 39 19 13 36 12 45 8 25 46 42 15 28 49 
50 10 21 27 45 33 44 30 5 13 31 24 34 14 3 25 4 8 40 19 18 37 50 29 38 36 47 11 43 46 17 35 2 22 15 7 39 12 41 32 49 42 23 9 6 16 26 28 48 1 20 
50 19 21 46 49 25 18 3 42 2 50 32 28 20 40 9 33 39 34 41 37 16 4 30 11 1 12 5 23 22 7 36 10 17 43 45 38 29 35 44 15 14 48 13 24 27 47 6 26 8 31 
50 31 7 3 40 38 48 50 23 5 37 12 8 34 1 46 21 33 32 24 49 14 28 4 2 35 25 29 22 26 41 9 30 43 27 11 6 20 10 39 17 44 15 42 18 13 36 16 45 19 47 
50 12 26 2 34 48 15 37 30 8 4 13 18 29 46 24 39 16 44 21 38 19 32 22 3 35 9 6 50 5 31 10 36 28 41 49 33 27 43 25 20 40 14 11 42 7 23 1 47 17 45 
50 50 27 9 31 1 13 17 40 34 43 15 2 39 11 7 20 10 25 24 16 12 14 28 29 38 4 18 35 8 37 23 36 19 30 33 46 5 45 21 47 44 26 3 6 49 48 32 22 41 42 
50 12 41 44 29 45 32 21 34 2 36 43 48 37 15 47 4 28 50 17 5 46 8 24 42 19 23 22 16 1 30 6 20 33 25 10 14 39 9 40 26 7 49 13 11 3 18 27 38 35 31 
50 27 37 30 11 3 1 7 32 28 35 19 24 2 36 23 41 9 38 14 29 4 50 43 49 8 18 39 47 13 48 22 45 10 16 25 40 46 34 44 6 31 5 15 17 33 26 20 12 42 21 
50 19 15 24 21 36 17 39 34 3 48 47 4 40 12 6 20 29 28 1 37 41 42 32 30 13 22 25 7 9 33 50 16 43 44 11 45 26 31 2 46 18 14 5 27 49 10 38 8 35 23 
50 2 43 36 23 24 10 48 26 32 22 39 28 17 38 50 29 20 21 1 19 31 4 41 33 44 15 49 30 3 14 25 27 8 47 7 35 11 5 9 6 16 12 46 34 42 18 45 40 37 13 
50 29 22 1 26 35 16 50 31 38 9 7 2 41 17 24 44 28 37 32 12 5 42 36 39 20 34 30 27 10 8 4 6 21 45 19 49 48 14 47 11 15 23 3 46 40 25 43 33 18 13 
50 20 17 42 49 4 16 11 29 19 50 24 34 44 45 7 3 37 43 31 41 21 28 30 9 26 22 35 27 23 12 18 38 47 40 48 13 8 32 46 39 25 2 33 36 10 5 6 14 15 1 
50 17 38 31 48 11 2 46 5 24 43 47 1 19 29 6 23 37 41 12 20 21 14 15 34 50 9 36 4 3 7 10 27 42 26 35 30 44 49 33 13 39 28 18 32 16 45 25 40 22 8 
50 49 39 4 24 48 19 23 45 10 20 18 13 38 6 12 31 3 1 5 2 29 15 36 25 17 42 47 7 37 32 44 8 30 46 16 11 43 35 26 41 22 27 21 9 33 50 28 14 40 34 
50 41 11 17 1 2 32 40 3 8 14 19 39 44 22 27 25 47 12 31 15 36 23 5 34 33 29 16 4 42 37 38 48 9 49 28 6 10 24 46 45 13 35 43 7 21 30 26 20 50 18 
50 20 42 43 12 17 33 44 36 3 30 40 24 22 8 25 4 28 49 41 29 21 47 6 11 48 19 46 16 31 34 13 15 2 35 45 7 37 50 26 1 27 5 18 9 32 10 14 23 38 39 
50 16 45 36 7 35 48 37 33 46 41 4 40 18 47 42 8 19 39 12 25 22 32 1 29 14 44 30 3 26 2 5 27 28 11 24 23 38 15 21 20 13 17 34 50 49 10 6 9 43 31 
50 45 42 40 2 33 41 6 48 11 13 17 3 50 15 30 36 12 44 7 19 20 28 32 26 10 18 1 46 29 25 21 22 14 5 34 16 38 27 31 8 43 23 39 37 35 49 9 47 4 24 
50 10 22 17 9 42 39 16 44 25 27 31 35 20 11 23 7 4 29 30 26 19 46 3 49 33 50 32 40 8 12 6 14 37 48 36 34 21 5 13 43 24 15 1 38 2 41 47 18 45 28 
50 27 1 26 28 16 2 50 20 35 3 39 42 13 23 11 47 34 38 24 30 14 45 46 21 31 49 9 4 48 22 32 10 44 37 19 12 25 36 17 5 8 6 43 15 33 29 41 18 40 7 
50 45 8 26 4 40 9 36 3 42 10 29 30 20 49 11 7 6 47 32 22 17 43 12 15 2 5 31 35 48 18 50 38 1 25 39 24 28 21 46 14 37 13 44 23 33 19 41 34 27 16 
50 5 10 12 19 7 15 33 43 48 30 29 41 20 39 18 35 42 26 16 1 2 11 32 44 36 4 21 38 24 31 47 49 37 13 3 8 14 46 23 34 25 45 50 6 28 22 27 9 40 17 
50 30 39 46 12 44 43 42 6 25 38 27 5 50 35 32 14 31 22 41 3 1 2 36 15 45 37 48 33 26 8 28 19 49 16 7 40 24 13 9 29 34 4 21 11 47 17 20 10 23 18 
50 32 5 49 9 29 17 20 34 21 28 45 2 27 14 19 12 41 11 22 35 43 24 23 30 40 46 36 26 16 31 38 33 37 50 25 48 8 6 39 18 4 15 3 1 10 47 13 42 7 44 
50 14 37 35 20 49 42 18 31 8 24 28 7 50 40 41 45 2 38 27 9 10 33 29 34 22 3 16 12 46 48 11 19 6 43 39 44 21 1 30 17 47 26 5 36 15 4 25 32 23 13 
50 50 23 40 14 45 30 33 46 4 9 24 34 41 18 39 21 5 1 42 31 44 22 48 20 11 35 43 37 16 13 3 8 17 47 12 25 26 7 27 15 6 2 19 49 28 10 32 36 29 38 
50 49 16 30 47 26 8 15 43 34 13 40 28 7 29 37 21 36 33 23 10 50 48 1 45 35 32 22 24 17 3 25 44 46 38 42 41 5 19 4 39 11 27 6 12 14 31 20 9 18 2 
50 17 36 16 25 39 28 14 26 12 47 27 22 1 9 7 24 15 48 29 37 32 19 45 41 3 8 34 30 38 21 13 40 35 11 31 4 5 6 44 33 18 42 20 43 50 23 10 49 2 46 
50 35 50 12 40 43 44 48 8 49 15 1 13 21 18 16 36 17 10 4 27 34 11 24 14 32 37 3 45 2 38 39 42 22 41 7 20 23 9 26 47 30 29 33 19 31 28 5 6 46 25 
50 18 7 24 23 48 6 38 3 22 9 21 47 34 14 36 1 49 32 46 39 17 50 45 25 40 35 4 5 10 30 27 44 37 43 26 11 13 16 33 2 19 41 29 42 28 8 31 20 12 15 
50 47 37 46 25 24 4 9 28 7 34 38 3 12 8 50 36 6 20 33 42 29 41 26 48 39 19 1 5 43 44 11 14 30 16 17 35 32 2 22 45 23 21 15 31 40 49 18 10 13 27 
50 15 26 38 11 7 25 9 23 21 4 44 49 48 24 5 34 17 28 12 22 32 45 8 43 27 50 40 16 47 2 14 36 35 20 31 41 19 10 3 13 1 6 30 33 37 18 46 29 39 42 
50 42 24 20 29 13 25 50 37 4 35 12 49 21 40 23 34 19 47 2 5 32 46 7 8 3 17 43 6 28 48 9 18 44 38 27 33 1 22 10 15 11 31 39 30 41 26 16 14 36 45 
50 31 14 36 29 19 11 32 3 9 33 6 2 16 39 22 1 15 8 13 20 48 23 10 7 18 37 27 47 45 50 25 40 26 49 24 44 43 34 4 42 17 5 38 21 35 30 41 12 28 46 
50 24 27 21 33 47 23 20 32 38 13 10 7 1 36 31 6 46 45 29 39 35 15 25 16 43 18 9 50 8 42 2 14 3 40 34 30 4 11 12 44 22 49 48 37 19 41 28 26 5 17 
50 15 32 42 50 20 28 6 12 48 27 5 1 22 35 36 11 16 38 39 9 18 40 7 34 17 33 19 41 46 29 45 23 47 43 26 2 3 21 14 31 37 13 44 24 25 4 49 8 10 30 
50 6 36 27 28 29 47 18 23 7 37 3 8 10 11 25 14 39 4 50 48 17 40 1 21 33 24 15 20 30 45 12 9 16 2 31 43 22 49 26 34 5 32 19 42 41 46 44 35 13 38 
50 42 35 40 45 14 12 11 23 44 38 15 39 1 3 49 2 31 19 22 24 17 37 13 47 18 30 29 6 36 10 16 8 48 28 32 50 43 46 4 26 27 25 34 7 33 20 5 21 9 41 
50 15 7 16 4 8 19 22 2 18 43 26 28 31 32 40 3 23 41 42 35 33 5 17 38 45 21 49 29 44 1 12 24 20 13 27 46 11 39 48 25 14 37 6 10 47 36 30 34 50 9 
50 14 26 27 31 24 33 39 16 22 46 30 38 32 23 43 48 28 2 19 29 13 20 49 8 37 36 9 6 25 7 4 11 17 42 47 10 3 44 35 50 41 15 12 18 1 45 5 40 34 21 
50 5 46 2 28 14 9 30 45 7 40 42 27 22 37 41 50 3 18 6 20 33 43 8 15 13 4 36 47 10 32 23 49 19 39 34 31 24 17 35 44 48 21 16 26 38 11 1 25 29 12 
50 23 6 48 9 38 18 47 8 7 37 14 15 12 16 1 28 35 25 21 17 2 20 5 40 13 3 43 45 32 46 31 33 39 50 34 19 29 41 44 36 30 27 4 42 11 49 10 26 24 22 
