50
50 21 39 18 38 26 11 19 4 17 40 46 10 5 30 32 15 29 3 37 48 20 13 25 24 6 2 47 28 41 23 1 42 22 33 31 49 27 35 14 45 34 8 7 9 44 16 36 50 12 43 
50 13 5 36 49 16 12 9 42 21 45 3 33 14 7 41 32 28 20 31 11 43 35 29 23 6 44 39 26 18 22 4 34 27 17 46 19 10 47 40 24 25 50 8 2 1 38 37 30 48 15 
50 34 46 2 25 41 30 42 23 45 17 40 7 9 14 35 36 16 26 8 11 32 27 19 50 31 38 43 21 22 47 10 6 3 37 44 49 5 4 18 1 15 33 48 39 28 29 13 12 20 24 
50 27 20 18 22 36 43 3 13 49 38 31 47 15 12 10 35 6 37 44 28 25 41 40 46 45 48 24 7 2 26 19 11 9 8 29 17 16 30 23 1 4 50 32 21 42 5 34 39 14 33 
50 5 10 50 2 19 14 35 16 47 7 33 41 34 49 38 4 40 22 13 29 11 12 15 46 18 28 25 17 44 1 8 30 37 42 24 6 36 31 43 39 32 23 21 9 27 20 48 26 45 3 
50 47 49 7 19 33 26 39 12 37 2 27 15 18 11 9 41 22 14 5 50 16 42 25 34 13 29 28 31 23 32 38 1 20 30 21 36 4 40 17 24 44 6 35 43 48 3 8 10 45 46 
50 50 9 28 40 20 23 45 8 13 46 11 42 15 25 44 48 22 6 37 5 36 34 26 2 4 19 33 10 41 21 32 7 14 18 30 39 31 49 17 29 1 35 47 12 3 38 27 43 16 24 
50 4 29 24 42 28 34 35 40 12 50 1 41 3 48 44 15 45 38 8 20 17 18 37 39 27 36 33 14 43 26 23 21 9 31 25 16 49 13 6 2 5 10 32 7 47 30 11 19 22 46 
50 7 14 41 34 21 33 11 9 18 39 6 36 47 13 24 35 28 10 42 37 46 20 17 22 23 1 19 2 12 30 50 44 38 43 8 5 27 45 3 25 16 32 49 48 29 15 4 40 26 31 
50 49 27 43 44 26 2 34 42 33 14 13 12 41 48 50 28 7 23 47 22 36 17 24 11 6 31 29 40 46 20 18 3 9 1 15 25 19 16 37 30 39 32 10 38 8 21 35 5 4 45 
50 10 32 29 18 50 3 31 13 37 43 33 28 26 24 19 39 15 44 35 22 1 8 9 42 7 25 48 6 49 34 12 14 36 46 38 4 40 16 2 11 47 30 17 27 5 21 41 20 23 45 
50 13 30 15 7 44 36 34 21 50 46 17 2 14 19 47 5 28 18 9 45 23 3 35 6 39 16 41 24 22 1 10 33 12 37 29 20 42 25 43 48 4 38 8 31 32 26 40 49 27 11 
50 13 35 9 1 2 19 20 44 12 26 5 22 33 30 24 46 49 38 11 23 7 17 16 39 36 8 50 27 42 4 45 40 15 10 28 31 41 21 47 48 32 29 3 34 18 37 6 14 25 43 
50 29 23 1 9 2 26 21 33 35 34 20 50 28 14 24 38 4 22 13 48 42 36 46 31 5 32 16 17 41 39 11 12 37 3 6 40 25 43 27 8 15 47 10 44 30 49 7 19 18 45 
50 47 29 20 48 28 49 16 9 44 36 5 7 21 4 8 26 30 15 23 46 17 38 1 13 35 19 2 14 50 22 32 42 25 3 12 18 41 27 31 6 24 43 37 40 10 34 11 45 33 39 
50 34 13 15 27 40 24 42 30 21 35 33 10 37 18 20 11 38 23 26 4 44 32 12 36 28 47 1 31 2 8 19 46 22 9 29 16 43 3 45 6 39 50 14 48 41 49 5 7 25 17 
50 7 8 43 23 6 37 9 34 19 17 5 31 24 22 12 15 40 4 49 38 21 1 27 2 35 18 11 3 48 29 20 46 26 16 32 41 28 42 14 45 36 47 39 25 33 30 13 50 44 10 
50 44 34 32 4 15 24 5 17 13 16 46 23 1 31 12 26 3 47 42 9 50 28 40 37 10 2 25 39 20 29 45 27 35 41 11 22 30 48 36 43 8 18 7 33 21 19 14 6 38 49 
50 25 20 46 12 11 38 18 50 41 49 47 44 16 14 28 36 42 8 2 15 23 4 6 1 9 32 33 37 40 10 45 29 13 3 30 27 19 21 39 43 17 5 35 31 22 34 48 26 24 7 
50 34 42 13 28 24 46 19 38 30 29 18 7 21 23 49 15 5 47 31 20 39 36 45 48 9 11 41 1 12 35 40 37 14 6 16 25 17 10 4 2 50 8 44 26 32 3 33 43 22 27 
50 23 2 25 28 42 16 7 14 41 47 45 20 19 21 46 49 27 5 11 37 24 44 31 39 4 12 32 38 6 33 29 43 22 36 50 1 3 35 9 8 26 13 17 15 48 40 34 30 18 10 
50 20 3 2 26 46 28 36 48 4 47 31 7 19 17 42 34 37 12 21 30 27 1 44 9 23 14 25 38 41 18 45 49 33 43 39 5 15 40 6 11 35 10 50 32 16 8 13 29 22 24 
50 13 15 12 31 30 33 47 39 38 3 35 16 9 32 26 24 1 22 20 4 23 37 44 5 8 25 17 27 46 2 29 6 40 49 28 19 7 48 45 41 42 14 21 10 36 43 11 34 50 18 
50 9 37 6 15 17 40 10 45 46 43 8 22 23 48 32 27 44 1 39 13 2 26 47 41 36 49 25 35 34 3 20 38 31 18 21 30 11 24 28 42 33 19 50 16 4 14 12 29 5 7 
50 25 33 35 30 15 27 11 2 44 19 41 16 5 6 13 46 39 9 1 31 23 37 14 48 49 47 24 18 34 26 12 21 38 40 50 45 8 43 7 20 32 3 29 17 10 28 22 36 4 42 
50 49 30 29 12 37 8 19 15 25 50 21 43 42 34 2 10 3 39 26 38 31 11 32 14 41 6 5 9 45 16 24 46 20 7 4 36 44 18 48 1 40 33 47 23 35 27 17 28 13 22 
50 37 29 26 47 8 20 36 1 17 45 23 28 34 10 4 35 33 43 42 13 14 18 2 44 11 21 40 48 50 6 46 25 9 39 49 24 22 31 3 15 38 12 16 7 5 30 19 41 27 32 
50 27 10 33 42 17 43 22 11 49 39 13 12 24 1 50 35 37 34 26 40 3 6 32 7 4 29 15 30 25 20 28 45 5 19 36 48 38 31 9 23 18 2 21 44 8 14 46 41 47 16 
50 26 10 45 11 2 8 48 12 29 42 40 31 17 28 33 20 21 32 50 37 25 18 13 5 38 39 30 36 46 27 49 3 34 22 24 35 7 23 44 4 19 47 1 41 43 16 14 15 6 9 
50 27 36 23 49 15 13 2 21 12 9 17 47 32 38 50 41 20 45 34 39 42 29 22 33 43 31 40 25 44 4 8 35 19 28 3 6 16 26 11 7 18 14 10 48 37 1 30 24 46 5 
50 29 27 6 37 12 1 34 7 8 20 32 30 14 49 40 11 42 10 28 4 33 19 21 17 2 5 47 38 9 25 44 13 36 18 22 31 46 26 48 41 45 23 50 16 35 15 39 43 24 3 
50 25 29 1 35 3 24 30 8 5 7 33 48 2 26 13 28 41 11 14 32 39 19 46 42 18 50 27 34 36 40 15 45 49 6 17 4 47 10 22 21 38 20 31 9 37 12 43 44 16 23 
50 36 18 5 40 1 23 13 22 39 43 17 29 6 37 45 10 24 46 11 3 49 41 35 12 32 28 48 15 9 20 19 33 16 25 7 44 42 21 14 26 8 31 38 30 27 50 47 4 2 34 
50 11 12 9 1 13 16 46 33 7 40 18 2 5 27 39 24 35 23 43 45 15 48 6 17 32 20 49 37 26 41 47 19 21 50 25 29 22 30 44 38 36 10 14 42 31 8 4 34 3 28 
50 24 35 13 40 26 42 50 31 46 36 12 16 5 15 22 32 49 9 43 10 38 18 14 34 23 17 21 39 25 44 8 6 2 30 27 33 4 28 7 3 37 48 45 41 20 1 19 29 47 11 
50 28 18 29 35 13 20 27 39 41 16 2 3 44 42 22 7 21 48 38 40 31 4 26 32 17 46 10 24 37 14 36 6 30 25 49 33 8 23 12 11 15 34 5 19 50 1 47 43 9 45 
50 28 40 14 4 29 18 12 1 16 13 32 17 8 49 35 25 45 43 41 22 15 38 5 24 39 31 19 20 10 9 34 37 47 6 2 27 50 11 33 30 42 48 3 46 26 44 7 21 23 36 
50 40 3 14 41 5 16 22 24 33 42 1 31 29 49 43 11 48 8 26 4 28 45 27 12 7 39 37 18 46 30 19 20 38 2 10 36 17 44 9 35 21 23 6 15 13 47 32 25 34 50 
50 18 3 35 45 9 13 5 1 14 40 30 27 19 43 17 38 12 21 2 46 10 32 41 49 50 47 22 6 7 48 39 37 29 20 28 16 36 34 23 31 15 44 11 42 25 8 4 24 33 26 
50 39 21 27 24 16 19 41 11 34 46 48 33 22 3 17 13 47 10 30 18 35 15 5 44 2 42 32 6 40 38 36 1 25 7 29 12 31 14 26 4 37 28 9 43 8 45 50 49 23 20 
50 15 5 33 48 46 35 25 40 9 10 44 38 37 13 39 30 50 7 12 26 42 2 31 19 29 21 11 41 43 3 20 49 6 18 36 32 14 24 8 47 17 45 22 16 23 34 28 1 27 4 
50 31 34 13 27 44 21 15 43 30 41 42 24 14 26 23 6 10 19 38 35 25 18 50 46 20 4 33 9 48 29 47 12 45 32 11 3 17 49 39 28 1 37 8 2 40 16 5 22 36 7 
50 1 20 35 37 25 45 49 32 28 24 40 41 2 27 3 43 8 16 9 31 50 33 26 17 30 36 4 42 38 15 11 10 44 29 39 14 47 34 48 7 21 22 13 12 5 46 19 6 23 18 
50 40 26 42 36 27 11 23 44 9 13 22 12 38 1 43 8 24 7 32 18 37 6 16 2 20 5 25 34 45 10 15 46 33 3 50 19 31 14 4 39 30 49 17 28 21 48 41 47 35 29 
50 4 24 37 14 38 31 25 19 22 3 9 50 15 10 26 2 23 46 6 48 16 7 21 33 5 30 36 42 45 11 35 8 13 12 17 27 47 1 28 49 44 29 43 34 18 20 41 40 32 39 
50 25 11 4 20 45 41 12 47 17 36 6 49 40 16 8 39 42 18 28 3 7 32 22 35 38 19 31 29 27 33 26 34 43 13 14 9 50 48 37 1 10 21 44 23 24 15 2 30 46 5 
50 3 50 40 47 48 17 42 21 41 9 4 23 25 39 35 34 7 20 1 14 46 36 37 24 10 29 8 5 12 11 31 2 15 49 43 18 13 32 45 16 28 44 6 26 19 38 22 27 30 33 
50 48 45 46 40 25 38 2 6 33 39 20 47 35 44 1 31 28 41 27 43 16 9 37 17 50 11 13 29 22 30 3 5 8 36 49 23 15 26 32 21 24 7 12 10 34 19 18 14 42 4 
50 29 8 6 39 30 13 25 3 26 1 35 44 40 38 31 36 17 42 45 4 10 21 7 23 14 19 11 49 43 12 41 46 9 2 22 24 20 33 16 28 18 47 34 27 37 50 15 5 32 48 
50 23 31 33 35 17 43 16 37 21 25 27 46 41 40 4 14 34 5 28 9 8 47 26 38 15 6 1 22 49 44 24 12 18 50 3 10 45 32 2 20 29 7 11 48 36 39 19 30 13 42 
50 29 23 8 4 20 26 45 3 19 32 42 12 39 11 41 46 14 50 13 6 9 33 38 30 22 18 47 36 48 17 43 49 34 44 24 5 7 16 31 27 35 2 10 25 1 21 15 40 28 37 
50 30 48 50 15 22 42 3 27 8 49 20 19 40 14 44 2 10 29 11 5 26 31 16 17 4 25 43 39 23 47 36 6 33 18 9 7 13 41 1 34 12 46 37 24 38 32 35 21 45 28 
50 45 20 40 32 42 13 12 37 38 8 16 44 14 35 48 47 41 19 39 22 25 49 36 4 50 43 23 11 33 2 28 18 3 6 10 46 26 30 24 27 7 5 21 34 1 31 15 29 17 9 
50 22 29 4 32 15 16 38 39 7 34 44 17 19 24 46 31 14 43 21 40 28 5 25 33 49 11 45 10 2 8 37 20 1 26 42 9 41 23 3 18 47 12 48 35 50 36 13 30 27 6 
50 42 17 19 18 30 23 32 43 21 46 4 47 40 8 29 27 36 48 16 22 13 11 10 49 2 31 9 7 3 20 45 44 28 50 37 33 1 34 12 26 41 38 5 35 24 25 6 15 14 39 
50 49 50 43 30 33 22 39 26 1 6 20 36 17 18 16 14 3 29 24 27 11 32 19 12 28 13 46 21 37 9 4 41 48 38 40 2 44 23 7 42 45 8 47 34 5 15 31 10 25 35 
50 17 46 42 28 27 12 48 18 15 10 25 49 9 21 2 44 50 1 24 34 41 39 5 8 14 36 38 33 22 19 31 20 13 37 29 23 6 4 43 35 3 32 45 30 47 26 7 16 40 11 
50 3 9 49 19 24 1 17 26 27 41 15 8 28 11 36 50 31 46 10 42 48 18 6 21 25 40 32 12 16 29 37 13 34 5 47 2 43 23 44 22 45 38 39 30 33 7 35 14 4 20 
50 2 5 32 9 33 35 37 46 27 23 38 6 48 42 29 17 36 10 28 8 39 30 3 43 1 18 49 16 7 15 45 25 26 24 50 34 47 31 12 22 44 13 41 11 4 21 14 40 19 20 
50 27 25 24 4 42 35 48 41 18 30 1 10 16 14 28 39 2 26 20 8 43 45 34 21 50 31 29 23 11 12 32 17 44 33 9 36 6 7 37 49 22 19 13 5 38 46 15 3 40 47 
50 36 20 42 16 15 26 1 14 27 24 3 47 40 30 45 19 38 9 49 8 12 50 13 6 37 39 48 7 21 18 46 25 4 22 35 28 2 11 5 23 29 10 41 44 17 34 31 43 32 33 
50 34 39 45 18 13 27 6 15 4 35 29 46 31 28 19 24 20 11 50 14 47 30 40 48 23 25 43 16 9 38 17 10 32 26 21 44 3 22 36 42 1 41 37 49 5 2 12 33 8 7 
50 9 4 28 50 27 18 22 6 2 46 26 12 32 37 7 36 20 3 33 31 30 40 5 39 44 38 15 19 13 45 24 10 14 35 42 8 29 25 47 41 17 11 21 23 48 34 49 1 16 43 
50 47 50 48 21 46 19 14 33 18 31 20 36 41 11 40 34 1 28 5 17 26 15 12 2 29 8 24 16 4 39 7 43 13 6 22 9 45 30 32 27 38 35 44 3 25 49 23 10 37 42 
50 47 48 26 21 50 15 44 20 12 25 28 13 8 2 36 35 14 23 30 11 19 10 38 22 49 4 3 27 24 46 41 37 7 32 9 6 45 43 31 39 16 42 17 40 33 1 18 5 34 29 
50 41 9 43 2 33 7 38 19 8 12 23 25 14 39 17 1 35 3 11 26 34 28 6 22 13 15 49 50 37 44 24 20 5 21 4 16 42 36 48 32 46 40 29 47 18 27 10 31 45 30 
50 1 9 50 5 10 25 21 36 31 12 17 4 38 44 37 39 24 2 27 23 11 22 42 14 40 8 28 16 32 26 6 3 20 47 43 46 18 29 15 48 41 33 13 7 49 34 45 35 19 30 
50 33 7 15 34 29 19 35 22 47 28 23 46 21 6 40 11 20 36 48 27 50 30 44 9 3 13 25 5 12 16 8 37 31 26 17 24 38 18 32 42 14 43 41 1 49 45 10 4 39 2 
50 12 48 19 22 36 32 27 1 40 16 23 8 4 42 13 39 33 25 49 35 15 50 47 46 18 9 38 2 11 34 37 28 24 7 43 45 26 44 6 5 20 10 14 31 29 3 21 30 41 17 
50 15 1 30 46 50 24 37 36 25 27 8 23 28 26 49 14 47 7 16 10 12 29 17 41 5 19 45 9 20 21 31 33 4 48 38 34 2 44 6 40 11 18 13 32 3 39 22 42 35 43 
50 3 24 28 30 40 46 37 16 35 17 32 42 29 8 31 33 39 10 47 23 27 44 6 12 5 38 18 26 4 45 14 15 9 22 48 1 43 20 11 34 19 50 21 7 13 41 36 2 49 25 
50 21 26 50 45 49 27 36 33 18 38 40 12 1 15 37 25 44 43 42 41 22 30 10 3 4 2 23 48 19 39 20 35 17 29 13 11 32 34 7 14 47 46 31 24 9 6 28 5 8 16 
50 10 27 7 22 45 48 12 8 15 24 36 44 26 13 50 33 16 29 19 38 30 5 2 40 47 32 35 41 4 17 46 18 28 42 37 34 9 1 25 20 23 11 43 49 31 21 3 14 39 6 
50 3 5 32 12 19 23 49 9 28 27 8 40 4 13 15 36 1 17 45 2 18 14 44 24 7 37 29 10 39 16 38 6 11 31 48 41 50 43 34 33 21 20 47 35 26 30 25 22 42 46 
50 18 1 42 4 36 11 32 16 12 19 10 44 33 13 30 21 25 2 14 38 28 43 22 5 48 24 15 17 41 23 46 9 27 40 35 34 45 47 31 8 37 20 29 50 26 6 3 39 7 49 
50 13 34 21 11 42 8 38 43 39 14 3 20 30 24 17 45 31 12 9 33 18 6 27 16 37 28 15 26 41 5 10 23 32 7 4 25 48 35 50 49 1 44 46 19 2 47 29 22 36 40 
50 24 11 8 45 41 35 34 19 4 16 49 13 46 15 38 2 21 20 33 25 44 36 1 7 47 27 42 5 43 37 3 9 29 14 30 18 28 26 6 39 23 50 10 22 12 31 48 40 17 32 
50 27 5 29 37 32 21 20 28 13 1 46 15 30 10 43 38 26 50 42 49 35 33 22 31 40 48 34 14 8 25 17 19 39 12 41 9 6 2 4 36 45 16 23 24 18 44 7 11 3 47 
50 23 42 1 41 6 36 5 27 3 38 29 22 37 28 15 7 33 45 39 8 11 25 46 40 47 13 17 9 21 44 30 49 34 20 4 16 26 32 2 12 18 24 48 35 31 43 19 10 14 50 
50 23 21 26 48 6 32 33 39 3 12 8 24 17 28 42 14 40 44 10 43 11 25 13 50 31 9 2 29 38 34 1 19 36 49 5 20 37 7 30 15 35 4 47 41 46 45 16 27 18 22 
50 41 43 4 47 42 9 19 49 36 5 14 24 40 34 32 8 27 7 44 13 46 25 33 26 37 12 21 23 31 28 16 30 18 50 35 10 22 48 17 29 1 38 15 3 6 39 11 20 45 2 
50 19 12 14 17 6 20 8 40 23 30 47 21 13 32 10 39 29 31 5 37 18 2 50 15 49 48 11 35 33 44 41 43 16 22 25 45 28 3 36 27 26 42 4 38 34 7 9 1 24 46 
50 28 42 10 19 31 11 6 27 24 2 12 3 45 17 50 16 32 26 36 20 37 48 40 5 4 43 49 18 21 39 22 47 8 1 34 13 7 23 25 41 29 15 33 35 9 38 44 30 14 46 
50 34 6 25 35 32 7 47 46 28 5 11 41 43 8 44 4 36 13 50 19 17 37 24 42 3 1 48 10 26 38 39 40 33 27 23 12 45 20 2 21 30 14 49 16 15 31 18 9 29 22 
50 8 49 3 35 2 31 15 37 19 34 28 43 20 36 32 10 18 47 25 26 11 45 38 1 13 33 48 27 14 12 17 42 30 21 5 6 40 29 50 24 23 44 22 4 41 16 7 9 39 46 
50 8 30 29 19 34 16 20 43 50 46 5 44 15 4 11 37 27 41 9 40 7 39 38 23 24 22 35 49 31 36 1 28 13 42 14 45 3 21 32 26 10 17 47 12 2 18 33 25 48 6 
50 3 35 18 14 40 47 46 22 24 45 9 44 10 16 41 37 43 50 36 31 34 33 49 6 5 7 32 38 2 42 27 21 25 29 39 12 20 17 1 19 13 15 23 48 28 30 26 8 11 4 
50 20 38 41 2 22 8 11 16 12 25 27 33 21 18 47 4 34 15 1 40 50 35 36 13 3 9 45 19 6 49 17 26 29 32 39 24 23 44 31 5 10 30 48 7 37 42 46 28 14 43 
50 24 30 35 3 40 39 10 37 41 16 44 29 8 27 38 1 18 6 47 26 13 9 46 49 42 23 33 11 14 48 36 50 2 4 32 28 17 34 5 15 20 43 45 25 7 21 19 22 12 31 
50 16 14 23 45 12 33 22 48 47 42 5 40 35 32 28 21 13 26 44 31 15 30 49 29 24 3 19 4 38 46 50 6 8 43 10 37 41 39 9 20 2 34 25 36 18 1 7 17 11 27 
50 45 28 40 23 35 8 4 10 37 1 36 42 20 33 44 26 27 48 38 11 6 17 19 3 41 5 32 18 49 16 43 25 21 15 46 2 50 13 12 47 31 29 9 34 39 24 22 7 14 30 
50 38 48 39 26 13 33 4 41 15 23 32 18 43 22 17 7 10 3 8 21 44 37 36 30 19 34 40 50 29 47 6 14 5 35 31 25 49 2 16 24 27 20 28 45 1 11 46 9 12 42 
50 26 25 46 21 17 47 23 49 37 15 30 28 50 24 1 29 48 39 6 19 44 8 34 33 22 31 38 7 27 5 35 42 12 4 2 10 3 18 9 11 40 43 14 36 41 16 13 32 45 20 
50 30 18 42 31 35 9 25 12 5 49 11 17 16 26 41 36 8 6 19 29 38 1 39 4 27 33 34 44 20 45 43 13 47 24 23 32 7 22 3 28 21 10 48 2 14 46 50 37 40 15 
50 23 26 30 12 17 3 8 47 5 28 50 43 41 38 9 29 48 40 35 44 19 21 32 36 42 6 10 25 1 4 7 33 39 15 13 22 14 16 11 37 20 45 46 34 27 49 31 18 24 2 
50 49 41 26 29 37 18 12 40 2 3 43 19 20 48 42 5 14 11 6 25 36 28 34 4 24 1 17 13 35 15 7 50 39 31 23 44 9 38 47 33 46 21 16 27 22 45 30 32 8 10 
50 32 3 8 16 40 49 43 22 20 44 45 42 18 38 39 35 10 26 36 33 14 31 1 11 6 12 17 30 29 27 5 21 15 2 50 25 4 28 46 9 47 23 34 48 37 19 41 13 7 24 
50 16 18 20 35 22 10 46 7 31 26 29 2 39 32 42 43 24 27 4 36 3 6 12 28 9 5 21 40 34 14 25 8 44 17 1 37 41 45 11 48 19 49 38 15 50 33 30 47 23 13 
50 49 26 40 25 48 18 7 16 8 37 23 34 4 28 30 47 29 5 2 41 19 35 11 1 43 24 36 17 39 3 38 12 14 46 42 22 13 10 21 33 31 50 6 27 15 20 32 9 44 45 
50 1 12 48 27 3 4 29 31 45 44 9 32 26 13 43 40 30 33 21 15 34 39 23 36 17 24 8 20 50 10 25 38 41 47 7 19 46 11 28 16 37 22 49 18 14 5 42 2 6 35 
