50
50 12 46 17 36 11 8 20 32 15 31 28 26 4 23 7 41 24 22 9 50 42 29 13 45 3 34 16 19 18 40 33 44 35 14 10 49 39 30 2 1 47 37 6 25 5 48 27 21 43 38 
50 42 38 43 21 6 48 12 33 18 27 9 41 20 13 31 17 7 45 2 26 25 8 1 3 50 4 11 10 34 23 5 32 29 14 49 44 36 39 15 47 22 37 40 46 30 19 24 35 16 28 
50 45 30 43 20 15 44 6 42 40 29 23 39 47 1 9 41 31 24 14 12 38 4 34 2 50 37 49 36 16 35 22 10 7 17 13 11 3 32 46 26 5 48 8 25 27 33 18 21 19 28 
50 47 46 38 40 15 39 26 3 1 23 36 41 9 27 44 48 18 14 16 50 4 20 6 17 11 21 7 45 8 43 25 32 22 49 37 42 5 28 33 31 34 2 35 10 24 19 12 29 30 13 
50 40 26 39 50 27 22 46 49 31 36 32 34 14 24 29 15 12 38 18 11 7 8 3 25 16 35 41 44 48 37 10 17 30 9 2 6 42 5 33 47 45 20 13 4 23 43 21 28 19 1 
50 32 24 12 29 30 16 50 7 44 15 18 13 3 2 4 17 23 1 34 19 26 40 14 27 41 47 5 33 49 43 37 38 6 45 9 21 46 28 39 8 25 31 48 22 36 20 11 42 35 10 
50 29 4 19 45 22 38 32 12 36 24 5 20 40 48 11 17 27 28 26 2 30 34 33 21 50 43 37 13 1 9 49 3 46 39 6 10 25 47 35 42 23 8 18 31 15 44 7 14 16 41 
50 17 39 44 38 20 37 19 26 13 28 29 31 2 34 32 49 24 4 21 41 40 6 9 33 27 23 30 45 48 11 35 50 46 1 36 7 15 42 12 3 10 25 22 5 43 16 18 47 14 8 
50 23 43 39 34 29 30 25 35 38 47 15 46 44 36 33 19 42 37 24 10 28 49 50 31 32 3 22 14 41 27 4 5 48 13 12 40 2 7 21 17 16 18 1 20 8 45 26 6 11 9 
50 22 47 10 4 36 18 21 35 34 8 17 27 30 32 46 26 29 39 23 7 48 13 28 9 19 20 33 45 3 1 50 24 49 6 11 41 16 44 5 43 42 40 12 38 25 2 15 31 37 14 
50 39 36 43 34 19 16 30 41 46 37 50 17 31 47 38 20 13 33 2 26 1 6 15 21 32 48 14 25 22 18 35 40 7 9 49 28 44 5 23 27 4 24 29 8 12 11 42 10 45 3 
50 47 33 11 25 35 31 38 8 29 1 37 6 26 28 41 45 7 34 9 39 4 50 30 49 12 10 13 19 46 32 23 16 17 20 44 42 48 27 3 15 2 24 5 21 22 14 18 43 40 36 
50 47 7 6 19 42 30 3 4 25 20 18 1 39 37 46 5 41 24 49 10 9 38 14 36 35 8 33 50 16 31 26 48 23 12 13 15 2 34 28 32 43 29 21 11 27 22 45 40 44 17 
50 4 17 15 47 1 19 25 36 10 12 23 45 6 46 50 34 48 31 33 29 27 20 32 49 24 44 37 41 26 30 14 38 21 28 16 7 11 43 5 22 8 42 39 40 13 2 35 3 18 9 
50 8 28 20 27 9 39 46 17 22 45 2 21 50 33 36 3 37 6 49 18 5 14 43 7 42 13 15 38 34 1 12 47 23 44 10 29 24 16 11 19 31 32 26 40 48 30 41 25 35 4 
50 6 42 12 38 30 50 13 14 39 1 24 5 34 25 16 28 49 27 32 21 46 15 18 47 41 36 20 33 2 48 4 43 8 35 26 31 19 45 3 22 17 40 7 10 9 29 44 11 37 23 
50 1 23 31 48 30 47 3 8 21 26 44 5 39 11 34 17 2 13 37 40 24 22 9 32 20 10 49 14 29 25 50 28 18 38 27 12 45 19 33 46 35 36 4 42 6 7 41 15 16 43 
50 9 41 5 32 33 17 42 38 20 39 44 14 18 50 19 49 47 22 30 3 37 11 4 46 28 40 34 35 43 21 29 26 10 31 13 27 24 12 2 23 36 48 25 6 7 16 8 15 45 1 
50 28 49 12 4 24 29 16 44 30 26 39 19 13 14 25 9 38 7 36 22 34 23 41 37 47 40 18 46 11 8 32 31 33 45 1 2 27 43 21 42 48 3 15 20 10 17 6 5 50 35 
50 48 25 17 33 38 9 6 37 50 46 5 4 43 41 40 32 44 20 22 19 47 30 39 2 21 28 8 42 13 29 26 12 3 45 24 1 34 23 16 27 18 7 49 15 10 14 35 31 36 11 
50 7 37 15 43 19 22 6 32 48 45 49 18 23 28 2 10 29 33 12 38 27 3 25 14 47 35 5 39 16 21 26 44 20 4 41 36 46 40 13 1 17 9 34 30 11 24 31 42 50 8 
50 34 43 35 13 5 33 8 15 36 45 49 25 44 7 21 17 10 24 47 37 18 40 1 19 4 31 42 11 48 9 29 46 14 2 39 16 6 38 12 32 27 50 3 41 28 26 30 22 23 20 
50 43 19 40 45 35 49 6 21 38 22 44 46 18 3 41 16 1 32 8 29 33 27 2 10 50 12 11 47 30 37 26 7 24 13 39 20 15 23 25 34 48 5 42 36 14 31 28 17 4 9 
50 11 3 16 31 35 22 6 9 30 1 49 36 39 27 43 38 32 12 37 13 42 14 19 21 40 45 33 10 8 15 24 29 50 7 44 28 46 20 47 25 48 41 5 4 17 34 18 26 23 2 
50 30 44 35 33 9 50 47 13 2 16 37 17 27 5 20 48 14 6 25 46 23 32 39 7 18 41 1 29 3 26 10 34 40 28 15 42 36 21 4 49 19 43 45 12 8 38 11 24 31 22 
50 14 32 33 43 10 8 22 1 13 31 20 50 44 9 4 29 27 24 37 5 42 11 16 36 49 12 6 18 25 40 38 17 48 2 21 35 26 30 45 46 34 15 39 28 23 41 47 7 3 19 
50 35 7 48 29 12 2 14 6 37 38 4 13 24 21 9 1 10 31 5 36 33 30 39 26 19 34 47 15 27 49 3 16 32 20 23 43 22 45 40 25 8 28 42 17 46 44 18 41 50 11 
50 45 10 32 1 41 33 3 20 31 21 26 7 14 17 18 9 29 38 35 6 48 25 40 22 43 15 2 12 39 27 11 30 37 46 23 16 8 19 24 49 4 13 36 34 42 44 50 5 47 28 
50 33 46 32 5 30 37 48 15 16 10 21 44 3 23 41 17 24 22 47 35 11 1 34 6 19 49 40 42 45 12 38 39 13 4 7 28 27 2 31 26 43 50 20 25 14 18 29 36 9 8 
50 29 40 8 5 12 16 47 32 10 11 34 49 9 39 15 3 41 50 33 45 24 43 46 37 35 7 27 36 26 14 1 21 30 18 31 20 44 17 48 38 2 42 28 13 25 19 23 6 4 22 
50 3 41 9 27 28 33 2 19 31 37 5 22 26 45 11 36 13 18 4 43 14 44 12 49 1 48 46 47 17 16 29 50 21 6 40 8 42 38 24 39 15 10 35 7 30 34 23 20 32 25 
50 46 31 25 36 2 12 16 29 30 50 47 6 33 9 24 26 43 20 5 45 41 1 10 42 28 18 14 48 15 49 38 11 34 40 35 39 32 17 23 22 44 37 4 13 21 7 3 8 27 19 
50 14 5 34 38 19 27 50 35 13 45 8 4 48 20 41 12 11 7 47 2 42 22 36 25 43 26 23 44 18 32 30 37 6 31 28 1 49 15 46 40 16 3 39 21 33 29 10 24 9 17 
50 38 23 41 9 26 22 5 47 42 14 2 29 11 19 50 6 49 21 3 48 36 44 27 28 30 16 10 18 39 34 15 24 35 17 13 43 33 7 8 1 46 31 20 40 12 45 25 32 37 4 
50 48 28 37 8 26 50 10 7 11 4 18 22 30 33 29 34 12 9 36 23 1 31 24 38 43 35 40 44 16 15 2 41 14 19 46 20 49 3 21 25 32 5 47 45 13 27 39 17 6 42 
50 14 36 10 43 50 38 9 46 12 47 18 40 33 20 11 39 25 19 24 26 17 27 3 15 42 5 49 48 1 4 16 21 41 8 23 32 34 35 2 7 30 44 37 6 45 13 28 29 31 22 
50 21 45 50 20 26 46 33 13 34 12 43 32 17 37 39 23 1 5 16 49 9 4 48 11 2 28 44 29 27 19 31 35 30 25 40 7 6 3 15 22 41 38 36 18 42 47 8 10 24 14 
50 49 24 42 48 30 25 37 18 26 39 22 41 20 13 19 12 35 8 23 7 33 47 10 34 45 14 9 38 28 1 17 6 46 50 11 29 44 36 40 21 32 15 5 43 27 31 4 3 16 2 
50 21 14 9 3 1 19 38 30 22 48 16 31 6 50 32 5 40 43 34 27 18 26 17 15 28 42 7 37 33 44 29 47 12 39 13 8 46 4 25 20 10 35 23 49 36 11 45 2 24 41 
50 40 49 24 30 50 7 4 45 34 2 17 5 12 10 39 31 47 18 43 15 35 23 11 13 14 8 19 16 36 32 41 42 38 48 1 28 3 44 20 33 46 29 27 25 6 21 9 37 22 26 
50 30 7 49 33 6 8 4 23 24 10 28 11 17 37 14 1 26 46 35 16 22 21 34 42 47 20 25 32 9 5 31 50 15 19 27 48 2 36 45 43 40 18 38 44 3 13 29 41 39 12 
50 38 31 16 3 29 35 6 48 9 21 34 5 18 19 46 39 24 15 30 36 27 11 28 47 33 41 12 44 40 37 8 13 7 26 42 2 17 22 23 10 25 20 1 49 45 43 32 50 4 14 
50 29 12 36 50 8 43 37 15 19 28 42 32 24 33 20 30 34 3 13 27 11 38 14 25 39 40 2 7 23 48 1 17 44 26 41 31 18 49 6 5 16 45 22 35 47 21 10 46 9 4 
50 1 18 8 39 19 49 31 32 24 15 22 12 41 42 35 33 36 21 7 40 3 26 13 25 27 16 23 37 14 4 44 43 29 45 34 9 28 10 11 47 2 17 5 30 48 46 6 38 50 20 
50 29 42 30 36 32 39 34 1 8 3 15 28 17 25 33 48 31 6 47 10 4 26 18 44 24 16 38 13 19 21 27 9 45 35 22 50 2 37 46 7 43 11 41 12 40 5 14 23 20 49 
50 47 9 50 8 14 42 36 20 49 48 15 39 29 38 46 32 33 19 31 16 26 4 34 25 24 35 22 1 43 6 18 37 45 11 27 41 40 44 13 28 3 30 12 21 2 23 10 17 5 7 
50 21 28 13 50 16 9 5 17 1 20 46 36 44 25 19 6 29 32 23 45 42 38 18 48 14 41 37 27 26 15 8 12 49 11 34 35 39 22 10 43 30 33 24 4 2 31 7 47 40 3 
50 18 30 4 8 2 50 5 42 6 19 24 45 31 35 12 16 38 46 15 39 27 7 40 3 25 47 44 20 1 41 37 28 33 11 17 10 43 49 29 23 9 32 21 26 14 34 22 13 36 48 
50 13 11 5 4 10 34 15 25 1 38 27 3 35 49 47 36 24 23 6 33 46 39 16 29 48 28 30 9 45 42 37 19 26 7 22 44 40 8 32 2 21 50 14 17 31 12 18 20 43 41 
50 25 35 49 9 13 45 23 29 14 11 50 18 48 16 3 30 4 36 19 34 20 21 42 5 15 44 10 43 41 39 17 7 32 46 24 31 47 8 1 12 37 2 22 28 26 40 6 27 33 38 
50 8 35 6 40 2 22 47 49 5 15 25 28 34 16 23 33 50 30 10 44 39 31 21 7 3 19 9 37 20 18 42 45 1 4 43 32 11 36 13 41 27 17 46 12 38 14 48 29 24 26 
50 19 3 31 46 44 17 21 38 29 50 18 13 32 26 28 7 33 6 36 10 15 35 30 4 5 14 34 45 23 20 24 8 39 41 43 9 27 40 16 42 49 25 48 47 22 1 37 11 12 2 
50 9 48 20 27 32 45 12 37 10 15 17 35 44 46 1 34 23 29 36 21 7 8 25 5 40 38 19 18 2 3 6 13 11 16 30 41 39 4 50 31 49 14 42 47 43 24 26 22 28 33 
50 37 41 48 1 26 36 24 21 45 43 47 18 50 10 5 12 6 33 19 20 29 39 13 23 31 44 40 4 25 16 3 46 49 32 9 8 2 7 35 27 34 38 17 14 11 15 22 28 30 42 
50 33 32 35 6 20 5 4 11 46 15 48 30 18 17 39 28 1 12 50 44 36 34 27 16 7 31 13 2 19 22 23 41 24 26 45 9 14 37 42 21 3 10 43 47 40 49 29 25 8 38 
50 44 1 23 32 33 26 41 12 18 46 8 3 31 4 27 25 36 17 48 50 42 15 22 21 38 5 34 10 20 2 19 24 45 40 11 28 13 43 7 6 47 9 14 49 35 39 29 30 16 37 
50 11 48 4 41 2 18 36 23 31 1 15 7 12 43 20 14 44 16 28 5 47 8 13 45 40 49 3 39 22 35 9 27 21 33 30 19 38 24 25 34 37 50 6 26 42 10 32 46 17 29 
50 27 23 7 5 22 33 3 16 32 45 4 31 40 20 41 6 35 10 13 19 24 47 17 38 14 2 48 39 1 30 43 49 9 50 44 34 42 12 21 18 28 11 15 46 26 29 37 8 25 36 
50 14 16 34 48 46 28 24 26 45 12 19 8 15 32 40 3 7 5 1 36 41 21 20 11 42 23 39 30 49 10 2 44 22 17 47 29 43 38 6 27 25 50 31 13 9 4 33 37 18 35 
50 29 38 37 27 30 25 35 42 20 17 34 48 11 43 41 21 15 7 19 14 39 32 45 13 44 5 40 18 2 33 12 22 24 9 23 31 3 28 47 50 16 6 49 10 8 1 46 4 26 36 
50 41 23 14 33 40 25 32 16 39 35 8 15 37 4 12 27 50 42 43 48 20 19 24 17 2 11 10 29 22 1 3 21 28 26 5 34 46 7 36 9 44 38 49 13 6 31 45 30 47 18 
50 42 11 32 15 35 33 36 44 41 1 34 6 37 47 31 21 24 13 40 20 10 19 12 26 17 23 45 48 8 2 7 22 18 28 27 50 14 16 43 4 38 46 9 5 29 30 25 3 49 39 
50 46 8 4 27 30 44 1 6 10 29 31 7 3 42 37 26 33 14 12 11 9 36 32 13 45 38 41 2 35 39 18 48 5 15 25 19 34 17 49 21 28 24 50 43 20 40 47 16 23 22 
50 3 4 6 41 15 47 1 40 19 46 22 23 33 36 30 43 28 27 38 14 2 5 29 34 39 50 20 8 16 35 48 24 11 18 17 42 37 49 31 25 21 44 10 26 45 9 32 12 13 7 
50 18 22 31 37 48 6 5 24 41 27 23 15 29 11 39 2 14 49 26 46 43 7 32 33 44 9 45 13 42 20 50 17 8 4 12 40 35 38 1 21 28 3 16 30 34 19 47 36 10 25 
50 42 47 49 40 48 38 2 35 22 37 23 39 32 4 10 46 36 8 5 50 18 27 11 29 30 6 20 3 17 41 14 28 16 34 24 9 7 13 26 43 12 15 25 33 44 31 45 1 19 21 
50 15 30 1 36 27 12 44 22 4 38 17 5 20 39 49 40 28 10 35 6 48 25 21 9 31 23 19 34 7 42 50 8 32 41 2 3 46 47 18 16 43 45 26 33 24 11 13 14 37 29 
50 18 12 50 31 30 9 44 33 28 11 36 25 43 49 35 10 16 22 15 4 23 45 34 47 38 37 5 19 17 41 21 2 26 20 1 39 8 29 48 32 42 7 14 46 27 3 24 6 13 40 
50 47 50 31 21 36 40 25 39 2 34 28 33 30 6 18 12 5 32 17 37 1 20 13 41 11 43 27 14 45 48 9 49 35 15 46 26 24 22 38 3 16 10 19 29 7 23 44 8 4 42 
50 47 9 38 30 39 29 2 19 12 31 1 15 37 11 41 20 45 22 49 34 18 25 8 21 44 50 46 23 36 33 35 3 5 40 48 28 32 13 14 6 4 7 17 42 27 26 16 10 43 24 
50 8 15 23 1 43 26 38 36 12 49 4 16 17 47 6 46 21 45 9 5 50 42 31 13 2 28 19 22 30 34 14 25 37 10 48 24 20 35 27 33 7 41 18 29 3 40 44 32 39 11 
50 25 8 6 20 35 36 22 29 34 33 40 10 5 21 49 24 11 37 19 2 46 13 43 16 15 48 23 50 31 47 27 45 32 7 44 4 9 38 1 42 18 3 26 28 39 17 30 14 12 41 
50 45 14 28 8 12 33 19 17 30 2 36 5 34 26 25 44 46 42 4 41 24 35 49 16 22 1 27 43 3 32 48 40 38 6 7 15 39 13 50 23 37 9 20 21 18 31 29 10 11 47 
50 39 38 25 32 34 46 6 29 19 15 42 2 26 18 35 30 24 41 5 10 47 36 44 16 37 50 23 8 21 40 7 33 1 4 20 49 43 14 3 31 28 9 12 48 13 27 45 17 11 22 
50 35 34 10 49 32 4 1 48 13 44 3 31 42 46 5 14 7 19 21 18 30 26 11 33 36 29 15 37 41 50 16 38 47 43 27 25 20 12 28 23 8 24 2 17 6 9 39 22 45 40 
50 2 14 8 35 16 12 46 33 48 13 31 29 24 38 36 4 41 17 7 3 25 40 9 10 1 19 5 21 50 39 49 22 6 23 34 43 44 37 20 18 32 47 27 30 28 26 11 45 42 15 
50 39 38 23 44 8 28 17 35 34 49 47 15 4 20 27 6 11 19 25 41 36 43 24 26 30 9 29 3 48 14 16 18 37 32 13 10 22 42 21 45 12 46 40 31 1 7 50 33 2 5 
50 50 13 24 19 27 35 43 10 47 45 44 41 33 6 46 48 26 37 22 39 31 36 3 30 38 5 2 21 17 12 40 8 29 15 32 42 34 28 25 16 7 23 11 49 9 4 14 20 1 18 
50 40 18 17 1 7 29 4 26 10 14 12 35 30 45 3 32 31 34 16 27 42 19 23 5 8 47 13 33 38 22 36 11 24 43 41 48 46 49 20 2 50 28 21 44 25 39 6 9 37 15 
50 3 24 12 5 46 8 1 44 32 31 6 21 10 42 4 11 20 38 14 26 35 34 40 15 29 25 49 45 9 17 41 33 39 37 36 19 23 13 22 48 43 2 27 28 7 30 18 16 47 50 
50 26 13 37 38 21 18 25 39 44 16 17 32 46 9 2 41 31 23 6 20 48 15 4 45 47 34 10 42 24 14 43 30 33 35 19 22 40 5 12 29 11 50 27 1 3 28 36 8 7 49 
50 27 10 20 24 32 1 36 50 30 19 49 35 8 12 44 4 34 38 47 18 2 3 39 7 48 15 42 14 23 9 45 17 46 26 16 25 11 37 13 22 41 6 21 5 31 29 28 43 40 33 
50 8 4 50 11 12 32 49 41 30 28 35 26 29 20 22 14 24 1 19 27 10 6 36 2 33 25 16 47 40 38 9 5 43 44 46 37 48 13 15 18 31 3 17 7 45 23 34 39 21 42 
50 15 38 50 6 33 7 31 24 44 13 32 29 16 43 48 30 40 10 45 23 11 9 1 3 46 5 25 4 14 27 19 39 34 35 20 18 28 49 37 21 12 36 42 26 17 47 8 41 22 2 
50 47 43 29 19 2 31 18 41 7 10 40 36 46 49 3 1 26 16 30 35 21 32 48 13 20 22 15 39 38 44 33 28 27 50 11 34 45 14 5 24 9 6 17 23 4 42 25 8 37 12 
50 31 4 42 18 22 1 15 33 41 19 21 25 49 38 20 37 40 50 39 32 29 11 24 23 16 17 26 3 6 34 2 14 30 46 27 9 44 36 12 35 47 43 7 5 48 45 28 13 10 8 
50 20 23 28 35 40 31 46 8 3 10 29 43 19 5 26 1 13 21 41 6 33 7 47 22 48 14 15 50 42 30 37 45 12 36 17 32 44 39 25 34 9 18 2 11 16 27 38 24 49 4 
50 49 37 40 28 1 48 2 18 39 11 10 8 27 29 12 20 16 44 26 15 5 33 23 38 47 35 25 6 31 41 34 45 36 9 7 50 3 19 21 43 14 32 13 42 22 46 4 24 30 17 
50 25 12 15 22 6 2 41 26 34 39 10 33 4 23 5 30 28 49 19 46 38 9 20 14 36 40 48 17 42 18 31 1 27 13 44 11 29 7 47 32 35 21 3 24 37 16 45 43 8 50 
50 9 7 44 32 43 27 6 21 36 8 10 45 3 26 5 1 16 29 25 41 33 22 12 23 28 13 40 35 46 18 4 17 38 47 24 42 34 15 37 19 50 48 11 2 31 39 14 20 30 49 
50 31 10 5 3 11 43 22 25 38 24 1 30 12 47 32 14 4 15 28 44 16 26 7 33 34 36 20 35 45 40 27 21 13 18 29 9 50 49 48 37 19 17 2 23 6 42 39 41 46 8 
50 38 50 42 43 34 41 25 12 44 29 46 16 5 19 3 49 30 27 37 22 17 47 8 48 1 14 7 21 2 39 36 4 24 28 45 20 15 18 9 33 23 10 6 35 11 26 31 40 13 32 
50 32 49 30 8 20 5 3 24 48 26 31 39 4 12 1 19 17 50 23 44 38 36 6 15 22 9 13 11 14 29 35 46 21 33 28 25 41 42 10 16 7 40 47 43 18 27 34 45 37 2 
50 31 33 8 5 17 16 10 27 29 13 21 39 12 22 2 44 14 23 38 26 35 41 32 43 24 25 47 11 19 1 3 37 36 48 49 6 40 18 7 42 34 50 46 9 28 4 15 45 30 20 
50 16 41 10 32 34 39 24 42 1 44 6 33 27 36 38 12 45 23 11 2 40 35 19 20 15 49 28 47 17 31 8 14 37 18 3 50 48 29 25 13 7 5 26 21 22 43 30 9 46 4 
50 32 18 30 21 24 27 19 12 6 29 45 14 46 34 48 37 20 43 8 22 38 50 35 9 10 11 36 16 5 1 28 31 23 15 42 40 41 33 2 49 26 25 44 3 4 7 39 47 17 13 
50 16 39 46 17 5 18 30 15 10 2 50 43 34 7 24 12 9 20 36 25 27 48 31 44 35 21 40 28 26 32 33 29 49 38 37 4 13 1 47 11 8 42 41 22 45 6 23 19 3 14 
50 18 19 7 23 8 50 3 21 48 30 22 39 4 34 42 27 31 5 15 36 32 20 40 44 16 11 33 25 35 6 12 37 45 24 14 1 26 38 43 9 29 17 41 49 10 46 28 13 2 47 
50 39 42 18 10 2 44 17 9 26 19 31 41 34 20 29 27 8 3 30 7 33 1 11 15 16 14 45 21 48 22 25 12 49 6 4 32 40 50 24 46 13 23 36 28 47 43 35 38 37 5 
50 14 4 13 22 2 30 9 39 33 48 41 10 15 19 47 24 7 8 34 31 42 17 50 29 16 6 35 36 1 37 11 43 49 44 25 12 20 40 18 3 5 32 23 46 21 38 27 28 45 26 
