50
50 3 2 50 41 45 15 18 8 42 28 17 32 4 33 38 35 49 1 9 20 46 23 16 40 21 11 22 7 34 5 29 19 25 26 47 14 12 31 27 48 43 37 30 10 36 13 24 6 39 44 
50 42 36 15 26 18 24 5 19 2 20 28 50 16 10 48 4 44 25 39 35 33 40 22 17 30 27 12 14 11 7 49 34 1 37 21 8 29 38 45 41 6 13 9 32 31 23 3 43 46 47 
50 49 4 42 18 17 6 28 29 2 7 1 34 3 43 11 33 35 21 20 48 9 38 24 12 19 16 45 27 44 32 31 25 37 22 41 46 15 39 36 50 8 13 26 14 30 10 47 40 5 23 
50 38 9 36 47 17 35 30 7 48 34 12 3 24 50 29 22 46 1 39 26 13 28 19 23 43 8 5 21 37 40 18 15 44 20 49 4 25 42 6 14 32 41 2 27 16 31 33 10 45 11 
50 38 44 29 12 20 27 43 17 35 15 25 18 41 19 4 24 37 22 47 11 39 3 33 2 49 14 26 9 30 10 23 1 48 46 6 36 31 5 21 34 42 45 8 50 7 13 40 16 28 32 
50 38 25 5 39 33 36 1 20 24 48 8 22 23 29 35 45 46 14 37 13 50 30 31 34 16 47 41 40 6 17 21 18 44 49 7 3 28 9 19 10 4 43 32 42 27 2 26 11 15 12 
50 2 16 26 21 27 50 5 45 34 41 1 11 13 46 9 49 23 35 44 30 25 32 17 38 15 3 40 14 42 31 19 20 18 4 7 48 24 36 22 12 28 37 33 39 43 29 6 8 47 10 
50 6 37 14 13 27 22 24 17 42 34 4 12 2 5 15 28 18 41 11 8 9 33 40 30 10 19 25 16 50 36 21 45 35 20 48 49 46 43 7 47 31 23 26 39 38 1 3 32 29 44 
50 29 24 45 8 39 10 46 50 37 38 36 4 1 40 7 27 17 30 33 20 31 19 21 12 43 15 6 42 35 18 9 3 49 16 11 34 5 28 2 22 32 48 26 13 25 47 41 14 44 23 
50 19 9 4 21 34 43 3 40 47 29 2 5 6 31 36 39 35 33 27 44 46 50 25 15 49 20 42 7 23 18 26 24 48 38 11 32 12 22 28 14 41 17 45 16 37 13 30 1 10 8 
50 23 25 9 32 1 44 37 46 35 47 19 18 42 13 48 33 40 29 2 41 11 14 36 16 27 22 17 6 50 15 7 31 38 49 45 3 8 20 26 34 5 43 39 4 21 12 24 28 10 30 
50 45 15 31 11 26 5 20 41 33 19 17 28 21 36 6 22 1 9 10 23 24 50 46 12 3 32 18 13 47 35 39 37 34 43 14 8 38 25 27 40 16 4 42 29 49 48 2 44 30 7 
50 33 8 26 12 43 11 37 17 46 41 16 13 7 6 18 31 10 20 49 44 28 24 19 25 3 14 38 36 47 32 9 1 30 23 15 2 40 22 39 4 29 45 42 34 21 35 27 50 48 5 
50 29 13 31 12 2 32 44 46 9 22 24 5 38 34 45 43 37 36 40 17 47 23 10 15 50 7 1 11 6 27 4 14 26 28 48 41 39 25 19 16 35 20 3 21 30 33 8 42 49 18 
50 19 24 39 46 31 21 47 8 32 7 40 41 11 3 1 36 28 29 30 5 16 27 34 14 17 50 45 48 4 26 12 25 15 10 13 44 6 20 22 33 35 18 23 9 38 49 2 43 37 42 
50 30 11 50 41 15 42 20 36 13 39 19 33 23 34 6 18 9 38 40 37 24 10 25 31 8 26 12 49 5 35 46 22 44 32 45 21 28 2 4 3 14 17 48 27 16 47 1 29 43 7 
50 19 18 49 31 7 40 10 32 2 30 42 35 14 43 45 46 48 21 15 34 38 9 17 3 50 25 36 39 28 12 44 20 6 33 13 8 27 37 16 1 5 11 41 29 24 4 22 47 23 26 
50 37 46 7 20 9 25 3 12 40 2 21 34 13 31 26 38 22 50 36 43 24 15 14 29 18 5 10 17 23 28 35 48 11 30 19 39 16 41 6 44 8 4 42 49 45 27 1 32 33 47 
50 21 24 28 3 10 35 36 20 40 33 32 19 8 39 49 12 50 31 48 9 7 42 1 29 5 18 46 25 16 22 17 38 6 34 11 41 43 15 26 14 2 27 37 30 23 13 47 44 4 45 
50 22 29 34 7 50 6 39 9 30 12 42 16 45 43 3 40 33 23 41 13 19 47 15 48 27 37 38 24 49 26 20 36 5 17 8 1 18 25 35 21 2 44 31 4 10 28 11 32 46 14 
50 39 25 16 41 10 7 38 32 28 24 23 18 29 20 49 19 26 8 17 21 11 1 44 5 31 4 50 13 37 46 22 30 6 12 45 34 27 42 33 43 15 3 2 47 36 35 40 14 48 9 
50 7 22 2 35 27 8 10 29 1 40 49 39 36 9 11 44 23 19 15 31 37 46 34 25 3 24 21 45 13 33 6 48 50 16 26 20 42 32 38 17 12 43 47 4 5 28 14 41 18 30 
50 29 13 46 28 43 8 22 2 18 35 39 48 24 44 32 16 15 30 50 11 17 20 6 25 10 37 49 12 26 27 4 23 31 3 21 5 36 42 34 19 45 1 47 38 7 9 41 14 33 40 
50 50 15 11 33 18 35 21 8 22 2 4 3 7 27 29 14 43 45 16 19 5 38 37 10 47 17 12 25 9 1 44 28 31 40 46 30 24 20 39 42 26 48 32 41 6 23 34 49 36 13 
50 17 29 20 4 35 47 23 28 25 6 24 14 45 1 15 31 27 19 12 49 2 18 36 10 40 5 43 8 13 38 42 48 7 37 39 3 11 30 44 32 34 26 33 21 50 22 46 41 9 16 
50 44 45 10 32 36 13 41 50 25 12 28 40 37 4 47 30 23 15 2 16 35 26 20 49 6 21 27 39 17 7 8 1 38 18 24 43 11 14 5 9 48 33 31 29 19 3 42 34 22 46 
50 23 38 17 11 16 33 4 46 36 50 49 29 40 42 35 1 18 27 21 12 30 44 14 6 48 39 26 25 32 43 10 5 2 9 37 28 13 31 20 19 34 8 24 22 7 47 15 45 41 3 
50 49 36 22 32 35 34 6 40 42 31 25 29 14 50 19 44 12 20 28 18 33 11 48 15 37 30 2 27 7 46 47 23 5 21 39 9 16 13 45 4 8 24 10 1 38 41 26 43 3 17 
50 28 12 33 21 23 27 19 10 5 15 47 43 49 18 50 46 32 3 31 7 2 44 26 25 40 14 36 37 42 41 29 11 1 6 22 17 39 35 9 20 34 8 48 24 16 38 45 30 13 4 
50 3 36 35 50 41 40 26 5 29 9 24 32 7 14 48 45 25 4 23 2 31 18 20 6 49 38 17 47 11 37 43 16 15 39 19 30 44 10 28 12 33 27 42 21 8 1 22 13 34 46 
50 9 20 1 6 33 32 5 47 21 13 43 23 27 3 49 42 12 40 16 4 50 8 19 37 36 15 2 11 22 35 44 17 10 7 39 45 29 34 14 31 30 28 48 38 41 24 18 25 46 26 
50 6 50 25 22 19 47 8 30 7 29 12 27 45 26 46 24 14 40 48 38 43 18 15 16 11 17 33 2 34 37 9 23 3 28 20 39 41 49 35 36 44 1 4 42 10 32 13 31 5 21 
50 50 10 33 18 19 47 37 32 8 13 1 5 35 40 48 31 9 6 49 41 15 23 34 28 39 16 22 2 24 42 4 17 27 25 12 44 36 21 20 30 7 3 46 14 45 38 43 29 26 11 
50 1 13 3 45 9 42 44 4 43 17 8 14 26 36 15 49 11 39 18 24 28 5 23 6 29 41 20 47 21 10 48 16 7 27 12 38 33 40 35 34 2 19 50 25 37 31 22 30 32 46 
50 25 16 48 29 15 6 27 34 35 11 47 26 3 9 21 44 39 5 28 14 18 38 23 17 13 31 20 33 10 50 22 4 40 24 2 30 41 46 36 37 1 45 49 8 7 43 19 42 32 12 
50 16 12 3 47 44 46 13 35 33 40 49 9 11 42 20 2 6 1 34 31 43 37 14 25 36 30 4 39 45 24 8 21 26 48 27 17 7 28 29 15 18 19 38 32 50 5 10 41 22 23 
50 26 7 9 15 3 10 21 48 6 49 25 41 45 42 34 43 13 20 44 5 8 2 32 4 27 1 29 17 35 30 12 18 28 23 22 39 33 40 50 14 16 47 31 37 11 24 36 38 46 19 
50 24 28 19 34 9 41 29 43 21 4 48 5 6 1 45 7 27 14 40 46 33 35 30 42 39 16 47 10 36 12 3 18 13 22 8 44 26 15 2 25 38 20 31 32 37 49 17 11 23 50 
50 25 15 48 17 22 35 49 38 26 2 34 37 20 24 5 23 11 50 8 45 47 28 33 3 29 12 36 14 21 6 40 18 19 1 32 43 31 4 30 16 41 13 46 44 7 10 27 39 9 42 
50 28 7 16 35 13 5 32 49 18 10 27 42 48 9 29 14 46 11 1 15 34 21 6 20 36 17 22 44 50 4 30 45 31 39 12 43 26 24 25 33 41 37 38 47 40 23 3 19 2 8 
50 5 21 37 39 25 8 36 45 43 50 27 22 47 9 41 18 3 17 19 29 49 44 23 33 46 26 13 6 30 38 40 11 34 4 7 24 32 28 2 35 12 14 1 42 48 15 16 20 31 10 
50 24 45 6 46 15 40 19 30 31 26 4 17 29 35 47 8 39 41 49 12 37 22 10 32 36 5 21 27 13 20 1 7 25 50 48 28 34 14 11 18 42 23 3 2 44 9 16 43 33 38 
50 47 35 18 37 28 6 29 31 7 12 26 1 41 9 11 43 49 17 3 5 24 42 19 44 27 32 20 15 8 48 39 25 2 4 21 23 36 16 38 45 46 33 40 13 10 22 50 30 34 14 
50 35 8 47 10 12 44 1 16 30 22 36 27 29 21 33 3 18 45 14 25 48 28 23 46 50 6 24 11 13 42 5 26 2 19 32 37 38 17 49 43 15 9 34 31 4 39 41 20 7 40 
50 21 38 31 11 8 46 37 44 12 13 6 48 47 4 26 42 33 27 36 30 50 2 39 19 28 5 7 9 16 3 20 24 35 14 1 17 43 32 41 49 29 10 40 15 45 22 18 25 23 34 
50 13 42 38 48 6 29 27 26 36 18 50 1 5 14 49 39 44 33 45 19 20 9 11 28 3 25 21 10 8 47 15 43 17 37 30 40 41 23 16 31 32 34 4 24 12 22 35 46 2 7 
50 34 47 32 5 21 17 24 10 9 40 3 16 38 35 26 4 2 42 41 20 46 31 7 49 14 48 28 43 45 6 36 13 12 11 8 25 1 27 19 29 15 39 22 44 37 18 23 50 30 33 
50 22 42 6 45 26 21 19 8 13 16 49 38 44 23 25 4 1 30 27 50 28 12 43 35 40 10 32 41 37 39 46 7 18 33 34 48 2 14 3 17 20 24 11 29 15 5 31 36 47 9 
50 18 48 10 30 15 46 7 24 4 8 2 26 3 37 34 43 29 45 35 40 11 31 1 14 36 20 28 13 50 19 5 17 32 16 9 25 6 41 42 33 12 23 27 47 49 39 38 22 44 21 
50 45 19 41 22 42 26 46 36 39 2 11 21 43 24 12 40 6 37 7 17 34 15 31 16 27 5 9 35 1 4 48 10 38 29 23 8 28 44 20 13 32 18 50 25 30 14 33 3 47 49 
50 35 47 38 45 1 43 33 3 40 39 13 30 18 21 5 20 27 23 16 44 50 48 2 28 42 24 17 37 11 8 10 15 46 34 49 26 22 32 12 41 7 36 4 9 29 31 6 25 19 14 
50 11 21 15 23 17 16 48 49 6 7 37 1 33 40 30 13 26 34 47 44 39 43 27 50 14 10 5 31 46 2 8 38 36 22 4 20 42 45 9 24 25 32 41 28 35 18 3 29 19 12 
50 30 5 41 42 34 50 20 11 6 10 22 47 36 17 49 18 21 32 15 29 4 7 35 13 45 14 38 40 16 48 19 37 39 3 1 12 43 8 46 23 2 24 9 31 33 27 26 28 44 25 
50 24 44 6 11 19 42 45 25 16 14 18 8 30 27 3 47 17 37 33 34 35 40 32 50 21 48 23 2 36 5 41 29 49 7 13 43 28 12 46 39 4 26 1 10 31 15 9 38 20 22 
50 48 50 1 15 44 16 4 49 13 42 32 29 30 28 21 31 36 26 18 10 35 24 34 8 43 40 23 20 38 45 14 11 5 41 12 6 19 33 37 46 2 27 25 22 9 3 7 39 17 47 
50 26 8 43 27 34 16 13 35 14 6 50 11 38 4 32 25 49 20 10 40 30 45 17 46 37 47 19 1 22 5 23 2 33 44 28 15 48 7 29 12 24 39 42 18 9 21 41 3 31 36 
50 36 9 41 34 15 7 26 42 43 1 29 19 12 21 24 18 33 25 49 4 13 20 27 3 8 28 6 35 47 48 50 32 38 23 37 46 11 44 16 14 30 10 31 45 39 40 22 17 5 2 
50 20 45 12 38 41 8 42 40 1 4 37 7 43 15 23 28 24 31 9 16 49 22 2 18 26 34 46 25 36 32 14 30 13 11 47 27 39 5 21 6 44 33 50 17 48 10 35 3 29 19 
50 30 2 21 5 38 43 28 9 20 36 14 39 1 7 15 45 42 19 22 27 3 18 46 4 40 13 48 24 6 47 26 29 44 8 23 41 32 25 16 10 33 11 34 50 37 12 35 31 49 17 
50 41 30 42 44 9 25 33 50 2 27 24 10 26 22 40 36 17 19 45 49 14 7 13 43 15 29 47 23 12 18 37 11 6 28 16 20 4 21 31 34 5 3 38 8 35 32 39 46 1 48 
50 49 47 46 50 15 48 29 5 12 33 35 39 6 37 13 9 31 45 26 14 18 44 19 28 41 32 43 20 8 7 36 42 11 25 10 34 38 17 24 4 30 2 1 16 40 3 22 23 27 21 
50 6 26 17 10 28 48 33 4 14 11 20 27 24 19 21 8 12 5 1 42 31 50 3 47 13 45 18 39 23 9 49 32 15 2 41 7 37 29 34 40 43 36 46 38 25 30 22 35 44 16 
50 46 30 16 23 3 26 27 29 17 40 11 7 12 33 14 9 19 13 38 2 48 43 31 20 25 35 50 45 32 22 49 42 24 6 34 21 44 18 36 47 5 28 15 1 8 37 39 4 41 10 
50 49 35 4 46 38 48 44 7 17 32 27 45 10 8 43 22 28 40 9 42 39 5 6 18 24 33 15 23 29 16 36 31 3 19 30 11 50 2 21 26 20 47 37 1 13 12 34 25 41 14 
50 27 30 39 18 13 35 22 20 9 26 43 50 28 19 44 25 36 23 14 34 15 45 6 40 10 42 4 3 41 1 47 32 38 8 17 49 7 5 11 2 12 29 16 46 21 31 37 33 48 24 
50 24 33 6 50 26 42 41 30 7 18 37 17 31 23 9 45 39 32 44 47 21 25 11 29 10 49 2 15 28 1 3 12 20 19 16 22 40 46 48 38 5 4 8 27 13 34 36 35 43 14 
50 6 50 2 13 19 4 41 47 20 24 15 33 17 10 16 29 49 37 46 35 12 40 22 48 45 34 27 7 44 32 36 23 43 5 39 8 25 21 28 30 31 42 26 1 9 3 14 18 38 11 
50 1 42 5 29 50 20 9 27 18 26 6 17 3 24 35 37 31 43 41 40 47 11 48 4 19 34 38 25 46 30 39 10 32 22 49 14 23 45 33 2 44 13 28 8 12 7 16 36 21 15 
50 48 37 31 10 50 30 6 42 22 45 49 24 26 40 7 46 18 32 38 28 14 2 17 20 44 13 19 23 8 3 12 11 35 21 39 9 41 4 47 15 1 16 36 25 27 29 34 43 33 5 
50 6 14 24 7 47 43 16 32 29 1 23 28 37 22 44 18 2 35 31 46 27 34 15 30 17 8 11 4 40 45 33 5 19 3 36 25 10 41 39 20 42 26 21 48 49 50 9 13 38 12 
50 49 28 33 30 45 37 31 44 1 4 42 9 16 2 6 19 13 27 50 17 43 35 47 18 14 24 20 11 21 39 23 5 34 29 32 22 3 46 15 7 10 25 41 38 36 8 48 40 12 26 
50 40 7 10 14 11 47 46 28 12 44 39 43 25 30 4 42 26 13 35 49 22 17 37 23 48 50 6 16 5 15 36 29 24 9 8 31 41 45 19 38 2 34 21 33 3 18 32 20 27 1 
50 41 7 3 14 15 9 17 12 47 13 24 22 5 30 31 38 1 49 36 46 27 4 16 48 23 45 18 21 6 37 25 50 19 40 2 35 33 39 28 20 44 29 43 10 8 26 42 32 34 11 
50 16 31 48 1 32 34 18 49 43 3 30 45 25 40 7 20 2 15 42 4 23 39 10 24 46 5 26 33 41 27 29 50 17 13 14 22 9 47 28 6 21 38 44 12 36 19 37 35 8 11 
50 4 48 7 3 34 26 32 1 47 2 27 50 28 15 9 12 13 37 14 46 41 16 21 33 18 24 43 35 6 20 38 44 49 40 39 10 45 30 42 25 29 19 11 22 8 17 23 31 5 36 
50 31 24 46 22 12 9 37 38 23 36 28 10 49 11 2 41 3 29 26 34 8 13 14 21 1 5 16 17 30 19 32 6 33 48 44 35 50 39 15 43 7 27 18 4 20 25 45 47 40 42 
50 49 7 35 2 31 40 25 43 13 30 3 44 33 32 11 15 19 9 4 47 18 41 28 5 48 12 50 16 14 26 45 34 6 42 46 20 38 1 36 27 21 17 24 23 39 29 22 8 10 37 
50 39 13 30 34 16 48 33 23 25 7 22 46 38 21 6 29 9 18 49 36 26 43 27 50 32 15 19 3 11 41 42 35 4 28 1 14 2 8 17 12 44 40 10 24 20 5 47 45 31 37 
50 2 37 50 49 34 35 47 3 18 45 30 28 7 20 48 40 29 21 11 23 13 12 39 31 26 10 1 16 15 46 32 27 36 33 5 38 24 25 42 14 8 19 41 43 6 4 44 9 17 22 
50 9 3 11 34 21 42 14 37 49 29 32 39 8 36 5 2 7 38 12 40 44 31 15 26 47 43 19 46 50 33 45 41 4 10 18 30 1 35 13 27 25 20 16 48 28 23 17 6 22 24 
50 12 49 26 27 32 44 33 2 40 36 43 46 42 19 5 15 8 23 30 9 29 24 13 21 37 4 6 41 31 16 20 11 25 14 35 18 47 50 3 34 38 45 39 17 1 7 10 48 28 22 
50 48 8 39 11 18 41 23 35 49 27 6 47 17 9 24 3 50 21 28 46 38 43 37 33 1 13 20 40 29 42 2 36 10 32 25 5 44 31 26 19 15 4 34 45 7 14 22 12 30 16 
50 1 36 47 4 33 50 15 28 22 23 19 37 13 34 31 18 42 39 32 38 25 26 48 21 17 2 6 7 20 29 44 11 27 40 46 9 8 45 43 49 12 30 16 14 24 3 10 41 5 35 
50 24 2 40 13 1 15 46 37 11 28 27 36 23 25 32 22 50 49 3 42 39 33 35 30 7 47 29 10 8 19 26 44 17 9 43 48 31 18 6 34 12 38 14 20 16 45 5 41 4 21 
50 29 43 13 44 4 35 8 17 25 2 28 14 27 18 30 33 47 40 46 39 9 34 19 5 37 50 10 48 36 42 6 45 24 11 41 3 16 23 21 12 31 32 49 22 20 1 38 7 15 26 
50 25 50 47 49 11 29 24 32 18 26 28 3 31 38 45 16 20 7 21 9 19 40 39 42 6 1 2 37 8 46 5 33 44 34 14 4 17 13 15 30 23 41 43 48 22 10 12 36 35 27 
50 12 15 25 26 4 30 33 6 39 5 46 20 44 37 49 32 17 38 27 40 14 16 1 22 42 41 23 50 36 3 10 2 45 29 18 9 21 8 11 43 7 19 24 35 13 31 47 48 34 28 
50 21 26 38 7 40 30 1 14 46 37 48 36 3 27 17 10 6 15 22 41 39 34 16 44 33 18 47 32 13 35 8 29 43 31 28 19 5 9 25 49 24 4 45 50 11 12 2 42 20 23 
50 48 43 31 30 2 38 5 39 1 29 6 23 12 16 10 13 7 9 24 50 27 4 11 8 36 40 37 22 14 26 46 17 20 3 35 15 21 42 33 19 25 32 47 41 45 18 34 44 49 28 
50 14 49 38 50 1 47 10 4 24 26 20 34 46 36 30 33 19 45 12 39 7 13 3 48 21 9 17 15 18 40 44 31 42 41 27 5 28 6 29 25 11 16 35 2 23 8 43 32 22 37 
50 15 25 27 35 46 38 10 26 34 30 13 16 39 7 17 33 24 12 50 36 11 2 45 48 40 5 31 23 20 41 47 9 14 49 8 4 18 3 6 21 19 44 32 42 29 28 37 1 43 22 
50 13 26 22 45 21 30 9 19 29 2 23 28 46 33 35 14 15 25 39 17 31 44 24 1 38 18 20 36 6 32 10 41 43 37 16 49 4 7 42 12 27 11 34 5 8 50 3 48 47 40 
50 43 24 50 41 40 30 6 8 20 22 9 34 33 2 13 27 35 19 3 37 5 18 21 7 10 32 4 16 11 26 49 45 23 1 38 39 31 28 36 25 17 29 48 15 44 12 42 46 47 14 
50 46 22 14 1 3 6 25 24 47 32 27 15 29 16 12 44 2 23 21 36 20 5 34 18 33 13 30 8 10 19 41 50 42 35 49 31 48 28 45 9 26 43 11 7 40 37 4 38 17 39 
50 44 46 48 37 14 21 38 20 36 32 29 23 39 40 12 15 13 16 4 24 19 1 7 11 47 35 22 31 3 2 34 17 18 45 26 25 27 49 9 33 41 6 42 10 28 5 30 43 8 50 
50 19 49 7 37 44 15 48 6 20 4 10 24 38 5 41 27 14 39 12 32 43 21 36 42 1 11 2 33 35 46 13 28 26 9 50 8 25 30 22 16 40 31 29 47 18 17 45 23 3 34 
50 14 49 31 50 9 38 29 4 21 33 13 10 45 40 36 2 48 15 17 24 41 8 34 1 23 37 18 19 46 20 42 43 28 32 3 12 47 26 6 7 30 35 11 44 16 39 25 22 5 27 
50 39 38 23 47 43 37 8 15 26 28 42 31 13 18 40 22 32 34 25 2 41 6 16 46 3 50 9 30 33 5 29 21 7 11 27 24 4 14 19 35 17 10 48 20 49 1 12 44 45 36 
50 36 12 23 11 28 7 8 37 40 4 22 47 35 5 15 26 33 19 30 42 3 43 46 41 39 6 25 45 49 38 16 10 9 32 1 29 27 17 18 50 44 2 20 21 48 31 13 14 34 24 
50 3 34 39 2 20 11 17 31 19 36 5 44 8 41 27 30 50 13 45 4 37 16 22 21 49 14 33 9 18 32 43 12 25 15 23 35 29 48 24 7 26 28 40 38 10 47 1 6 42 46 
