200 10 0 7
109 107 104 101 108 105 102
109 100 103 105 104 106 102
109 102 108 106 104 103 100
108 102 103 109 101 104 106
107 108 102 100 101 106 105
102 106 108 103 100 101 109
105 100 108 104 103 101 102
103 101 105 106 100 107 109
131 102 153 114 174 143 179
185 197 109 107 112 123 193
114 115 119 117 111 112 116
118 112 119 116 110 111 115
111 119 114 117 112 116 115
111 114 117 113 112 110 118
110 114 113 119 118 115 116
112 114 115 117 119 110 111
117 110 119 113 115 111 118
112 114 113 111 117 118 119
164 123 189 128 119 152 115
173 108 156 190 161 129 157
125 126 128 124 121 129 123
125 126 121 123 127 128 120
120 127 124 129 121 125 123
121 128 127 126 129 122 120
126 129 121 123 124 128 122
126 128 121 124 129 123 120
126 124 122 129 123 125 120
125 120 127 124 122 121 128
121 159 149 178 110 120 196
115 188 170 121 191 137 106
138 130 136 139 133 132 131
134 131 138 139 135 130 132
137 139 133 134 132 130 131
131 139 138 133 134 137 136
130 136 132 133 131 139 135
130 132 137 134 133 138 139
135 133 138 137 136 134 139
138 130 136 132 139 137 133
173 167 131 129 102 133 123
178 121 155 113 184 124 172
142 146 145 149 141 148 140
147 146 143 142 149 145 148
147 144 141 145 146 148 143
140 141 142 144 145 149 143
145 147 149 148 140 141 144
148 149 142 140 145 147 143
147 142 141 144 149 143 140
140 149 144 145 142 148 141
162 168 145 114 118 134 139
187 150 131 132 148 153 126
158 150 152 153 159 157 156
152 153 158 159 154 150 151
156 155 153 151 150 158 159
155 154 157 158 152 156 153
155 159 157 151 154 158 153
152 157 155 159 158 151 153
158 150 156 155 151 152 159
151 153 159 152 158 154 155
121 176 156 113 185 124 150
174 170 104 178 107 144 101
163 162 167 161 168 165 166
160 169 168 166 163 167 164
160 161 164 162 169 167 166
164 162 166 169 167 160 161
167 160 164 169 162 165 166
163 166 169 164 162 168 160
167 165 166 161 164 169 162
163 162 160 168 166 164 161
166 116 145 169 163 123 119
155 127 183 136 114 148 111
175 173 179 171 172 176 170
171 179 178 176 173 170 175
179 176 177 171 174 178 175
176 171 177 170 175 174 172
179 171 177 175 176 170 174
172 173 177 170 175 179 174
174 178 177 172 171 173 179
173 171 172 178 170 177 174
121 175 147 185 142 134 113
182 109 159 184 155 192 146
184 183 189 188 187 180 186
182 183 180 185 189 186 187
184 189 183 187 180 185 188
182 187 183 180 185 188 186
184 189 186 185 183 188 187
180 186 181 189 184 183 182
188 182 189 180 181 183 186
180 183 182 181 184 189 186
109 193 166 127 146 149 118
142 199 166 102 133 181 162
195 194 190 199 193 198 196
193 194 195 196 190 197 191
196 193 192 198 194 191 197
190 192 193 191 196 199 198
190 195 198 191 196 193 192
190 193 194 196 192 199 195
191 195 194 192 198 190 193
199 193 195 191 196 197 194
159 197 190 144 102 121 120
123 127 147 164 162 191 179
4 2 8 0 6 9 3
2 8 4 1 9 5 3
1 2 4 8 9 5 7
7 6 3 1 5 8 4
9 4 2 3 7 0 8
9 0 3 6 4 1 2
2 5 1 7 3 5 3
2 9 5 6 4 3 6
12 41 95 80 26 63 83
73 60 24 89 3 57 65
11 16 17 12 15 19 13
17 15 11 19 18 16 14
17 12 11 10 16 15 18
16 18 14 11 17 12 19
10 18 13 19 12 14 11
17 14 11 16 18 13 12
15 12 2 18 16 19 13
10 16 7 15 11 5 18
68 90 46 28 94 96 81
80 54 60 41 17 44 22
24 29 25 26 20 28 27
27 22 24 20 28 26 25
25 26 28 29 27 20 24
27 28 20 21 24 23 29
29 21 23 25 24 28 26
24 23 20 25 22 29 28
26 27 29 9 24 2 22
5 20 27 28 6 25 3
93 54 82 67 48 86 16
46 87 18 59 43 70 23
33 34 35 30 38 31 37
38 32 39 37 33 30 35
34 32 38 30 33 35 31
36 37 34 30 31 32 33
38 39 36 35 32 37 30
38 35 36 34 33 30 37
6 7 34 8 3 33 36
7 35 4 39 2 37 34
96 29 24 43 13 97 66
74 85 32 15 41 42 89
40 44 43 42 46 45 47
45 42 41 49 43 48 46
43 41 48 47 42 49 44
46 47 44 41 42 43 40
42 47 49 44 43 41 45
48 49 40 44 43 46 41
46 40 7 43 42 4 5
0 45 3 40 41 8 5
65 87 68 59 26 53 67
1 54 40 75 47 93 29
54 55 52 50 56 59 51
52 55 54 53 51 57 59
51 52 58 55 50 57 53
59 51 53 56 54 50 58
58 52 54 56 59 57 50
58 51 54 56 50 57 53
58 0 9 3 4 51 57
0 8 3 6 1 59 57
11 74 82 66 51 88 56
97 23 46 9 45 30 69
67 65 69 61 60 66 62
68 67 65 63 62 61 69
63 69 66 62 61 67 68
63 61 64 62 68 60 69
68 64 62 65 61 69 60
67 60 63 69 68 61 65
64 61 8 0 5 6 1
5 4 0 9 2 3 65
56 44 39 18 63 17 4
34 95 40 38 45 70 41
75 79 71 76 74 70 78
72 75 71 70 79 78 74
79 71 73 77 76 75 70
70 73 76 77 72 71 79
77 70 79 74 73 76 75
73 78 77 72 71 76 79
76 78 8 6 9 4 77
5 70 78 8 74 2 0
16 81 71 62 54 46 47
49 88 16 19 53 85 71
87 88 81 89 82 83 80
88 80 86 89 85 81 87
86 83 88 80 89 87 81
83 82 85 80 89 84 81
86 82 84 83 88 80 89
87 83 84 89 86 88 82
5 8 2 88 1 89 4
1 86 89 0 9 8 6
5 80 26 32 71 0 31
78 34 77 87 18 19 3
95 99 92 96 91 98 97
94 92 91 93 90 98 95
98 96 93 99 92 90 94
91 92 90 99 97 93 94
95 93 99 91 97 94 90
92 98 90 96 91 93 97
5 8 98 9 6 2 90
5 3 93 9 95 8 1
39 43 53 29 11 10 75
60 45 31 46 67 99 73
