80 4 3 7
44 43 42 47 45 49 41
49 41 45 48 44 43 40
42 40 41 48 45 44 47
44 43 40 49 42 45 48
40 47 45 44 41 46 42
47 48 44 42 46 41 40
64 66 51 63 58 61 60
40 49 53 62 57 64 67
76 65 68 70 64 77 69
50 69 79 53 58 45 74
54 57 53 52 59 51 50
50 53 56 59 55 57 52
50 52 55 57 59 54 53
53 52 59 56 54 50 55
51 58 50 59 56 53 55
54 51 57 59 53 55 58
65 61 60 54 47 46 41
62 63 58 52 64 42 59
68 71 56 52 65 72 50
47 53 76 70 71 52 44
62 67 69 64 63 61 60
65 67 64 63 60 68 62
64 62 61 68 60 66 63
69 67 60 61 65 66 64
61 67 66 68 60 64 69
68 60 62 65 64 63 61
42 50 53 69 54 65 46
51 61 41 64 58 63 67
57 65 56 77 61 70 72
76 67 62 56 40 46 70
74 70 79 78 75 76 71
76 75 71 72 70 78 79
77 73 79 70 72 71 76
71 77 75 79 74 72 76
72 77 79 71 75 76 78
71 79 72 77 76 74 75
45 76 55 47 61 57 70
46 73 56 66 77 48 40
79 60 76 55 68 41 65
57 55 41 73 63 54 67
7 6 8 3 9 2 5
5 7 1 6 9 2 3
4 3 5 7 8 2 9
0 9 5 6 4 3 2
6 3 4 8 0 1 9
8 5 6 1 7 9 2
13 10 28 14 11 2 0
8 2 13 9 11 21 15
22 37 0 17 12 29 18
14 4 18 35 22 7 11
17 12 16 13 14 11 19
19 16 14 18 11 13 10
11 13 18 12 17 16 15
19 12 13 17 11 10 15
11 17 13 12 14 19 10
18 19 16 15 12 17 11
17 10 0 22 5 3 18
26 7 17 3 20 4 19
38 3 8 15 17 0 29
24 7 3 1 14 35 9
27 21 23 29 28 26 20
27 20 26 22 25 24 21
20 24 27 21 26 25 23
24 22 25 28 26 23 21
26 21 22 28 23 24 27
21 22 29 28 20 24 23
22 24 17 15 16 3 7
17 10 0 5 18 14 4
38 19 4 24 30 2 14
3 19 27 31 5 35 33
32 35 31 37 30 38 33
38 33 30 36 32 34 39
37 34 39 36 35 32 38
35 39 36 32 34 38 30
34 33 38 32 37 31 35
38 30 37 35 32 31 33
63 36 59 67 14 35 15
30 15 10 21 47 40 39
0 18 1 25 27 20 33
39 2 4 17 0 15 31
