10
10 6 7 2 10 8 3 4 9 5 1 
10 3 6 9 5 2 4 7 1 8 10 
10 1 7 6 5 8 10 3 9 2 4 
10 3 2 9 5 1 8 4 7 10 6 
10 4 6 10 7 3 1 9 8 2 5 
10 7 2 4 3 10 8 6 9 1 5 
10 9 7 5 2 4 1 8 6 3 10 
10 6 4 9 2 7 10 3 5 8 1 
10 9 10 1 7 2 8 5 4 6 3 
10 8 10 4 2 5 7 9 1 6 3 
10 6 8 2 5 10 9 3 4 1 7 
10 6 8 2 5 10 9 3 4 1 7 
10 6 8 2 5 10 9 3 4 1 7 
10 6 8 2 5 10 9 3 4 1 7 
10 6 8 2 5 10 9 3 4 1 7 
10 6 8 2 5 10 9 3 4 1 7 
10 6 8 2 5 10 9 3 4 1 7 
10 6 8 2 5 10 9 3 4 1 7 
10 6 8 2 5 10 9 3 4 1 7 
10 6 8 2 5 10 9 3 4 1 7 
