10
10 5 6 2 3 8 4 10 1 9 7 
10 3 8 4 1 2 9 7 5 10 6 
10 7 9 3 8 1 6 2 5 4 10 
10 2 4 10 5 8 6 7 1 9 3 
10 1 2 4 8 5 6 10 7 9 3 
10 10 9 6 3 8 5 7 1 4 2 
10 9 5 2 1 3 7 8 6 10 4 
10 8 1 10 3 6 9 7 2 5 4 
10 8 2 10 4 7 3 9 5 6 1 
10 5 1 2 8 9 10 4 6 3 7 
10 2 1 10 5 4 9 8 6 3 7 
10 2 1 10 5 4 9 8 6 3 7 
10 2 1 10 5 4 9 8 6 3 7 
10 2 1 10 5 4 9 8 6 3 7 
10 2 1 10 5 4 9 8 6 3 7 
10 2 1 10 5 4 9 8 6 3 7 
10 2 1 10 5 4 9 8 6 3 7 
10 2 1 10 5 4 9 8 6 3 7 
10 2 1 10 5 4 9 8 6 3 7 
10 2 1 10 5 4 9 8 6 3 7 
