10
10 3 10 4 2 5 1 6 9 7 8 
10 3 4 6 8 10 7 1 9 2 5 
10 7 1 9 2 4 5 8 6 3 10 
10 6 1 4 5 3 8 9 2 7 10 
10 10 4 3 8 2 7 1 5 6 9 
10 10 3 9 2 5 6 7 8 4 1 
10 6 7 2 8 1 9 10 5 3 4 
10 10 2 5 6 4 3 8 1 9 7 
10 5 6 4 10 2 3 9 7 1 8 
10 3 10 2 6 9 7 8 4 5 1 
10 3 4 9 8 5 10 2 7 6 1 
10 3 4 9 8 5 10 2 7 6 1 
10 3 4 9 8 5 10 2 7 6 1 
10 3 4 9 8 5 10 2 7 6 1 
10 3 4 9 8 5 10 2 7 6 1 
10 3 4 9 8 5 10 2 7 6 1 
10 3 4 9 8 5 10 2 7 6 1 
10 3 4 9 8 5 10 2 7 6 1 
10 3 4 9 8 5 10 2 7 6 1 
10 3 4 9 8 5 10 2 7 6 1 
