10
10 8 3 6 1 5 4 7 10 9 2 
10 2 1 9 7 6 10 4 3 5 8 
10 1 3 8 4 10 5 9 7 6 2 
10 10 4 8 6 9 5 7 2 3 1 
10 2 4 6 3 5 8 1 10 7 9 
10 6 8 1 4 9 10 2 3 7 5 
10 6 5 2 10 1 8 7 3 9 4 
10 8 2 5 1 9 10 4 7 6 3 
10 8 9 1 4 3 6 2 7 10 5 
10 4 10 8 2 6 7 1 5 9 3 
10 4 9 8 1 5 7 6 3 10 2 
10 4 9 8 1 5 7 6 3 10 2 
10 4 9 8 1 5 7 6 3 10 2 
10 4 9 8 1 5 7 6 3 10 2 
10 4 9 8 1 5 7 6 3 10 2 
10 4 9 8 1 5 7 6 3 10 2 
10 4 9 8 1 5 7 6 3 10 2 
10 4 9 8 1 5 7 6 3 10 2 
10 4 9 8 1 5 7 6 3 10 2 
10 4 9 8 1 5 7 6 3 10 2 
