10
10 7 5 9 3 8 6 4 10 1 2 
10 9 4 5 1 8 6 10 3 7 2 
10 1 3 2 10 8 9 7 6 4 5 
10 3 4 7 8 6 10 9 1 2 5 
10 2 7 9 8 6 3 4 5 10 1 
10 10 3 5 7 4 9 2 1 8 6 
10 8 3 10 2 7 1 9 4 6 5 
10 3 6 9 10 2 4 7 8 1 5 
10 6 7 8 9 4 1 10 3 2 5 
10 9 2 5 3 1 4 10 6 7 8 
10 2 1 10 7 9 6 4 8 5 3 
10 2 1 10 7 9 6 4 8 5 3 
10 2 1 10 7 9 6 4 8 5 3 
10 2 1 10 7 9 6 4 8 5 3 
10 2 1 10 7 9 6 4 8 5 3 
10 2 1 10 7 9 6 4 8 5 3 
10 2 1 10 7 9 6 4 8 5 3 
10 2 1 10 7 9 6 4 8 5 3 
10 2 1 10 7 9 6 4 8 5 3 
10 2 1 10 7 9 6 4 8 5 3 
