10
10 4 1 7 8 2 10 3 6 5 9 
10 7 1 9 2 6 10 8 3 4 5 
10 10 2 8 4 5 6 3 7 1 9 
10 3 5 10 9 7 4 1 8 2 6 
10 10 4 8 7 1 2 9 3 6 5 
10 9 7 3 2 6 4 1 8 10 5 
10 4 2 1 3 7 5 6 10 9 8 
10 10 9 6 7 1 8 4 2 5 3 
10 6 9 2 5 8 7 3 1 4 10 
10 3 6 9 10 2 8 4 5 1 7 
10 7 1 10 9 8 5 2 4 3 6 
10 5 3 8 6 4 7 9 1 10 2 
10 4 7 10 6 2 5 8 1 9 3 
10 1 4 9 3 5 7 2 10 6 8 
10 1 2 3 6 8 4 10 7 9 5 
10 7 4 10 3 6 5 2 8 1 9 
10 10 3 9 5 4 1 7 8 2 6 
10 9 10 6 8 7 4 5 3 2 1 
10 2 9 5 7 1 8 4 10 6 3 
10 6 10 2 1 7 9 5 8 3 4 
