10
10 1 9 4 10 3 6 5 8 7 2 
10 9 5 6 1 3 4 8 7 10 2 
10 6 2 9 4 1 8 10 7 3 5 
10 2 4 1 9 8 10 7 5 6 3 
10 3 10 5 2 7 8 4 6 1 9 
10 7 1 5 10 6 9 4 3 8 2 
10 10 4 1 7 2 5 6 3 9 8 
10 8 7 6 2 4 10 1 9 3 5 
10 3 6 5 8 9 4 10 7 2 1 
10 3 7 5 9 10 6 1 4 2 8 
10 8 4 6 7 2 10 3 9 5 1 
10 9 1 10 5 7 8 6 3 2 4 
10 6 4 3 5 7 1 8 9 10 2 
10 1 9 6 8 7 3 5 2 10 4 
10 2 5 7 10 4 8 6 3 9 1 
10 4 1 2 7 6 10 5 8 9 3 
10 2 7 5 4 10 9 1 3 8 6 
10 5 7 8 2 10 9 6 1 3 4 
10 3 2 9 6 7 1 8 10 4 5 
10 6 10 1 3 2 5 7 8 9 4 
