10
10 4 3 7 2 5 6 1 9 8 10 
10 8 6 10 4 3 9 7 2 1 5 
10 6 8 5 9 2 4 10 7 3 1 
10 3 1 4 2 8 10 7 9 5 6 
10 8 2 5 1 4 10 7 6 3 9 
10 2 3 8 1 9 10 5 4 6 7 
10 4 8 9 6 5 1 2 10 7 3 
10 10 6 9 1 7 2 5 4 8 3 
10 10 4 8 3 5 6 9 7 2 1 
10 3 9 7 8 4 1 10 6 2 5 
10 10 1 6 4 8 5 3 7 9 2 
10 3 5 1 7 8 2 9 6 4 10 
10 1 3 8 6 10 7 9 4 5 2 
10 4 10 5 8 3 6 7 2 1 9 
10 9 7 8 1 6 4 2 3 5 10 
10 2 7 6 10 3 4 8 1 9 5 
10 1 8 6 7 2 3 9 10 4 5 
10 1 7 10 6 2 8 3 9 4 5 
10 8 7 9 10 5 3 2 6 1 4 
10 10 9 5 7 1 2 3 8 6 4 
