10
10 3 1 6 5 8 9 7 2 10 4 
10 9 1 7 5 3 6 8 10 4 2 
10 6 3 5 4 8 9 10 7 1 2 
10 5 8 2 4 9 6 1 7 10 3 
10 10 9 4 7 8 3 5 6 1 2 
10 1 6 3 5 10 4 8 2 7 9 
10 1 6 4 10 2 3 9 8 7 5 
10 6 2 4 3 8 10 5 1 7 9 
10 2 5 8 6 4 10 1 7 3 9 
10 8 7 4 3 2 9 5 6 10 1 
10 3 5 2 6 7 4 1 9 8 10 
10 4 9 3 1 7 2 6 5 8 10 
10 3 4 1 5 2 10 6 9 8 7 
10 2 7 5 8 10 3 1 4 6 9 
10 10 2 4 5 9 8 1 7 3 6 
10 4 3 2 6 5 1 10 7 9 8 
10 1 9 6 5 4 10 7 3 2 8 
10 9 10 3 4 2 8 1 7 6 5 
10 4 6 10 3 8 9 7 2 5 1 
10 5 2 4 9 10 7 8 6 1 3 
