100
100 17 27 81 45 100 96 12 85 64 19 35 82 51 25 54 72 31 63 99 66 13 90 22 94 67 77 18 49 55 79 53 7 39 34 58 50 33 93 56 75 15 91 14 30 44 3 52 42 60 28 70 95 11 98 69 1 5 71 48 24 89 37 38 57 9 46 20 73 68 4 84 65 88 32 43 6 78 23 2 62 21 16 29 47 83 76 92 41 61 74 36 87 86 10 59 40 26 80 97 8 
100 50 3 9 87 94 7 42 57 48 67 75 59 85 62 88 12 10 49 65 76 90 80 73 14 27 97 96 63 45 69 29 18 8 40 24 55 53 30 64 11 1 2 13 71 95 20 15 28 37 70 46 99 32 36 5 54 74 21 79 44 34 56 43 84 25 16 38 51 19 52 68 33 91 82 61 31 66 6 39 47 17 35 86 93 23 4 100 58 72 81 26 77 89 92 60 98 83 41 78 22 
100 99 34 67 88 92 17 63 71 33 29 38 68 69 16 57 27 82 98 89 25 40 78 2 77 86 84 51 19 66 3 74 56 12 22 43 49 39 9 45 8 94 7 90 81 62 96 4 72 60 61 5 11 83 100 58 48 41 10 85 97 37 47 24 26 73 55 87 28 13 54 20 35 79 36 76 93 64 42 70 65 30 31 75 91 21 32 14 52 1 46 23 15 95 6 50 80 44 53 18 59 
100 85 32 35 62 45 44 2 79 20 33 37 95 93 92 8 76 4 80 90 27 75 77 34 36 47 46 15 96 22 63 83 42 29 52 64 3 41 6 60 94 17 16 13 70 14 87 57 69 21 53 49 28 56 30 25 73 11 40 86 89 61 55 26 48 65 59 38 1 82 5 91 78 12 10 84 9 88 23 50 74 7 58 54 68 100 51 31 72 24 43 18 66 99 39 19 71 97 67 98 81 
100 88 44 59 5 9 73 56 98 41 47 67 86 49 50 21 11 80 48 65 15 24 1 19 13 89 99 43 51 87 36 26 17 27 95 62 66 92 34 23 57 61 77 72 76 6 69 64 100 22 3 54 70 74 8 71 16 42 40 82 75 38 52 53 7 45 30 90 31 91 63 14 4 28 25 60 68 37 96 18 32 2 94 85 29 46 83 78 55 33 58 39 97 10 20 81 35 79 84 93 12 
100 63 82 42 67 78 80 75 90 65 57 50 74 12 23 2 25 8 44 59 61 5 13 43 16 52 51 93 84 95 55 10 40 24 71 31 62 3 20 30 98 72 17 45 14 79 58 35 38 54 41 49 1 19 15 64 29 11 92 27 89 97 66 99 9 53 87 91 83 22 32 88 69 4 47 81 100 68 39 56 26 86 18 46 21 60 33 70 73 76 48 36 6 37 85 7 34 28 94 96 77 
100 14 4 90 62 5 78 10 25 40 81 60 39 21 16 51 18 31 6 96 32 12 29 26 42 17 13 85 47 27 3 91 23 95 100 84 92 20 71 74 7 77 76 24 33 58 52 99 80 61 66 88 67 72 83 36 68 44 49 45 56 1 22 2 93 59 34 98 50 11 35 41 54 55 82 19 70 38 75 9 30 79 28 37 87 43 65 64 73 97 86 46 15 8 48 94 57 63 53 69 89 
100 7 48 4 38 93 47 51 23 92 27 89 97 50 71 84 44 29 66 17 95 60 34 3 41 53 70 94 98 80 30 85 87 82 36 52 55 61 39 96 45 16 58 8 33 26 88 25 86 57 64 20 77 2 6 67 37 90 14 49 69 99 13 75 76 54 79 19 78 91 21 11 42 74 100 5 22 72 40 59 24 63 56 28 18 68 1 83 73 31 32 65 10 15 35 12 62 9 46 43 81 
100 40 2 21 56 87 14 43 79 6 88 67 44 78 31 61 63 18 34 81 20 93 99 60 73 64 71 47 50 28 74 90 57 49 5 69 9 54 77 92 80 53 10 36 76 24 83 16 70 3 62 68 25 32 4 8 13 29 22 82 59 7 55 97 48 72 86 65 51 91 95 19 96 41 17 30 38 94 35 89 27 37 1 84 12 52 66 75 39 85 100 46 98 58 11 23 26 33 45 42 15 
100 14 81 98 92 5 94 30 52 13 58 50 4 91 35 64 41 21 44 83 88 74 73 93 45 47 76 62 84 78 37 18 27 2 26 85 79 7 54 42 60 16 53 10 3 51 87 80 70 28 8 96 82 100 36 11 46 89 25 32 23 17 72 69 63 99 15 29 1 43 66 75 34 38 90 39 22 59 48 95 97 6 20 19 31 33 56 67 9 12 68 65 40 71 55 86 49 61 77 24 57 
100 36 24 84 29 45 68 78 93 97 85 55 5 70 22 12 41 48 79 57 100 58 7 72 46 69 34 94 62 81 37 56 52 66 77 40 63 28 53 95 99 1 88 83 26 30 39 32 27 49 6 96 90 50 31 89 15 86 13 20 14 82 16 60 8 75 98 9 11 19 59 65 47 87 74 3 33 2 43 10 35 73 21 80 51 4 54 67 23 18 25 42 92 91 44 76 71 17 38 64 61 
100 67 28 65 99 18 9 95 22 59 82 86 1 56 52 30 20 87 24 25 29 12 63 61 71 100 84 17 54 69 13 37 40 45 27 85 58 53 92 89 21 74 33 77 34 72 26 35 76 64 51 97 73 3 70 75 79 32 43 68 5 47 16 19 10 78 38 98 48 42 81 46 96 57 41 7 50 94 36 8 93 88 49 39 2 44 6 14 83 31 55 11 60 80 90 62 23 91 66 15 4 
100 13 33 26 5 42 41 10 28 63 58 77 75 22 31 82 17 16 11 76 72 43 3 73 19 48 6 21 1 69 4 20 35 65 89 53 34 100 12 18 93 39 87 99 71 55 32 44 7 85 68 64 96 98 62 56 81 29 15 80 90 74 95 91 61 49 9 54 79 47 37 52 46 78 92 30 38 60 88 70 97 84 23 36 59 94 50 51 83 45 25 57 27 86 67 24 2 8 40 66 14 
100 8 49 91 17 46 78 51 68 45 18 19 50 26 40 88 3 85 99 75 73 22 37 60 5 30 6 83 39 89 12 100 9 52 77 97 69 70 84 95 61 62 11 41 64 32 86 15 24 65 90 33 94 36 98 55 31 66 58 63 92 4 76 43 38 74 93 35 53 14 16 42 56 1 23 2 47 71 27 7 82 96 72 28 48 13 20 67 81 34 79 57 54 25 29 44 21 59 10 87 80 
100 47 89 85 25 45 14 41 51 71 20 81 96 4 35 48 17 15 74 18 70 1 29 100 46 72 77 23 9 39 78 12 60 64 91 87 95 36 57 86 52 61 54 8 22 34 59 80 30 24 53 82 7 10 16 56 99 73 5 11 38 69 58 66 40 6 62 3 65 44 42 31 84 32 88 28 49 27 33 50 68 37 26 94 67 2 21 92 13 63 75 90 93 43 79 55 98 76 97 19 83 
100 30 17 37 67 72 58 16 81 15 11 52 60 61 86 4 78 55 33 73 1 41 12 22 87 62 47 36 10 27 40 54 5 80 13 70 51 38 85 31 2 91 92 50 99 75 57 68 74 71 94 32 63 56 89 96 34 20 59 39 21 35 98 79 9 42 66 14 100 18 77 44 3 64 69 53 49 65 93 84 90 7 95 88 8 97 82 24 83 45 19 28 6 76 46 29 48 25 23 26 43 
100 47 48 24 32 14 52 1 74 38 77 82 91 80 22 92 93 98 9 27 79 90 71 18 53 66 15 5 63 60 13 67 3 62 61 8 43 4 87 10 30 54 11 97 17 35 51 56 75 57 58 78 33 68 70 42 26 19 72 40 81 89 85 45 94 2 20 44 34 31 96 88 41 21 95 36 65 69 50 6 7 84 12 39 73 59 100 99 23 49 16 76 37 28 55 83 46 25 86 64 29 
100 38 34 17 16 23 55 82 20 83 98 48 46 53 96 67 58 88 86 95 72 22 93 7 42 4 19 97 92 36 28 75 99 8 85 50 41 39 74 49 63 33 11 65 100 6 94 52 29 59 87 13 54 71 24 40 89 5 69 25 81 43 57 12 37 68 60 77 70 27 45 32 47 62 90 64 73 78 61 84 26 2 10 56 30 35 51 9 15 76 18 31 91 21 3 80 79 1 66 44 14 
100 89 53 40 85 41 12 32 49 90 58 35 1 45 30 100 38 79 84 82 52 36 88 65 20 44 42 17 18 74 48 66 11 68 92 77 60 67 93 75 78 59 46 16 86 83 8 70 54 28 96 6 25 29 24 51 56 57 9 76 50 97 7 19 95 69 39 5 94 55 72 34 71 99 2 80 14 87 61 64 33 10 23 73 4 22 43 21 81 63 27 47 3 62 31 91 13 26 98 15 37 
100 69 8 86 2 12 33 44 46 60 27 29 62 21 56 80 42 37 3 70 5 76 73 11 78 53 85 92 22 36 41 4 13 81 94 16 68 59 71 24 38 25 28 95 55 84 43 66 91 34 18 7 45 20 96 52 99 83 9 77 26 51 10 14 15 47 89 82 57 61 32 49 98 31 97 23 35 90 67 100 50 65 63 6 87 93 1 48 64 54 30 58 74 17 40 39 72 79 19 75 88 
100 12 47 4 80 50 51 40 75 13 38 6 21 14 64 11 22 9 18 10 41 44 71 56 68 63 43 83 23 97 34 74 94 66 72 73 84 92 82 70 79 8 99 95 89 5 48 45 37 16 20 31 62 93 25 54 81 96 46 7 2 42 88 15 87 32 39 36 30 65 28 24 69 90 29 58 91 57 3 49 35 78 100 60 17 85 19 59 77 55 53 33 27 76 86 98 61 67 1 52 26 
100 51 20 5 86 34 12 44 63 92 16 24 50 39 9 3 55 15 82 41 29 27 90 67 32 43 6 68 75 31 2 25 88 83 30 52 93 74 53 65 58 94 71 100 95 81 14 99 78 47 80 54 33 69 22 7 28 97 40 23 19 45 70 57 37 61 84 91 64 10 73 11 49 66 60 26 13 8 18 98 85 48 46 17 72 96 62 79 1 56 36 77 4 38 21 42 89 87 59 35 76 
100 58 4 91 83 8 60 37 31 100 64 3 43 17 5 48 29 98 18 99 26 14 34 25 56 28 87 92 67 36 77 51 1 46 11 22 52 40 2 35 9 79 27 45 33 63 95 59 80 39 96 66 88 49 12 13 19 90 76 81 6 57 82 30 75 86 38 55 65 7 20 62 89 78 97 74 44 47 69 15 23 42 94 68 50 73 71 54 32 93 70 61 85 72 10 16 53 24 21 41 84 
100 85 66 30 82 64 100 34 41 24 6 92 26 58 4 65 91 38 16 60 96 56 81 54 33 79 94 23 61 68 32 11 87 42 48 71 36 15 9 43 86 67 29 69 31 99 47 18 70 59 45 80 90 28 27 40 74 14 98 97 7 77 51 25 2 62 95 44 76 93 49 75 78 21 3 39 17 12 1 35 63 5 55 89 52 13 72 19 73 20 10 83 8 37 88 57 22 50 53 84 46 
100 89 42 28 36 43 62 68 55 2 95 9 78 75 38 94 26 66 6 64 98 47 92 80 41 70 1 65 49 63 93 15 40 67 82 96 4 18 33 97 23 88 39 48 10 99 100 30 84 56 85 8 72 44 21 54 59 79 13 29 27 87 35 14 86 25 16 20 73 51 91 31 19 52 37 7 71 50 12 22 69 3 45 58 81 83 32 57 24 11 5 74 90 61 53 60 76 34 77 46 17 
100 41 82 14 71 34 39 72 32 33 26 100 58 1 68 22 52 10 89 9 59 23 66 6 90 86 54 40 47 92 20 19 69 43 94 21 4 75 13 38 62 84 37 2 96 31 48 8 80 76 50 11 57 51 78 42 83 44 16 49 64 91 85 46 12 27 79 81 97 29 99 61 36 45 98 73 30 74 95 65 53 17 67 35 63 60 56 55 5 70 93 77 24 3 15 87 28 25 18 7 88 
100 30 77 44 10 2 28 85 80 53 7 34 36 6 48 4 33 72 98 27 60 95 64 9 73 86 58 25 35 87 82 55 74 99 61 13 88 59 92 47 46 20 12 68 93 79 62 84 52 66 70 49 76 100 75 29 5 89 19 65 23 45 32 39 67 21 54 90 17 97 18 56 24 96 40 41 51 69 3 16 57 42 8 26 83 63 1 37 38 14 94 22 81 91 43 15 50 11 78 71 31 
100 85 7 95 82 77 53 45 98 62 88 68 29 30 67 74 35 38 11 43 12 55 93 26 56 89 63 21 31 76 34 94 51 41 5 10 72 83 19 96 75 100 15 3 27 9 52 22 97 1 13 73 48 6 20 40 92 32 25 28 23 87 36 86 8 24 64 78 79 18 49 66 57 16 17 50 59 54 99 90 39 58 91 33 65 80 70 61 4 60 71 14 47 37 2 46 69 81 84 42 44 
100 85 90 64 59 67 29 81 11 83 84 40 91 2 92 95 27 31 18 68 96 26 42 14 5 1 6 98 89 38 45 48 93 82 54 56 37 34 99 80 24 74 97 17 43 78 19 3 55 79 15 39 23 4 28 22 69 60 61 25 65 71 46 41 87 8 20 57 7 36 72 94 33 21 35 10 86 52 32 30 62 16 51 49 66 58 100 75 50 63 47 44 73 70 88 53 76 9 12 13 77 
100 58 22 39 65 14 48 27 8 43 78 82 73 19 15 49 54 30 10 7 31 79 26 13 62 74 36 60 24 47 41 68 45 88 11 91 21 42 38 46 71 59 80 72 55 33 100 76 52 92 29 67 44 84 51 83 32 3 87 69 86 2 20 16 64 4 66 90 53 94 81 37 99 23 56 63 97 9 85 1 35 61 40 18 95 57 96 6 5 77 89 93 17 98 50 25 70 12 34 28 75 
100 30 33 35 58 4 98 13 72 88 8 20 82 32 17 15 9 36 23 50 31 11 48 67 6 86 56 100 25 28 99 89 63 59 53 78 22 91 24 60 96 21 90 51 73 57 16 54 83 41 34 37 12 61 97 39 69 55 95 10 71 93 7 94 84 29 66 38 92 27 85 14 70 44 45 2 46 40 49 80 43 1 3 68 62 75 19 18 77 64 87 74 52 65 26 81 5 79 47 76 42 
100 48 73 31 46 5 76 20 25 78 13 17 15 61 49 83 23 66 97 93 8 21 26 14 57 82 38 39 2 52 88 53 65 27 51 40 56 34 32 55 59 85 86 19 89 28 47 98 7 29 67 42 68 50 96 54 63 81 1 80 37 70 3 11 18 87 79 12 94 58 60 6 62 100 41 43 24 45 84 90 64 99 69 36 44 74 35 30 4 10 16 33 91 77 92 72 9 22 71 95 75 
100 49 76 65 99 25 73 16 67 78 94 81 13 14 28 1 82 88 34 10 22 98 68 3 89 42 56 66 46 71 77 23 55 69 70 83 19 38 54 8 52 72 58 62 24 75 21 41 36 9 64 60 6 96 37 45 27 85 4 43 18 59 47 79 15 29 39 92 61 44 20 2 51 48 97 63 12 86 11 30 87 50 7 95 33 90 35 17 5 57 93 53 100 40 74 80 91 84 31 26 32 
100 51 12 93 61 21 20 13 87 16 30 42 38 50 86 75 32 71 69 91 89 6 96 34 36 54 10 28 53 2 43 33 24 48 85 46 47 94 31 65 58 76 23 25 64 90 100 97 18 99 56 95 70 49 7 14 68 17 35 26 80 40 5 81 60 72 4 66 45 52 74 98 63 77 67 88 92 83 8 78 37 44 39 27 73 22 59 15 11 62 82 79 41 29 3 55 84 19 9 1 57 
100 92 61 14 88 87 36 23 4 84 28 25 95 19 13 39 49 21 98 24 9 70 22 17 16 47 90 69 59 52 1 2 7 54 66 35 63 93 77 18 10 29 81 78 57 82 80 8 26 43 31 71 96 65 48 12 33 75 79 94 11 53 44 50 41 74 91 5 6 46 27 38 97 15 64 67 73 62 45 83 20 72 58 68 40 37 100 99 30 32 85 89 60 3 86 56 42 51 76 55 34 
100 76 24 56 49 51 96 65 67 58 36 83 68 15 32 93 62 82 12 20 38 52 11 77 53 69 34 31 73 42 30 86 26 50 19 47 10 81 37 74 1 23 98 6 71 29 66 48 100 59 44 64 18 87 22 35 5 3 2 92 97 57 28 70 55 21 60 72 95 7 90 94 63 88 45 54 61 4 39 13 85 25 84 89 41 46 78 16 80 79 40 43 9 14 91 75 8 99 33 17 27 
100 87 34 6 7 80 2 39 46 19 74 98 33 57 52 73 70 49 1 41 67 58 55 94 76 14 81 42 23 8 66 61 85 38 47 12 11 86 9 68 62 16 71 54 35 51 28 100 45 4 56 75 97 50 92 32 65 26 3 24 90 64 44 17 27 48 29 77 91 37 60 30 93 43 82 95 78 96 63 22 5 10 72 40 99 21 53 84 25 36 88 20 59 15 89 31 69 79 13 18 83 
100 35 26 43 21 48 71 9 29 4 5 20 19 67 84 96 46 11 79 97 58 8 91 95 100 80 68 77 25 55 93 23 63 64 41 39 17 38 32 7 44 15 98 69 50 37 16 34 59 42 1 28 62 92 88 52 81 65 18 78 74 87 72 56 60 14 83 33 10 24 45 99 73 70 94 66 22 30 3 76 90 31 89 6 82 51 36 61 12 13 57 47 75 53 27 86 40 85 54 2 49 
100 14 21 6 88 20 50 56 99 25 66 59 62 61 23 46 10 18 80 92 69 1 24 78 65 89 55 5 3 81 41 71 13 60 27 87 15 48 63 32 75 97 51 100 64 35 85 67 47 33 29 8 31 53 34 52 42 16 82 44 84 95 26 45 77 68 7 12 49 9 96 11 30 58 43 79 93 28 83 36 74 17 38 4 70 98 86 94 54 72 73 19 2 39 57 37 90 40 76 22 91 
100 49 27 78 43 40 15 16 33 87 53 10 24 80 20 67 22 21 86 89 95 29 65 44 72 73 59 94 97 66 55 18 88 37 5 81 34 99 2 61 52 36 98 84 56 23 25 45 51 31 6 19 48 68 3 4 38 50 100 46 30 71 41 11 79 9 63 91 13 93 75 39 96 12 70 58 8 62 7 28 85 47 54 83 57 14 60 82 26 35 64 76 74 42 32 90 1 77 17 92 69 
100 78 53 99 93 10 94 34 39 46 26 71 42 29 6 8 68 28 63 96 58 67 73 15 51 7 80 2 52 38 25 13 62 95 48 79 89 75 5 55 21 54 97 69 24 100 60 92 9 37 50 66 98 14 27 43 77 85 56 11 82 32 61 40 76 47 83 18 4 35 41 44 17 12 45 1 36 16 30 57 84 70 22 33 59 81 64 19 91 86 90 3 74 88 20 65 31 72 87 23 49 
100 42 87 18 73 72 23 75 97 38 44 11 1 25 49 76 9 32 54 27 99 83 100 43 77 63 13 59 36 34 45 58 96 8 81 10 21 68 69 24 7 65 92 52 20 31 41 55 66 91 19 61 60 51 39 2 80 50 17 40 48 29 67 12 84 70 46 47 89 93 16 3 6 53 35 71 28 30 64 33 88 90 57 56 74 94 14 78 15 5 22 82 4 95 86 98 85 79 37 26 62 
100 89 5 38 85 65 19 73 80 8 41 61 4 74 49 9 93 22 72 13 27 76 11 59 54 40 2 94 70 100 32 7 26 71 82 30 84 44 57 34 45 68 81 6 98 51 24 52 58 25 92 56 55 77 60 21 91 42 87 78 47 97 15 28 46 33 64 35 31 29 50 12 20 18 83 62 23 36 14 66 43 69 17 16 96 67 79 53 63 39 95 99 10 88 86 90 75 37 1 48 3 
100 62 88 48 42 63 85 53 7 74 71 55 51 83 25 14 81 77 65 57 84 96 59 52 12 79 97 34 100 5 6 19 11 36 99 8 30 56 15 44 21 31 91 4 37 32 35 75 33 93 38 3 29 89 66 27 94 90 1 39 45 86 40 41 78 10 82 49 23 47 18 61 43 26 92 60 28 13 24 22 9 46 2 50 58 73 54 67 98 20 70 87 69 95 17 68 76 16 80 64 72 
100 70 67 13 36 66 34 52 90 11 85 29 14 58 92 80 77 4 32 74 41 60 68 38 96 72 44 35 73 75 2 25 26 93 65 94 64 22 91 19 76 50 63 59 78 86 33 27 31 51 15 99 83 23 5 1 97 28 84 24 7 42 48 62 47 37 56 89 40 69 82 10 95 79 21 88 18 71 6 30 98 16 20 53 61 54 100 39 87 12 9 57 8 17 3 81 46 55 49 43 45 
100 75 17 25 1 89 37 79 71 95 87 82 60 21 26 35 41 83 48 59 96 30 97 66 99 57 11 84 77 28 52 55 50 39 5 62 3 53 63 94 23 81 64 4 27 67 16 80 45 10 88 78 69 76 19 61 8 68 47 31 15 13 46 18 40 85 29 51 92 100 12 98 74 14 49 93 36 20 73 72 90 56 44 54 9 22 91 86 38 33 34 70 32 7 42 43 6 2 65 58 24 
100 56 62 66 72 96 16 31 84 24 71 10 39 78 46 79 2 20 68 33 7 69 99 97 47 18 82 11 3 57 1 60 35 49 17 63 22 38 23 93 21 8 87 86 45 61 26 59 100 25 64 65 80 54 43 13 77 53 6 41 36 48 89 34 14 37 88 98 42 85 29 58 30 51 67 44 94 76 81 28 40 9 5 4 83 52 12 50 92 90 70 74 15 75 55 32 73 27 95 19 91 
100 7 78 3 26 34 11 39 49 80 31 96 38 40 89 51 67 81 93 9 5 73 85 74 48 64 45 68 25 47 91 1 12 71 90 52 32 97 57 54 16 60 87 84 2 79 43 61 28 42 66 10 82 86 55 69 18 58 59 8 33 37 4 36 88 44 94 46 56 20 65 77 92 23 100 75 19 70 50 21 53 35 29 17 27 24 14 63 22 98 41 62 30 72 99 6 13 95 83 15 76 
100 100 7 6 2 32 35 17 33 38 20 86 48 29 90 62 96 42 31 78 30 46 40 79 52 25 91 12 88 8 61 87 74 34 68 75 4 10 72 64 81 60 23 73 77 14 18 21 95 99 51 92 76 85 58 43 11 37 66 13 93 44 54 36 67 3 19 71 84 65 83 53 69 70 56 22 9 63 41 82 59 57 89 50 16 98 49 47 1 5 28 27 55 80 39 15 45 26 24 94 97 
100 8 55 51 26 40 68 30 72 35 75 95 96 39 2 23 27 24 92 28 16 71 91 94 29 56 41 80 90 82 52 93 44 31 4 20 32 83 50 17 11 43 81 58 88 85 62 98 36 13 42 89 6 7 61 86 5 1 15 53 34 87 19 12 73 67 25 99 78 9 76 64 37 46 3 69 74 45 70 18 100 22 97 38 66 79 54 14 47 63 77 21 49 65 33 10 57 60 48 84 59 
100 96 95 5 74 4 71 93 15 75 17 26 72 34 62 13 52 22 12 30 33 100 3 92 21 98 39 11 32 19 69 36 41 8 84 73 61 56 18 81 27 20 66 42 68 2 6 49 43 59 77 80 57 24 47 94 70 99 31 54 46 23 1 40 63 16 67 79 45 87 85 97 29 38 50 78 60 58 91 90 88 55 82 51 37 25 7 86 83 14 53 9 44 10 65 89 76 28 48 64 35 
100 1 53 13 51 67 35 94 95 16 99 68 81 9 96 48 86 5 19 93 27 63 46 32 85 42 79 17 61 54 22 90 43 47 20 58 45 89 62 78 98 80 66 64 23 33 56 37 30 3 11 2 4 74 40 91 10 84 92 28 55 41 73 29 82 38 69 12 39 97 65 72 8 14 36 52 75 44 71 26 25 76 49 87 21 77 70 31 18 60 59 15 88 50 100 24 34 57 83 6 7 
100 7 46 89 40 11 26 60 82 24 21 9 94 87 37 83 64 88 85 97 36 96 53 45 13 79 58 99 1 20 47 27 30 81 61 100 6 18 33 14 38 41 56 5 62 43 72 28 84 22 17 3 55 51 54 90 98 69 66 2 70 25 78 34 59 42 8 68 65 4 35 29 92 23 76 12 74 15 49 73 95 52 86 44 31 50 16 67 80 93 39 19 57 10 63 32 75 48 71 91 77 
100 52 86 43 2 78 42 19 48 79 49 23 15 74 98 75 77 7 53 16 51 33 1 9 80 94 38 39 73 72 21 11 63 13 71 26 41 62 4 54 92 50 68 12 67 30 47 88 64 57 99 59 37 82 40 56 91 25 89 81 85 14 3 5 55 70 45 58 76 100 87 96 36 10 65 97 84 27 83 93 61 22 18 60 28 44 29 20 90 31 6 66 8 69 32 95 35 17 46 24 34 
100 99 67 18 46 34 87 23 36 75 79 31 47 11 48 71 3 94 74 45 28 61 30 78 14 83 57 52 51 65 53 77 72 8 33 15 73 2 27 38 58 86 42 50 55 17 44 76 89 24 92 5 63 25 64 91 88 39 59 62 41 70 68 37 21 90 32 29 100 4 80 10 81 22 43 6 60 54 16 40 7 56 66 12 97 82 1 13 9 26 93 49 84 20 69 85 98 35 95 19 96 
100 41 66 56 34 59 55 11 5 44 16 97 38 70 75 10 99 17 13 95 86 60 84 67 36 72 64 80 85 83 6 1 57 63 23 7 62 12 73 15 45 30 61 68 81 91 94 4 39 33 21 100 31 51 3 71 65 27 2 19 29 79 90 9 89 77 28 88 46 76 58 35 37 49 40 93 82 42 47 69 87 50 20 25 14 98 74 54 24 53 92 96 78 32 26 8 48 43 52 22 18 
100 34 55 41 83 93 33 99 66 59 97 48 47 1 3 9 51 13 21 63 95 54 37 70 43 26 88 53 45 32 79 49 73 71 42 4 91 62 52 40 87 23 96 60 27 89 67 36 75 39 20 2 92 22 61 44 29 72 12 35 69 98 38 76 86 5 85 65 68 19 25 24 18 11 30 17 64 31 77 16 90 6 84 10 15 80 46 74 58 100 56 94 7 50 82 81 78 28 8 57 14 
100 37 63 9 31 85 89 25 43 78 26 42 57 39 45 97 49 59 13 62 44 8 100 5 79 56 18 67 98 52 93 21 30 47 15 32 36 53 54 66 95 60 10 64 73 11 19 86 80 90 3 84 48 38 61 99 2 20 27 96 46 12 58 88 34 6 87 77 91 83 76 23 65 35 69 16 50 14 33 72 29 55 94 51 81 40 70 82 22 68 92 24 74 71 1 4 41 7 75 28 17 
100 77 4 28 88 62 80 14 50 33 60 13 26 16 61 68 5 86 74 29 79 17 75 24 49 47 31 43 69 89 36 54 94 85 93 91 18 56 87 41 63 42 71 6 15 96 34 37 38 97 52 8 84 21 99 19 48 100 12 9 10 70 76 20 57 25 55 1 11 35 2 95 22 98 23 81 58 53 51 73 83 44 92 59 78 67 64 66 72 40 46 27 30 65 32 45 82 3 7 90 39 
100 35 80 19 4 46 3 90 94 76 57 39 6 2 11 54 26 1 69 40 95 30 71 42 88 75 91 97 28 50 92 93 74 27 22 51 33 62 87 21 98 17 52 78 73 5 72 83 79 9 14 86 56 55 32 61 45 100 13 77 15 47 70 38 20 99 44 24 53 37 68 23 12 10 7 58 25 67 85 63 66 31 65 8 29 18 64 41 43 49 81 34 59 84 89 60 82 96 36 16 48 
100 55 23 14 62 40 1 82 27 74 72 53 13 7 97 37 26 47 85 19 56 76 49 12 32 3 81 83 28 48 59 46 43 93 21 94 63 6 42 2 57 18 75 80 17 95 29 24 99 52 54 39 50 64 8 25 35 33 69 45 71 31 88 86 96 41 22 78 91 65 20 34 68 79 58 70 9 4 92 15 66 60 67 84 38 73 61 98 90 11 89 36 77 10 5 30 44 100 51 87 16 
100 36 44 40 22 48 1 56 54 5 11 76 33 37 6 51 46 45 72 85 80 27 52 17 50 39 93 47 35 26 63 73 79 16 12 90 71 68 94 25 30 83 42 82 4 78 81 84 23 59 53 74 77 2 38 75 10 19 99 18 29 32 34 66 8 7 13 92 14 9 64 65 21 91 60 49 98 55 69 15 86 97 95 70 88 3 67 100 41 31 62 89 57 61 87 58 24 20 96 28 43 
100 94 32 88 99 85 61 19 50 13 20 90 92 93 23 91 66 8 30 5 96 33 22 65 27 24 43 56 67 72 58 89 17 39 1 4 73 35 7 25 16 78 31 42 29 37 36 71 82 49 15 44 38 47 95 62 55 21 80 12 74 63 77 69 53 70 34 97 84 28 59 2 52 51 68 45 11 46 83 76 54 64 60 79 10 86 14 87 100 40 48 41 6 81 57 18 26 75 98 9 3 
100 39 99 37 35 18 97 44 25 82 69 24 92 78 55 75 65 54 52 73 1 49 56 42 70 76 74 2 90 80 71 17 48 36 5 8 20 62 43 34 50 83 38 15 31 93 59 16 28 68 46 27 19 96 94 58 11 45 51 21 95 98 87 67 86 7 33 3 79 32 6 91 13 60 81 63 30 72 64 47 4 10 9 88 53 12 85 57 66 41 14 89 29 23 77 26 22 61 100 84 40 
100 42 54 19 32 89 12 85 40 17 70 53 1 8 97 78 37 92 76 88 66 80 30 64 51 93 41 59 71 10 46 82 58 7 45 4 83 14 38 99 65 39 26 28 34 47 95 77 35 60 96 73 16 18 43 100 21 9 63 75 81 56 24 23 25 31 5 3 67 50 29 87 62 36 49 48 84 91 72 52 55 11 2 33 13 94 90 44 61 98 74 6 79 57 22 86 15 69 20 27 68 
100 3 36 32 60 84 13 78 37 81 95 52 18 92 50 34 62 6 96 10 55 71 85 79 4 87 29 47 77 16 8 39 5 2 64 88 14 28 99 63 68 58 44 90 7 89 49 65 22 70 20 82 11 61 94 24 31 19 72 75 15 46 27 51 73 12 21 42 57 98 83 97 76 100 35 67 17 80 93 25 91 45 38 53 48 33 26 23 56 86 40 9 54 66 74 69 41 43 30 1 59 
100 82 43 47 26 57 99 8 7 17 49 54 90 71 61 89 9 38 72 96 14 46 29 21 58 27 65 4 18 73 10 34 12 16 66 86 98 48 30 93 79 67 23 87 19 64 24 77 35 81 44 63 95 1 25 3 92 22 45 85 37 74 68 84 13 55 94 39 5 41 88 50 91 20 52 70 60 76 11 33 83 36 100 69 15 28 42 56 80 51 59 78 53 40 32 2 97 6 75 62 31 
100 69 98 39 44 82 29 24 97 30 79 1 91 7 16 81 80 27 60 50 88 26 55 2 8 4 42 83 13 10 58 21 25 34 56 19 20 70 49 46 53 72 47 9 77 40 66 48 76 75 45 11 52 36 63 92 5 51 59 86 12 94 43 95 84 93 85 67 100 87 33 31 74 41 57 3 64 65 35 61 89 73 68 54 23 99 28 17 18 78 32 62 22 38 90 15 96 6 14 37 71 
100 38 59 98 13 55 68 29 27 58 97 18 94 63 77 54 5 40 34 20 79 61 23 93 83 53 43 52 87 32 7 60 67 51 6 12 72 44 74 9 89 35 88 15 46 21 31 22 65 80 85 49 4 42 26 64 41 90 37 47 8 92 100 86 24 10 3 69 56 33 99 95 14 39 45 57 73 82 71 2 30 75 78 48 84 36 66 96 62 17 70 11 19 91 1 81 76 16 50 28 25 
100 81 53 40 60 14 17 89 64 41 8 37 88 47 12 4 28 50 54 87 94 18 96 80 22 65 55 46 49 91 70 24 79 93 74 66 82 43 21 100 76 10 57 48 86 84 52 30 61 77 34 6 63 69 23 51 95 92 31 83 38 73 68 5 98 7 16 71 59 2 45 20 35 19 26 90 62 39 11 13 29 9 36 85 99 1 78 97 42 67 32 25 75 27 58 33 72 3 44 56 15 
100 44 36 23 50 61 58 41 3 79 77 25 88 45 22 87 95 94 93 57 28 6 86 12 18 92 48 68 89 51 7 66 98 54 32 8 55 74 15 90 17 13 1 14 35 91 59 78 76 65 96 29 64 84 62 83 67 31 16 100 70 27 10 81 33 40 20 69 38 4 71 97 63 37 47 85 52 73 53 11 82 39 80 49 26 21 5 75 60 72 34 24 56 43 19 42 2 9 30 46 99 
100 41 36 10 74 69 66 88 11 52 86 16 59 100 63 47 98 48 82 83 8 72 99 46 19 1 92 81 55 77 33 24 56 45 87 53 29 64 94 15 85 12 35 50 93 22 54 51 13 26 40 67 43 96 9 79 17 25 28 95 89 65 58 70 39 4 14 6 3 2 32 90 75 68 84 62 30 38 97 76 91 49 18 27 73 23 37 42 5 34 60 71 31 80 21 57 44 61 7 20 78 
100 4 11 58 95 88 71 38 85 6 30 13 97 35 28 36 92 75 22 49 52 37 86 76 47 82 74 65 5 16 14 63 7 9 1 48 90 69 72 93 18 89 25 34 99 55 78 50 100 10 59 39 66 67 94 27 96 3 84 70 79 40 44 60 32 23 33 64 31 56 54 42 61 2 91 46 80 29 15 41 17 43 45 26 12 19 98 81 73 51 21 77 62 57 20 83 53 87 8 68 24 
100 70 67 73 19 98 39 16 96 97 43 46 37 85 53 36 4 92 75 12 82 65 29 64 54 15 100 63 81 11 35 56 17 93 2 83 99 40 6 68 90 84 50 48 76 24 27 80 66 52 59 8 41 74 95 69 91 9 7 1 77 5 3 18 21 71 22 30 34 60 14 23 87 25 51 32 10 79 78 44 62 88 33 13 31 26 55 42 20 94 86 49 57 38 58 28 72 61 89 47 45 
100 19 65 32 33 99 31 69 67 28 71 44 87 64 83 29 81 51 18 77 45 78 46 13 98 27 6 30 14 88 55 72 17 41 85 84 76 22 82 12 62 34 94 3 70 35 8 40 4 68 16 10 75 20 91 38 74 100 79 54 61 42 21 56 5 92 48 24 57 58 1 43 90 47 95 37 49 52 53 93 26 66 2 59 73 60 7 23 9 15 89 80 50 97 25 39 86 36 96 63 11 
100 61 50 39 2 72 18 70 8 59 15 45 93 86 36 52 31 82 80 53 7 9 71 37 51 73 32 66 3 60 11 77 28 35 96 65 78 84 46 19 90 76 55 69 58 1 43 10 64 4 57 30 38 6 23 83 97 16 79 48 63 74 68 44 34 13 25 26 17 92 41 12 87 20 75 14 56 54 98 24 42 5 49 94 85 95 81 22 100 88 99 67 89 29 33 27 91 47 21 62 40 
100 6 1 59 39 29 5 77 72 25 43 98 45 46 57 15 14 42 85 91 18 71 3 4 51 24 97 79 30 49 92 88 58 87 84 55 26 53 86 73 7 48 32 41 9 93 80 2 8 13 34 66 12 44 89 19 31 54 70 33 68 52 99 75 11 64 63 38 27 50 60 67 37 78 61 35 23 17 83 20 76 74 62 28 10 90 100 21 81 95 36 47 65 94 40 16 96 69 56 82 22 
100 91 98 2 95 79 96 51 66 76 17 62 67 12 16 85 90 87 40 34 94 43 44 53 50 1 14 72 78 80 45 89 56 24 18 75 84 60 47 93 10 22 63 48 99 30 68 25 52 73 65 42 23 86 100 82 13 5 46 97 9 29 37 59 61 64 35 21 33 41 28 58 88 19 83 39 49 4 74 3 69 26 27 6 77 31 15 70 81 57 54 8 11 38 55 7 92 36 20 32 71 
100 63 79 7 33 3 86 43 32 22 74 52 49 38 46 27 51 55 37 84 5 95 28 71 92 56 13 41 20 72 4 99 77 64 8 35 62 85 21 25 39 26 11 100 73 48 67 47 57 65 30 88 87 44 68 23 31 82 1 24 12 15 98 76 69 96 6 50 36 14 34 78 42 19 17 60 75 54 83 53 61 45 59 40 18 29 16 94 10 91 89 81 70 93 9 66 90 80 2 58 97 
100 21 96 52 7 59 87 28 71 98 73 94 57 42 56 10 72 14 31 74 58 11 3 12 45 8 66 92 50 84 55 38 78 86 22 93 49 13 48 65 64 26 4 53 90 9 44 62 79 100 43 33 61 67 81 40 34 70 47 75 25 37 27 19 54 68 20 95 29 2 36 60 91 89 82 23 41 39 16 88 24 76 1 99 46 5 83 63 30 6 85 15 18 35 51 80 69 97 77 17 32 
100 98 77 26 72 64 2 28 44 16 80 27 67 86 78 75 5 42 8 7 35 1 81 20 19 50 54 12 51 11 29 60 33 24 30 63 93 57 39 9 53 15 92 41 22 99 59 70 36 14 25 34 46 68 97 74 21 87 82 32 31 84 61 85 45 83 100 62 48 6 55 58 40 91 4 90 79 94 66 18 23 76 56 3 89 96 13 69 95 17 52 88 71 47 38 43 65 37 49 73 10 
100 57 61 27 71 6 26 24 41 70 44 54 9 19 46 75 15 23 64 73 84 42 25 63 89 31 35 34 10 88 12 77 76 58 13 40 98 1 68 69 43 60 72 55 21 83 79 65 45 4 93 91 48 37 67 14 38 86 53 33 36 22 99 82 52 96 74 3 81 85 80 49 39 8 20 94 47 7 17 100 29 92 87 16 59 50 51 66 30 5 97 56 11 90 62 78 32 28 95 18 2 
100 69 30 53 65 32 49 47 39 31 24 40 57 97 20 10 14 41 12 95 19 16 36 66 5 75 42 38 3 99 51 61 21 98 71 25 44 72 70 28 91 79 82 17 63 64 26 80 90 27 81 86 62 52 83 1 67 84 73 77 33 22 60 48 87 9 93 4 45 54 50 59 35 18 15 13 74 2 96 37 46 34 55 85 8 100 76 89 43 58 11 88 29 94 56 68 6 78 7 23 92 
100 95 31 75 99 93 79 76 90 49 22 97 27 89 91 94 86 98 16 65 100 23 43 11 53 51 42 71 14 46 78 52 19 60 21 67 10 64 12 37 39 84 9 70 38 35 32 87 29 63 54 69 77 33 50 5 48 7 73 80 47 85 20 82 3 56 28 68 34 24 13 44 62 30 6 61 17 74 59 26 36 1 58 88 92 15 72 57 4 18 41 81 83 2 40 55 66 45 25 96 8 
100 12 53 52 56 95 59 98 23 40 16 76 11 42 88 55 80 27 96 29 65 87 54 24 43 60 64 82 33 69 26 47 51 4 13 63 62 35 30 93 15 39 10 78 34 46 37 86 1 81 7 79 44 22 6 97 58 84 74 70 18 2 73 67 19 50 61 91 3 25 45 75 100 21 71 83 72 9 17 14 31 36 90 92 77 32 5 8 48 57 20 28 89 41 66 38 85 68 99 94 49 
100 25 69 36 98 65 37 40 15 79 5 44 4 63 17 23 88 47 99 58 51 59 13 94 75 66 90 84 48 52 86 49 83 35 72 9 18 91 32 68 93 12 45 42 28 22 41 1 89 74 31 2 29 92 82 67 77 24 8 73 21 55 80 81 61 53 95 6 100 50 39 30 70 78 10 57 3 16 43 38 76 7 27 46 26 85 34 62 56 11 87 33 60 64 97 19 54 20 96 14 71 
100 79 21 44 12 80 48 10 37 39 75 35 28 63 83 70 32 41 2 3 20 36 49 54 68 42 47 29 90 14 17 64 53 60 91 6 84 66 27 43 99 11 59 58 82 97 51 25 18 98 85 92 56 52 96 45 33 86 57 88 26 72 87 8 9 16 76 62 1 15 95 73 71 100 40 94 23 78 89 55 34 5 93 74 19 24 31 13 46 4 77 22 38 50 69 30 65 67 7 81 61 
100 5 39 37 35 65 57 52 34 9 24 3 85 83 100 82 4 25 70 73 20 78 88 43 99 92 68 93 31 67 64 72 62 61 8 40 56 6 59 79 55 17 63 60 26 10 7 12 21 19 58 98 54 76 22 66 95 84 96 29 30 69 41 51 42 48 71 23 50 74 75 18 15 16 13 2 77 36 87 53 86 27 38 91 49 1 33 89 14 90 94 80 32 46 81 28 47 97 45 44 11 
100 83 89 43 84 17 39 15 44 66 88 48 82 57 56 20 22 19 77 92 29 96 28 12 99 31 69 24 4 36 62 42 70 67 58 9 75 41 27 78 76 97 60 98 94 79 34 35 21 93 68 6 32 55 86 87 53 61 8 63 13 5 14 49 33 18 3 73 47 59 72 54 100 38 51 90 26 37 74 11 80 65 25 95 23 85 1 64 91 50 16 10 71 46 30 81 45 52 40 2 7 
100 77 45 36 72 81 90 74 14 57 28 1 12 46 89 91 48 13 58 54 61 70 100 39 51 21 18 92 4 2 87 63 34 82 99 25 78 9 30 84 32 17 59 60 69 67 55 66 42 19 64 79 41 24 43 44 47 86 16 96 23 73 26 27 75 20 40 35 65 97 88 83 15 71 29 85 22 38 3 50 62 7 68 94 95 56 10 6 76 53 80 52 37 8 5 11 98 31 49 93 33 
100 88 25 84 96 60 49 27 39 93 15 63 97 52 47 33 51 37 62 59 75 22 77 85 31 76 65 16 56 67 55 40 95 19 100 89 13 82 10 68 14 71 6 34 2 64 86 99 72 81 26 20 21 43 80 44 28 78 45 11 70 24 41 3 5 69 50 29 38 98 48 83 90 36 94 73 17 91 57 9 87 35 74 46 58 12 18 42 32 1 7 54 4 66 61 30 92 8 79 23 53 
100 57 45 69 65 59 90 22 44 15 34 67 91 94 32 99 76 39 96 73 11 55 18 9 25 51 71 3 78 29 27 50 1 26 92 40 38 46 28 49 79 54 17 84 14 36 61 30 56 77 20 98 31 4 97 13 8 83 80 60 88 66 89 19 21 10 42 87 33 62 7 47 35 100 93 24 75 6 23 81 58 41 53 72 48 43 63 74 12 64 37 95 82 16 70 86 85 5 2 52 68 
100 15 6 72 53 93 69 46 21 84 96 78 41 44 74 92 17 86 47 60 49 28 71 65 89 70 16 61 64 95 43 1 4 20 76 23 30 48 66 85 11 45 3 36 55 81 22 99 82 10 75 51 37 24 57 9 40 73 56 5 8 42 80 77 32 39 97 52 35 87 14 54 62 50 13 88 29 91 90 31 83 26 63 2 19 34 27 67 68 98 38 59 79 94 58 33 100 12 18 7 25 
100 5 66 41 4 51 79 11 88 40 29 91 94 13 82 71 98 77 36 37 31 93 85 26 80 15 99 56 46 27 18 90 53 49 20 100 10 23 70 96 7 58 89 34 95 72 33 24 52 42 44 2 3 16 97 57 86 12 87 39 84 60 73 6 45 21 28 64 61 63 81 55 43 92 67 50 22 17 38 48 47 9 75 1 65 14 8 19 59 68 25 76 32 54 62 78 35 30 83 69 74 
100 38 58 51 41 55 73 48 2 40 100 52 29 16 76 17 66 1 5 45 53 59 83 7 6 80 28 32 21 13 65 88 98 12 81 44 27 49 61 79 15 97 33 94 25 30 22 93 39 34 19 87 18 89 78 71 82 67 37 75 42 54 14 31 63 11 85 99 92 23 10 3 57 35 4 46 8 84 20 74 36 26 56 62 60 91 95 24 77 86 9 72 69 43 50 68 47 64 90 96 70 
100 38 61 82 15 17 41 54 4 86 72 13 7 24 48 50 43 49 2 87 100 53 83 51 12 73 27 18 84 11 59 20 68 89 88 6 58 37 36 35 3 63 52 62 81 93 70 66 45 19 80 85 40 21 56 47 22 79 32 69 57 28 14 71 75 10 5 8 97 96 76 67 46 91 74 78 31 94 42 77 55 1 60 39 26 44 90 98 9 64 23 16 34 29 92 95 25 65 99 33 30 
100 24 27 7 66 95 35 99 41 64 3 42 50 73 62 5 76 21 48 69 25 4 28 85 67 55 32 26 74 38 52 94 1 23 89 30 100 65 79 60 91 47 98 29 44 10 13 54 71 39 93 11 2 63 22 53 83 84 15 18 14 77 20 8 12 97 31 9 19 96 68 70 40 46 88 81 59 6 80 45 82 78 49 43 33 16 51 61 57 75 17 90 56 36 72 34 86 92 87 58 37 
100 78 25 69 54 95 20 41 82 39 14 4 49 76 67 70 6 73 36 18 72 81 52 45 8 23 48 99 71 46 60 5 3 80 97 13 53 42 16 10 32 40 7 63 1 28 62 24 88 2 66 51 64 15 12 100 93 90 38 19 65 50 98 91 57 85 37 11 77 56 17 83 75 96 68 94 27 35 86 34 89 47 79 61 87 22 29 30 84 21 33 31 26 43 74 92 9 59 44 58 55 
100 37 84 79 73 83 23 19 81 1 17 44 64 42 22 13 36 53 6 18 90 40 65 28 34 12 70 20 26 25 9 98 45 8 92 67 82 93 52 54 87 48 88 99 78 68 63 71 43 66 16 76 51 95 5 33 77 35 86 2 4 38 89 91 21 27 60 58 57 7 32 46 10 62 24 49 96 97 94 56 14 55 61 3 29 69 15 11 47 75 31 100 41 72 50 30 85 80 74 39 59 
100 99 6 5 66 45 54 4 12 88 8 49 34 60 15 38 81 92 9 52 13 55 36 70 63 25 53 30 26 1 80 85 84 43 91 87 67 24 32 23 48 95 93 68 51 27 7 82 98 79 44 65 57 97 22 21 61 42 59 62 96 20 69 46 74 86 58 50 100 72 11 37 90 35 77 33 64 10 29 89 47 41 14 94 3 28 56 39 16 40 31 78 76 73 75 18 83 19 17 71 2 
100 53 80 36 61 97 29 43 66 14 95 44 3 68 89 25 28 11 85 50 96 19 40 82 1 47 38 90 49 24 46 15 52 51 81 72 12 27 31 16 69 99 20 84 54 32 65 35 60 39 93 13 48 58 62 8 41 76 94 98 6 45 92 37 34 17 26 5 57 7 4 75 83 74 67 21 77 70 100 71 73 22 88 23 64 86 42 56 87 10 18 59 9 30 79 91 63 55 33 2 78 
100 96 22 34 88 93 38 32 77 40 100 82 39 33 54 24 3 5 14 53 7 16 69 30 36 1 13 64 12 19 48 9 91 43 10 95 65 26 72 63 44 83 50 58 87 81 4 80 75 71 51 90 84 99 76 35 31 52 78 47 41 60 42 28 89 85 57 94 21 67 73 55 46 2 86 97 23 56 45 66 17 49 37 79 27 11 8 61 20 62 6 15 59 29 98 68 74 70 25 92 18 
100 98 44 31 68 88 14 50 22 94 51 6 25 69 84 47 90 28 81 93 37 13 38 5 67 34 8 76 91 15 63 35 49 99 52 12 17 73 97 33 92 65 11 53 1 24 57 72 27 32 95 9 30 71 21 58 7 82 20 10 64 4 78 16 39 96 61 36 54 77 56 42 40 19 43 75 60 46 85 87 18 2 59 80 79 74 3 48 41 29 23 89 62 70 26 55 83 100 45 66 86 
100 5 66 7 30 99 43 3 90 37 34 61 53 45 85 50 89 36 72 14 87 84 17 29 41 52 18 86 28 19 9 32 96 15 57 13 46 83 56 24 59 1 47 79 74 65 60 25 22 64 4 40 39 62 27 80 42 11 20 49 68 73 78 70 2 92 94 35 63 95 81 100 6 33 44 93 12 10 23 16 51 8 77 71 69 21 31 54 48 67 88 98 38 26 97 82 91 76 75 58 55 
100 15 34 84 80 35 54 25 14 30 39 24 68 96 71 20 7 90 93 87 26 81 2 67 74 19 11 5 65 18 55 62 92 60 63 22 9 10 46 32 37 77 48 59 79 44 75 16 97 36 41 4 89 12 82 27 66 28 3 69 38 45 88 50 64 13 29 78 56 99 76 58 57 8 83 72 42 85 21 52 53 1 23 49 17 43 98 94 91 40 73 31 86 6 33 61 95 100 47 70 51 
100 19 49 50 83 45 64 55 43 16 4 81 44 25 22 78 60 92 12 23 58 37 75 99 90 59 29 17 47 14 35 80 61 96 100 93 20 24 86 7 67 65 69 97 95 66 27 15 71 46 53 40 32 70 51 52 84 77 56 38 30 79 10 34 82 9 2 68 8 13 42 62 91 63 85 26 21 94 6 73 48 87 11 72 36 33 57 3 18 39 89 76 1 5 98 41 54 31 74 28 88 
100 55 91 23 37 47 46 60 89 71 66 51 30 59 33 4 97 26 32 84 40 54 90 63 78 13 14 99 31 77 68 41 27 6 11 94 36 72 25 57 70 18 74 42 1 38 73 58 50 88 65 56 12 62 67 3 48 96 69 17 7 45 83 34 95 29 92 100 98 5 76 52 2 39 8 53 9 86 80 61 28 20 35 85 93 82 10 22 87 21 81 43 49 19 64 15 24 79 16 75 44 
100 37 2 8 64 67 3 6 79 33 77 90 89 99 25 88 73 59 24 39 65 84 51 50 52 18 47 1 70 61 58 68 57 5 32 13 86 66 80 46 74 87 22 17 54 10 14 92 11 40 30 45 83 98 31 38 69 43 4 71 7 20 96 9 21 29 62 95 26 34 12 97 48 91 55 82 56 19 27 78 85 76 63 72 15 36 94 75 53 49 100 23 42 81 60 28 44 35 16 41 93 
100 18 57 98 69 47 31 66 19 22 56 79 64 67 61 72 13 90 32 8 1 52 16 44 17 27 65 68 85 92 59 55 30 4 5 82 49 36 93 62 12 74 51 41 34 43 84 37 86 11 77 6 95 89 99 83 24 70 73 45 42 25 94 2 39 60 54 50 63 28 48 40 26 80 75 29 3 81 7 38 78 33 23 87 71 15 100 88 91 20 58 9 14 21 10 76 53 35 46 96 97 
100 12 36 83 52 61 11 42 47 26 81 4 70 53 20 79 10 19 89 27 95 2 33 67 73 64 39 38 56 78 21 63 98 31 9 80 44 35 59 25 1 17 15 51 16 50 18 40 32 97 29 88 68 84 14 54 66 48 71 58 62 96 77 91 86 22 6 45 28 23 90 57 69 3 5 8 13 94 93 30 43 100 46 7 37 76 24 55 87 34 75 74 82 99 65 41 60 92 72 49 85 
100 53 12 26 75 28 38 14 17 9 90 5 10 76 13 56 16 52 79 81 74 30 20 41 89 60 65 82 92 96 18 50 63 2 27 33 59 34 67 40 70 39 58 11 78 45 55 73 3 85 95 37 54 22 80 36 57 51 100 24 87 25 84 35 88 29 77 68 86 15 48 43 32 98 61 69 47 71 1 42 94 64 97 31 7 46 91 19 49 21 62 72 66 8 93 83 6 4 99 44 23 
100 37 57 99 18 2 30 77 52 65 15 50 84 7 64 82 75 32 67 39 4 81 14 49 12 92 88 60 42 46 61 53 3 96 89 63 5 17 45 91 51 43 38 41 8 10 74 9 47 86 56 55 69 54 66 16 1 33 100 25 62 26 98 58 85 79 93 27 80 70 73 90 76 83 13 87 28 11 20 95 24 40 19 21 36 48 71 59 31 34 72 97 44 29 68 23 6 94 78 35 22 
100 12 10 65 27 99 42 34 15 100 66 4 25 52 14 74 87 19 96 6 28 61 63 76 9 48 40 37 36 90 30 82 54 8 41 47 71 53 33 89 44 56 2 88 78 80 23 1 97 68 98 3 91 95 45 84 77 38 70 60 24 32 83 57 17 18 81 5 59 94 51 21 13 79 93 73 92 29 35 31 26 46 39 50 22 55 62 58 20 49 64 69 85 86 72 11 16 67 75 43 7 
100 46 74 34 70 54 55 2 35 65 88 58 99 83 29 62 3 100 7 76 51 69 57 49 85 97 79 16 39 71 89 33 61 24 32 95 41 60 1 72 80 53 17 43 45 52 67 18 15 27 42 40 12 14 13 37 84 64 19 48 59 73 31 21 38 30 4 50 78 63 11 44 47 82 36 96 98 23 68 75 93 25 22 5 94 90 20 26 9 8 77 87 81 6 92 66 91 28 56 10 86 
100 51 85 4 53 76 38 42 18 96 6 40 37 68 7 59 12 67 83 78 55 79 56 97 15 19 72 64 87 88 81 86 25 44 62 98 27 10 24 94 100 9 41 93 61 57 28 91 2 80 65 31 58 43 32 16 69 33 90 36 47 8 26 48 45 60 5 30 1 11 14 74 73 99 54 29 77 82 34 50 75 46 17 84 22 23 52 66 35 3 71 49 95 39 13 63 70 20 89 21 92 
100 68 57 50 58 24 60 85 2 44 15 64 66 80 10 84 13 14 67 88 43 46 16 36 4 45 7 22 78 25 96 38 23 34 6 79 69 11 21 62 98 70 83 17 3 31 37 40 72 76 29 28 63 8 48 53 91 35 75 55 94 71 1 82 73 86 74 47 93 9 52 99 26 97 92 39 20 61 51 100 77 18 89 81 33 30 41 90 65 42 87 12 54 27 56 59 5 95 32 19 49 
100 38 100 48 86 18 69 89 50 62 36 1 32 15 56 27 74 53 24 2 40 8 44 57 19 7 5 25 68 42 11 82 23 34 58 70 78 12 54 72 96 9 75 76 85 97 88 33 17 98 94 51 66 47 20 92 64 29 13 80 61 41 73 14 79 93 6 3 77 43 4 52 37 91 67 16 46 81 35 99 55 26 10 39 71 59 21 49 22 28 65 31 87 30 95 45 60 90 84 63 83 
100 78 86 89 18 63 2 41 35 81 47 12 51 84 28 92 13 6 45 90 20 97 44 56 37 24 21 62 22 5 55 4 31 16 23 33 49 93 68 60 54 58 25 70 46 38 73 43 30 80 82 64 87 32 40 71 96 42 19 53 10 36 8 57 29 76 34 91 11 77 7 95 98 3 99 74 100 88 67 50 52 39 65 17 9 85 26 14 94 59 75 61 79 1 27 15 69 66 48 72 83 
100 30 18 56 79 77 92 20 24 94 78 96 8 35 100 23 41 21 28 44 60 12 11 72 89 68 58 4 82 84 16 43 29 86 47 54 49 26 83 15 37 1 74 27 13 85 34 88 14 7 61 48 50 33 87 90 95 69 51 45 2 64 36 91 5 81 42 53 80 52 55 39 97 67 59 98 93 63 46 62 22 6 10 65 17 66 19 70 32 38 31 99 3 9 73 25 71 40 76 57 75 
100 88 60 26 6 66 7 94 43 9 14 34 92 16 2 100 84 46 44 81 5 52 79 31 22 21 32 70 69 50 96 77 13 18 39 51 54 24 87 27 85 23 53 35 33 76 55 80 78 74 45 90 91 71 75 49 68 12 89 20 38 62 11 48 1 37 25 3 65 56 40 47 83 17 15 98 93 41 36 57 99 64 67 97 59 63 95 29 86 4 19 82 73 30 10 42 72 8 61 28 58 
100 19 40 88 65 26 56 93 4 81 51 31 57 100 17 18 21 66 37 52 67 50 44 71 86 29 41 25 77 42 38 58 72 46 75 74 64 47 28 3 11 39 8 45 76 70 55 59 85 69 87 10 30 60 15 90 33 49 80 82 1 92 9 79 23 94 27 35 43 32 78 98 99 63 68 83 22 48 13 5 89 91 6 73 7 2 14 96 61 34 95 16 12 97 24 54 20 36 62 84 53 
100 72 29 37 70 99 60 41 67 100 39 5 16 71 49 43 89 98 27 73 48 28 31 59 45 30 3 18 54 34 20 68 69 81 61 4 83 42 88 6 33 85 55 21 22 46 97 52 78 50 17 79 11 14 47 76 1 91 96 12 23 66 77 8 86 65 26 2 58 56 10 19 36 24 44 9 92 53 15 35 80 25 7 62 90 74 93 32 95 75 40 57 63 38 64 13 82 51 84 94 87 
100 1 6 85 2 38 82 60 29 80 24 83 23 22 4 52 89 69 35 37 25 71 62 44 10 40 95 20 16 74 64 57 97 49 3 45 14 9 67 28 15 41 5 88 7 70 17 63 32 19 76 31 66 96 50 68 56 72 81 59 65 26 91 42 8 73 12 77 48 43 99 87 61 13 94 53 58 47 92 84 98 93 86 39 33 27 51 36 79 30 55 78 90 54 11 46 75 34 21 100 18 
100 51 81 46 84 78 27 77 68 88 32 29 100 36 28 82 18 64 99 44 76 14 4 34 63 89 56 72 71 30 65 22 35 96 42 13 92 43 31 87 41 5 40 17 24 62 97 26 12 2 58 10 38 1 39 85 50 74 59 45 37 93 90 48 33 73 86 8 66 79 61 98 70 91 69 47 7 80 15 57 83 21 75 25 19 9 53 95 49 6 67 11 60 55 94 16 23 3 20 52 54 
100 68 71 77 6 13 99 35 44 4 80 34 73 67 40 26 75 79 87 92 72 95 8 38 16 30 25 5 63 100 56 82 17 52 14 24 47 22 96 55 37 50 57 86 59 51 20 23 27 98 33 93 10 21 49 39 66 78 90 84 74 31 11 1 12 41 54 81 28 36 60 18 88 91 76 48 7 3 65 97 64 89 53 32 42 19 43 15 94 58 2 61 46 62 83 70 29 45 85 69 9 
100 12 46 55 85 65 38 34 43 19 37 36 11 80 93 22 69 54 96 45 33 87 77 14 3 28 72 57 48 7 47 23 2 78 83 90 98 29 24 50 25 20 17 79 4 86 91 44 70 64 75 88 26 13 61 41 99 5 51 27 76 68 94 30 84 71 52 56 9 1 39 67 66 10 35 40 15 97 31 58 74 95 89 92 49 73 60 6 81 63 59 21 100 53 62 18 82 8 42 16 32 
100 49 36 30 10 3 24 9 27 68 11 55 33 23 87 100 46 2 54 29 94 57 62 64 74 16 96 17 79 73 83 18 80 22 28 84 52 26 35 89 67 78 43 82 63 92 12 45 51 15 71 70 25 53 65 77 72 58 37 1 34 42 44 7 56 98 75 20 90 8 32 91 86 47 21 39 50 38 5 99 19 6 88 13 60 66 48 85 95 31 69 40 41 14 93 81 97 76 61 4 59 
100 69 65 92 72 85 49 56 2 96 18 44 54 33 43 32 36 35 58 64 67 88 16 31 30 26 24 90 75 60 55 89 28 39 100 94 38 73 77 66 3 79 22 46 20 42 13 95 41 5 27 70 9 19 83 93 40 74 82 4 51 61 11 52 81 25 34 10 84 23 63 80 53 21 1 87 76 7 37 59 17 45 98 86 6 12 15 71 97 62 99 78 91 50 57 14 8 29 68 48 47 
100 60 75 83 53 45 25 73 19 74 90 44 65 49 79 63 61 71 27 89 62 93 10 72 84 24 57 64 42 86 28 23 35 5 54 56 38 22 32 7 59 14 46 68 80 33 77 69 96 4 18 100 58 76 82 16 99 50 34 29 2 1 30 26 39 21 11 3 52 94 20 40 6 88 55 85 36 92 97 95 43 15 17 70 12 37 9 91 47 8 87 81 78 41 51 67 13 48 98 66 31 
100 22 28 40 12 51 69 20 41 17 13 65 53 10 72 8 71 18 95 30 89 26 15 23 49 21 52 85 43 31 86 73 76 16 82 45 97 61 56 96 57 93 92 90 62 88 25 55 47 84 46 58 38 5 2 79 94 77 50 99 91 87 19 83 34 27 60 48 78 68 1 29 70 66 98 37 32 14 35 33 36 64 7 11 59 39 81 6 3 100 74 80 4 9 54 67 75 24 44 42 63 
100 13 64 10 58 21 77 66 74 11 96 75 69 55 7 51 56 47 99 8 71 97 1 60 40 89 90 57 76 98 94 14 62 17 100 43 78 67 33 9 72 19 48 85 27 25 18 68 54 41 82 3 28 29 70 2 59 83 37 61 12 42 15 79 52 95 87 35 30 45 86 16 81 49 80 22 46 24 88 39 93 84 53 50 5 65 92 31 20 23 32 38 34 73 63 26 91 44 4 6 36 
100 27 52 75 45 49 9 16 80 14 22 8 65 81 54 2 44 42 53 36 13 37 23 11 3 79 26 67 68 91 31 86 58 50 38 20 88 29 19 82 24 95 63 5 60 4 46 35 62 97 72 51 25 28 85 87 84 30 40 57 41 74 98 48 70 10 66 47 43 15 77 59 100 89 71 94 33 55 61 6 73 21 1 32 18 83 93 64 78 69 56 92 39 99 34 76 7 12 96 90 17 
100 86 26 18 27 4 60 46 99 42 98 2 34 13 97 84 28 54 9 36 75 41 58 5 96 35 39 77 93 92 90 22 40 83 52 64 21 89 51 12 20 85 91 73 53 32 61 14 76 55 78 48 65 29 69 15 62 94 33 68 81 8 87 88 79 100 3 19 82 70 63 57 50 7 25 56 23 71 59 72 17 47 95 1 31 67 11 30 45 24 6 38 10 37 66 80 16 74 44 43 49 
100 24 3 65 11 4 29 41 10 68 5 42 70 74 8 30 33 98 18 34 91 85 86 36 46 17 59 100 92 15 81 49 48 45 37 55 39 90 14 40 84 28 19 12 20 50 53 83 27 32 31 35 61 21 6 77 99 52 16 71 57 64 1 78 60 26 62 94 72 75 44 63 95 93 67 97 13 54 96 89 7 43 79 58 9 25 69 80 22 66 82 88 23 73 47 51 2 76 38 87 56 
100 82 63 90 39 66 58 64 41 94 10 99 3 13 51 16 54 15 52 68 70 59 65 67 96 47 4 86 25 50 71 18 78 53 97 26 9 37 19 11 60 57 75 81 22 62 34 55 48 21 100 73 20 32 89 8 43 92 56 12 84 88 85 33 36 79 98 44 7 93 72 69 2 29 76 49 31 28 24 17 74 80 83 5 77 27 91 45 14 1 61 42 23 95 30 38 35 87 46 40 6 
100 16 98 82 40 4 75 64 50 79 67 78 71 81 45 87 70 96 92 13 35 93 20 3 10 62 1 49 41 52 23 73 76 95 94 17 15 9 59 57 28 51 36 6 22 72 86 100 2 33 21 89 63 37 53 39 55 74 91 18 42 58 80 30 34 85 99 83 46 14 54 66 56 97 69 68 65 32 27 60 19 44 7 47 48 31 24 29 90 84 88 8 11 77 25 26 43 5 38 12 61 
100 10 14 16 64 11 99 27 91 37 4 58 25 18 95 22 79 85 15 66 72 6 63 61 19 52 1 55 96 35 28 68 98 48 2 93 74 97 43 45 88 24 77 100 29 59 81 31 80 57 36 40 38 78 33 50 84 82 70 46 92 47 75 53 26 12 71 83 73 34 21 42 60 7 65 51 90 8 5 32 76 49 69 67 30 39 62 94 56 17 44 89 87 13 41 20 3 23 54 9 86 
100 9 24 23 10 65 86 46 91 33 50 40 25 72 55 95 98 76 44 2 71 29 54 56 3 63 37 17 85 99 49 57 60 41 68 19 5 51 42 22 90 18 20 21 84 64 82 62 34 14 45 66 12 16 92 81 48 1 67 32 88 31 78 35 100 7 36 93 59 61 11 52 15 96 83 13 73 75 74 53 87 70 39 89 80 69 8 77 4 27 28 26 97 30 47 94 43 79 58 38 6 
100 4 63 69 64 67 54 22 49 25 92 85 53 71 100 36 8 65 39 11 73 98 37 61 56 3 23 90 95 52 48 78 29 91 43 40 76 87 14 18 1 33 45 27 79 74 96 62 24 46 9 41 75 83 66 50 93 80 72 77 58 59 97 34 2 6 89 42 31 68 16 35 81 19 15 26 86 32 60 21 20 38 7 51 88 47 44 82 28 94 84 57 70 55 12 13 30 5 17 10 99 
100 97 54 35 31 75 89 90 91 81 73 16 82 17 34 87 47 74 56 92 9 57 96 69 21 14 45 4 12 44 59 84 65 43 98 99 5 15 83 86 13 36 52 46 48 58 50 6 51 79 30 24 1 3 60 33 27 28 68 38 53 72 23 25 41 22 64 7 8 95 19 93 70 61 37 80 85 77 10 62 42 32 29 40 26 78 20 71 88 67 11 66 55 18 94 39 49 100 2 63 76 
100 51 33 98 27 29 95 57 80 14 44 65 82 74 78 69 64 31 68 36 30 94 90 6 76 7 83 26 42 18 20 84 73 55 93 56 85 28 89 60 22 70 13 99 12 67 39 71 59 40 96 87 19 63 48 17 16 4 32 25 81 50 54 10 37 97 61 3 45 72 53 1 79 47 21 41 77 66 62 24 34 15 11 2 92 86 23 5 35 75 91 52 46 100 43 38 58 8 88 9 49 
100 37 82 92 71 23 38 55 13 100 30 90 72 66 98 94 18 84 83 96 21 39 25 8 74 53 67 91 63 24 9 69 20 12 80 17 44 36 10 86 33 46 64 26 27 76 99 6 68 5 60 58 28 65 89 34 47 49 11 7 51 78 81 77 52 31 19 1 56 75 42 29 62 79 48 97 15 35 14 16 59 22 2 41 54 85 73 57 70 3 93 4 95 50 61 45 40 32 87 88 43 
100 64 45 17 24 15 91 63 41 6 50 5 13 46 83 76 77 79 14 4 62 82 28 3 43 47 57 52 12 27 100 44 7 75 78 26 87 73 95 35 67 33 48 68 80 98 71 93 55 96 99 85 51 38 39 18 74 10 59 36 20 53 49 69 21 66 72 90 22 54 34 42 1 56 89 16 58 92 29 32 37 97 61 94 86 19 31 8 23 9 60 81 65 25 11 70 2 30 40 88 84 
100 60 82 32 23 84 49 85 67 46 3 69 95 27 80 36 10 14 64 57 13 7 73 18 5 77 86 93 79 70 98 94 78 56 96 1 34 90 74 9 20 6 62 100 44 11 17 37 99 28 61 65 25 4 42 97 52 83 43 66 39 72 31 19 59 2 81 38 41 47 15 45 58 12 16 68 22 26 87 92 76 35 40 51 71 33 29 75 53 63 54 88 30 8 50 55 89 24 21 48 91 
100 89 60 80 55 79 56 3 14 92 27 15 86 46 67 47 22 53 49 30 68 98 7 41 28 84 94 23 39 29 33 88 59 36 8 87 9 58 18 78 5 35 61 26 2 20 72 42 76 85 66 45 6 71 32 4 34 51 50 11 1 31 54 25 95 37 74 19 96 64 57 97 40 52 13 24 69 43 12 63 100 16 99 38 70 17 81 65 10 93 21 75 82 44 73 77 91 62 90 48 83 
100 58 70 8 54 53 79 12 31 7 5 55 64 44 13 33 63 24 26 78 52 69 86 50 51 98 80 11 45 89 68 46 61 34 74 71 93 49 96 10 38 29 21 83 77 25 37 28 65 95 76 88 67 39 82 56 41 2 19 4 92 1 97 36 3 43 22 57 75 73 40 66 32 90 18 48 94 60 42 23 91 16 30 81 27 17 85 35 84 59 6 14 9 72 99 15 87 20 62 47 100 
100 79 28 100 1 81 64 60 29 84 94 86 46 45 10 26 70 42 80 8 56 30 93 40 77 76 34 13 33 72 48 20 49 75 90 14 5 47 61 9 58 69 99 78 35 68 65 18 66 19 63 52 50 4 7 85 59 25 37 98 53 96 89 71 15 39 74 36 82 22 97 16 21 17 95 88 32 11 2 41 73 23 91 57 31 67 83 92 44 27 55 54 51 87 6 62 38 12 3 24 43 
100 22 96 17 71 37 57 72 98 29 97 86 12 75 95 33 50 70 58 99 46 76 2 80 87 26 61 6 62 16 10 49 13 8 11 45 31 60 83 40 23 63 15 38 78 19 5 30 55 90 44 48 28 21 92 36 64 53 100 94 82 24 74 35 42 69 56 81 85 41 67 7 3 89 18 66 27 34 59 9 1 73 14 20 93 68 88 39 91 4 79 51 84 77 65 32 25 54 47 43 52 
100 3 100 99 71 82 29 74 52 55 23 51 91 14 92 84 34 89 81 40 58 19 64 53 47 27 11 72 41 78 15 37 33 62 35 10 2 94 56 88 45 4 80 48 9 95 44 5 75 73 77 87 39 25 21 46 42 54 28 69 6 66 90 59 67 61 26 96 79 24 7 1 8 65 98 85 30 68 12 76 16 83 50 60 36 20 70 86 32 31 63 22 97 57 93 17 18 13 38 43 49 
100 44 5 49 17 84 6 15 94 16 8 54 2 66 99 47 96 7 22 48 89 58 64 72 34 9 90 55 50 83 41 77 12 80 46 32 31 65 39 33 78 25 38 37 98 68 18 30 81 85 76 21 91 62 87 52 73 59 93 61 13 11 53 23 14 71 28 19 20 24 70 67 60 56 35 51 82 42 86 4 43 10 95 3 97 27 29 26 40 79 69 45 100 75 92 74 88 1 63 57 36 
100 90 17 25 79 26 21 42 45 16 75 74 56 4 29 57 55 48 19 43 9 38 85 49 54 98 13 86 53 92 41 67 50 40 15 80 62 77 78 5 24 18 34 66 28 82 39 84 7 37 58 63 32 100 52 97 12 70 33 87 20 94 8 47 91 60 71 73 64 51 36 1 69 44 11 61 93 88 89 35 23 68 83 81 95 72 22 46 31 3 65 14 30 10 6 27 59 2 96 99 76 
100 20 68 25 11 16 57 30 8 2 69 88 46 99 7 98 79 49 34 73 78 92 5 13 50 55 26 42 76 74 17 35 44 83 59 10 67 48 63 65 62 93 84 51 54 23 81 38 21 18 9 41 82 66 97 94 47 1 24 12 56 29 15 27 77 43 89 60 72 96 70 91 71 22 85 53 86 61 33 40 14 75 39 31 90 58 4 28 36 3 32 37 52 64 80 19 45 95 6 87 100 
100 94 51 56 65 15 13 12 18 29 66 87 73 49 14 58 43 64 92 5 61 19 54 26 89 85 10 60 42 82 70 84 100 68 2 8 41 86 80 76 7 75 35 96 20 50 59 27 6 62 48 45 47 53 46 78 23 52 98 91 1 57 21 25 77 99 9 67 63 11 97 83 28 40 55 17 22 30 37 95 38 69 4 32 24 81 31 71 3 93 90 74 72 44 79 34 36 39 88 16 33 
100 98 74 15 100 86 48 34 24 36 92 20 73 37 75 26 99 13 2 58 60 51 35 94 68 79 42 12 14 61 81 54 47 43 17 67 49 65 9 38 71 39 78 83 57 95 41 90 40 59 44 63 89 29 32 85 77 27 22 3 46 11 80 55 93 50 1 87 18 5 8 69 64 91 28 23 4 7 82 52 33 16 76 97 72 70 10 56 45 96 88 66 62 25 19 84 31 6 53 21 30 
100 50 63 23 7 52 8 46 96 54 30 92 78 100 86 81 69 55 93 91 74 59 89 67 27 51 75 6 15 58 94 26 14 44 20 43 97 16 56 22 35 40 13 76 70 72 24 79 64 21 41 11 18 49 77 19 90 31 98 39 68 73 2 60 5 34 57 65 48 17 12 4 95 80 9 84 29 87 33 99 42 25 83 36 85 38 37 61 53 28 3 62 71 1 45 32 66 82 10 47 88 
100 20 56 96 31 97 98 73 79 21 62 48 63 32 13 51 78 68 45 26 40 71 35 2 82 66 65 16 52 1 93 47 23 85 89 87 55 74 18 5 99 33 60 27 72 14 12 34 76 10 3 37 46 7 70 19 64 100 84 50 49 92 67 39 69 24 91 75 77 43 41 44 4 53 22 58 25 94 11 88 15 42 81 17 83 28 29 86 80 9 95 8 61 90 54 57 59 38 30 36 6 
100 40 96 64 48 33 70 32 38 29 71 94 9 2 36 75 54 39 42 30 23 44 19 62 99 16 4 52 13 21 80 26 85 56 66 92 90 60 65 69 57 84 46 93 31 15 51 3 11 12 6 53 47 1 74 7 81 59 45 97 78 37 34 86 68 83 5 63 58 82 87 49 43 8 18 77 28 17 95 67 76 88 14 35 61 89 91 41 24 22 72 79 10 50 25 98 73 20 27 55 100 
100 5 43 8 75 59 85 61 53 18 81 74 97 26 86 12 93 57 67 4 46 40 91 88 38 90 37 80 87 95 31 35 55 39 66 32 2 77 22 42 56 49 24 83 7 54 79 72 13 82 20 25 36 52 78 47 50 62 3 11 89 19 44 99 16 92 98 100 9 76 58 14 45 96 29 69 34 73 17 51 10 60 15 33 28 70 64 6 63 68 23 48 21 1 27 30 65 71 41 94 84 
100 3 29 21 4 61 76 55 47 95 93 14 74 72 51 48 88 7 9 73 57 6 27 67 91 97 33 68 46 39 35 49 54 38 66 60 8 50 13 25 2 96 42 62 52 16 26 31 28 75 53 43 92 86 59 64 98 12 71 23 18 41 20 84 15 10 34 85 80 36 63 11 1 81 90 79 77 65 58 83 56 94 19 22 87 89 82 69 40 30 37 44 45 78 5 24 99 17 100 70 32 
100 13 40 21 67 65 61 95 26 11 75 66 85 36 56 58 69 15 53 10 89 19 43 1 84 72 81 34 74 25 93 37 70 59 4 41 44 8 47 97 76 49 6 55 3 48 52 78 86 16 57 80 45 60 9 63 22 46 77 50 79 88 91 35 92 71 98 33 42 17 24 2 28 5 82 90 51 32 18 39 100 64 30 20 12 29 96 68 7 99 27 23 31 62 87 14 38 73 54 83 94 
100 47 10 16 56 93 7 62 18 22 41 97 50 46 21 34 36 19 32 54 94 38 74 68 98 8 44 77 48 71 95 9 69 55 37 4 51 57 1 45 5 15 30 66 100 58 99 67 13 59 31 26 79 86 80 25 91 83 60 96 61 65 49 63 42 39 64 24 87 70 82 75 73 53 6 90 85 14 88 27 40 12 23 78 20 76 29 35 2 11 84 92 72 28 81 43 52 89 33 3 17 
100 87 96 8 21 31 95 32 38 47 18 29 17 7 33 93 53 86 2 70 44 94 91 6 43 11 40 51 61 3 89 81 58 62 83 28 22 73 82 10 35 9 80 65 45 77 20 50 66 54 90 79 68 26 30 4 16 71 92 12 69 25 34 13 1 67 59 52 75 63 46 48 24 60 19 76 88 64 78 55 23 97 14 36 100 27 57 39 41 98 37 56 42 15 99 5 85 84 72 49 74 
100 88 24 7 11 1 57 71 92 99 22 15 100 50 47 41 74 72 26 35 84 28 75 55 30 80 94 70 38 52 69 21 81 93 96 86 68 83 37 9 18 34 25 27 51 43 42 73 65 82 5 59 60 49 67 44 2 33 90 29 3 48 87 89 10 54 58 61 14 40 77 56 17 13 78 95 20 45 23 91 97 46 12 32 6 19 63 98 8 66 85 39 76 4 36 31 16 62 64 79 53 
100 4 26 65 7 90 54 23 31 53 57 78 11 93 16 10 35 47 87 62 59 42 70 85 75 5 58 36 41 73 88 80 66 82 55 91 99 92 15 14 8 96 50 71 74 89 22 60 9 56 1 19 77 2 97 39 40 61 18 100 49 83 79 32 86 21 24 13 63 52 48 69 33 94 30 45 68 84 12 28 44 76 25 20 37 67 43 46 17 29 6 72 95 38 64 51 34 3 27 98 81 
100 46 47 23 73 18 25 87 60 68 100 42 11 61 54 89 79 37 82 92 30 56 59 91 70 22 97 55 57 77 35 12 9 10 3 13 72 26 81 15 41 28 32 24 44 62 63 78 39 65 19 53 48 43 74 88 31 20 33 21 86 36 8 6 34 98 83 93 38 52 94 66 76 80 2 4 58 84 49 7 75 90 99 85 29 64 67 40 14 1 71 27 69 5 50 96 16 17 51 45 95 
100 4 46 71 83 74 16 86 32 41 36 61 43 92 78 65 49 57 70 99 54 34 52 6 91 25 33 56 51 93 76 69 95 42 11 96 31 87 26 20 47 18 73 68 45 67 59 50 14 79 10 53 27 2 88 21 63 84 81 48 13 44 60 1 55 37 39 38 85 66 7 17 100 89 80 3 64 75 5 12 94 8 22 15 23 90 35 30 97 58 29 19 24 9 98 77 28 72 82 62 40 
100 21 61 97 86 96 12 39 70 20 43 93 49 57 52 25 15 99 48 75 60 84 8 17 91 37 71 55 73 66 22 27 33 87 53 35 2 24 89 74 51 28 69 77 36 47 95 44 38 18 82 30 10 7 6 67 5 85 68 79 26 80 59 54 76 58 88 45 32 62 64 1 56 100 14 72 65 98 46 50 41 3 40 31 19 13 29 81 23 34 83 94 78 90 63 11 4 92 42 9 16 
100 49 13 46 97 6 37 4 28 87 93 50 25 79 8 18 48 75 62 19 14 78 59 69 52 36 84 81 61 2 71 66 91 41 99 15 35 29 74 68 45 38 92 40 3 82 26 30 9 42 1 7 55 85 86 67 60 24 44 80 5 43 88 23 77 32 47 53 73 95 83 89 16 70 72 94 76 11 39 57 63 100 90 58 34 12 20 64 21 27 65 56 51 54 22 33 10 17 98 31 96 
100 71 79 27 65 52 51 25 92 33 63 20 49 93 5 24 74 89 42 58 96 41 11 70 7 77 30 68 75 22 55 26 83 6 50 60 99 43 86 72 69 31 82 28 78 67 36 76 56 21 18 13 97 91 14 84 15 17 32 57 16 39 64 12 19 46 2 88 40 54 37 34 48 98 29 94 59 4 45 35 23 100 90 38 66 87 80 53 47 95 61 81 1 73 3 44 8 9 10 85 62 
100 46 74 85 58 14 88 90 56 34 26 25 100 59 70 89 65 31 75 96 68 35 57 11 47 49 6 77 71 38 60 79 94 29 66 10 40 55 99 7 78 87 45 43 15 81 80 62 33 1 72 64 95 23 91 17 24 73 63 30 28 67 13 36 52 92 83 69 53 12 2 86 21 8 42 76 18 61 50 16 37 48 39 22 41 98 4 82 84 32 97 54 9 20 19 51 5 93 44 27 3 
100 95 87 27 6 55 91 38 15 96 79 22 29 68 86 12 5 65 39 32 77 24 35 80 64 93 7 58 81 31 98 42 85 2 9 45 70 54 97 60 47 26 99 10 25 17 89 43 50 40 46 48 78 75 52 30 23 33 53 51 14 94 92 11 57 3 84 41 62 67 49 83 36 74 19 100 59 61 18 1 63 34 44 21 82 90 88 16 56 76 8 28 20 71 66 73 69 37 72 13 4 
100 80 62 11 3 63 68 6 39 21 4 52 44 86 13 59 58 87 83 51 45 74 5 57 71 26 97 25 17 36 82 90 15 23 8 19 28 34 2 1 54 55 94 79 88 10 81 50 60 64 89 7 95 48 41 12 35 18 66 85 20 77 56 99 33 49 73 37 9 29 53 84 98 27 91 61 76 30 72 65 32 24 78 38 93 22 42 43 46 67 16 92 31 100 96 69 14 47 75 40 70 
100 5 76 71 73 77 15 33 30 28 66 44 89 85 63 95 32 16 6 10 40 20 97 48 67 31 81 29 54 27 1 45 61 72 93 75 7 78 62 87 43 64 99 11 55 50 56 79 26 17 37 68 53 12 58 49 88 19 38 14 36 91 100 90 46 82 74 80 34 39 21 35 83 70 92 69 13 18 41 60 42 25 23 51 8 3 86 47 9 96 98 94 4 57 59 52 2 24 84 22 65 
100 4 26 61 52 22 99 95 7 67 47 30 84 1 69 43 18 79 21 23 39 27 46 97 31 13 100 5 78 63 41 6 20 24 51 54 38 15 70 44 91 28 77 42 65 16 55 62 48 60 71 88 58 86 19 66 82 36 45 35 29 49 33 74 57 25 98 83 75 34 64 94 3 76 53 73 9 93 59 17 10 85 81 80 89 40 90 37 56 14 2 12 50 96 11 72 68 92 8 32 87 
100 72 25 51 19 16 99 13 22 14 15 69 43 46 86 60 63 75 76 82 98 88 73 39 74 48 95 94 54 92 100 30 9 6 89 38 59 78 27 20 5 28 34 42 29 21 55 7 23 87 10 37 24 53 77 2 32 8 4 66 97 17 90 83 96 62 61 35 79 44 68 67 81 40 33 11 65 18 64 49 84 71 80 1 31 47 56 26 12 91 57 50 41 70 85 58 52 3 36 45 93 
100 45 18 7 91 95 49 26 76 22 84 87 9 100 51 53 69 72 57 25 73 74 54 92 52 15 16 29 67 6 41 66 71 35 27 64 39 46 79 19 47 93 8 50 48 28 11 24 82 89 30 17 78 70 1 63 37 5 85 31 43 62 61 34 75 10 40 97 14 58 38 60 56 99 65 21 98 44 3 12 23 33 81 32 20 55 36 77 13 86 90 88 2 80 83 68 94 59 4 42 96 
100 14 26 18 70 83 47 49 58 37 34 45 90 60 30 48 15 62 40 69 95 73 12 80 93 94 100 17 23 81 36 20 10 63 38 13 56 55 21 85 5 72 43 16 3 22 68 9 53 54 67 33 44 39 76 6 59 2 99 77 41 11 32 27 92 86 57 82 29 74 96 42 98 84 64 19 65 71 50 4 61 1 88 66 28 89 78 24 52 97 35 79 25 51 8 87 31 91 75 46 7 
100 26 9 19 50 8 59 13 40 24 16 100 15 2 77 41 14 60 28 32 98 3 80 4 69 87 43 83 64 88 66 95 37 51 96 49 94 21 11 25 1 72 74 31 34 82 62 91 76 20 44 53 42 27 84 63 73 55 71 17 75 86 90 36 81 39 57 5 23 38 45 54 47 89 56 30 7 99 68 48 92 18 61 10 67 93 6 85 29 33 65 78 79 52 46 12 35 97 58 70 22 
100 49 16 18 68 21 59 36 53 3 70 57 100 33 44 79 98 10 93 67 23 7 22 12 9 63 37 2 72 75 92 45 85 71 95 15 94 13 30 19 46 6 4 89 87 69 42 35 56 41 55 97 54 28 58 66 61 82 86 64 8 38 88 80 43 90 26 29 76 14 34 60 52 96 47 20 5 39 83 73 40 25 62 31 84 17 78 99 32 51 91 11 81 48 24 27 1 77 74 50 65 
100 24 14 84 39 49 53 72 22 62 75 73 95 98 31 46 67 37 26 4 85 68 78 32 33 7 8 58 55 41 99 60 40 86 3 88 77 89 87 71 42 51 92 5 52 56 23 66 93 12 100 29 20 38 30 64 44 74 94 63 13 96 81 28 61 15 97 1 82 25 59 45 47 69 76 43 35 54 83 2 48 21 18 91 57 19 16 34 17 65 70 79 80 36 6 27 90 11 10 50 9 
100 96 81 31 68 13 56 63 23 64 59 61 69 94 7 78 8 9 2 40 60 17 49 79 76 58 6 75 54 67 4 43 16 44 38 53 48 33 97 89 90 21 65 72 11 85 52 34 19 20 71 5 51 83 73 99 30 28 41 91 18 1 25 66 47 82 86 80 24 42 74 62 26 37 50 70 14 93 87 39 3 29 32 95 84 77 88 36 45 22 92 35 100 15 98 46 27 12 57 10 55 
100 22 47 73 67 64 99 72 97 86 44 78 85 21 39 96 12 36 17 10 35 9 42 52 4 91 82 80 70 65 19 18 32 33 54 53 20 51 37 76 11 59 71 79 13 50 98 68 31 43 14 74 56 16 61 89 55 45 83 27 23 30 58 28 40 15 26 84 6 48 8 2 24 94 88 57 49 41 95 69 87 62 7 60 5 3 93 25 34 29 63 46 77 38 100 75 81 66 1 90 92 
100 79 66 15 43 63 98 31 7 57 82 74 77 29 19 61 30 53 59 70 10 100 80 88 39 91 54 1 81 60 17 24 46 75 38 89 21 85 27 18 50 41 62 13 20 33 67 64 37 11 87 3 94 68 78 35 99 76 26 2 42 6 44 86 97 25 95 96 55 84 12 56 71 69 36 40 48 16 34 32 90 51 14 52 73 65 47 28 5 22 92 58 8 45 83 49 72 23 93 4 9 
100 93 95 89 49 26 92 74 27 62 94 23 25 68 32 14 59 77 53 40 56 20 88 72 65 7 81 51 75 48 6 17 15 30 90 76 54 46 3 80 97 43 52 99 29 98 19 36 42 60 96 71 87 57 37 9 41 39 8 79 64 33 13 38 31 55 10 66 83 18 73 24 34 82 1 28 58 2 22 35 85 11 63 16 45 86 21 78 67 5 100 70 44 69 12 91 61 47 50 4 84 
100 61 39 74 21 88 76 40 13 44 18 27 52 75 71 17 83 3 36 66 51 33 79 16 26 43 59 8 20 42 77 22 14 25 73 34 93 29 49 92 11 53 9 63 85 2 69 50 91 64 100 7 6 58 67 95 82 32 65 4 46 72 94 12 70 86 1 55 99 97 45 28 23 35 62 10 87 68 57 54 48 78 24 31 38 56 89 84 96 47 19 30 37 5 41 90 98 80 15 60 81 
100 11 7 55 72 45 65 56 12 28 93 1 77 89 29 78 9 26 17 33 64 90 60 67 47 32 53 76 35 95 36 70 94 10 84 18 62 2 82 31 8 21 57 13 86 97 42 98 50 43 68 54 38 81 25 49 3 83 16 15 23 80 88 19 99 79 59 22 96 46 44 87 71 73 34 100 6 27 74 91 4 40 85 52 63 48 5 20 75 14 92 30 41 69 24 37 61 58 51 39 66 
100 36 95 86 61 58 15 8 7 88 73 66 80 13 17 4 37 1 64 97 44 98 53 26 50 71 78 89 22 38 41 24 55 2 100 5 45 94 87 96 74 68 35 51 76 20 63 83 46 28 69 92 59 65 77 54 99 90 11 39 40 79 67 23 91 19 72 12 81 82 84 25 3 48 6 10 33 47 70 60 27 62 9 21 34 52 49 18 43 42 56 31 14 29 30 16 93 75 85 32 57 
100 35 90 28 25 48 71 15 16 75 100 52 18 11 88 8 46 98 44 33 77 55 85 66 30 10 5 1 89 42 9 69 54 74 80 21 94 86 38 59 91 24 61 67 3 7 20 87 96 26 2 70 60 43 99 45 23 68 63 78 17 50 37 14 47 53 27 51 84 73 22 34 64 12 76 36 81 79 95 93 57 19 72 58 29 83 31 39 56 65 41 62 4 92 6 97 13 49 82 40 32 
100 50 61 10 85 86 93 54 41 19 57 17 98 63 27 87 24 94 43 7 5 83 76 33 72 68 67 56 46 21 9 29 82 26 8 89 90 62 91 69 66 96 79 6 36 23 71 30 80 47 60 58 22 37 95 34 28 18 44 99 4 78 11 52 51 100 65 1 39 74 55 84 2 16 59 40 48 88 77 20 32 53 75 12 14 70 92 49 15 97 45 25 31 81 3 73 35 64 38 42 13 
100 14 30 60 69 66 38 79 90 40 22 52 64 100 4 92 11 15 99 19 73 20 32 13 98 76 31 25 96 82 10 86 70 78 63 27 95 68 45 75 65 44 12 48 83 28 24 26 55 51 54 34 89 7 80 84 57 67 17 43 33 36 61 56 5 46 58 59 1 47 41 9 3 8 21 50 85 6 72 2 81 16 62 94 35 53 18 29 93 97 74 91 23 87 88 49 42 71 39 37 77 
100 31 73 42 88 61 72 41 43 47 13 48 27 89 8 45 7 44 60 17 11 38 21 96 22 55 4 12 20 75 100 94 86 18 23 10 67 36 51 82 59 40 92 95 49 85 99 74 6 56 63 64 76 71 79 5 30 53 62 81 33 52 98 16 80 93 14 15 87 58 39 9 25 34 19 68 29 91 70 97 54 83 35 57 84 66 46 78 24 26 77 50 28 1 2 3 37 69 90 32 65 
100 45 39 35 84 1 46 89 12 20 44 19 99 100 56 26 61 85 28 25 5 65 29 17 93 78 67 41 83 42 63 70 11 90 96 13 40 86 58 50 21 75 23 55 16 72 6 48 92 53 98 74 52 36 71 59 81 38 43 80 37 15 94 10 30 64 68 66 77 18 79 9 24 22 95 62 31 82 87 51 97 14 69 33 7 60 73 4 49 88 8 76 57 91 2 54 34 27 3 32 47 
100 23 76 16 54 60 90 70 25 7 5 96 39 79 95 14 43 33 28 13 50 77 100 31 21 66 49 98 82 3 29 35 69 57 58 68 59 15 85 45 67 41 4 44 86 84 22 53 24 71 18 47 92 89 61 65 11 80 73 78 30 32 72 37 46 93 38 52 99 17 8 26 62 87 81 97 63 27 64 91 36 56 51 42 12 94 83 6 88 19 9 48 10 2 20 74 34 55 40 75 1 
100 39 80 37 19 51 20 99 72 56 1 60 75 71 38 6 24 50 21 84 92 3 13 77 93 32 70 7 81 85 22 25 30 15 17 40 47 44 100 76 49 66 23 26 12 98 16 86 28 18 79 69 8 65 73 2 63 96 59 4 43 87 48 91 64 36 94 10 5 45 95 29 58 35 41 57 89 14 55 54 82 67 34 11 52 42 31 74 27 83 88 9 53 68 78 90 62 33 46 97 61 
100 60 6 36 9 73 70 8 7 95 86 88 56 58 79 52 2 38 51 3 37 20 44 91 83 78 84 32 99 80 23 49 94 61 24 63 72 57 41 54 85 96 27 90 93 75 81 43 13 1 87 22 98 30 48 62 66 4 76 26 74 28 82 11 18 67 45 42 12 33 35 29 16 97 25 10 47 59 65 14 92 55 31 15 50 46 21 39 5 77 53 89 68 17 19 34 64 71 69 100 40 
100 53 44 10 4 65 29 43 72 75 46 3 64 71 68 62 2 34 78 25 55 99 30 50 52 77 6 57 20 76 35 16 33 13 22 8 85 56 5 89 24 73 74 26 58 39 63 54 51 69 100 95 15 97 87 84 9 82 92 94 37 98 60 38 66 23 32 47 18 67 79 96 93 7 31 59 1 14 90 88 61 40 36 12 41 80 27 42 83 21 49 17 86 28 91 19 48 45 11 81 70 
100 93 75 76 97 85 34 62 33 52 56 5 35 59 81 30 70 49 78 21 100 24 68 28 29 84 40 14 77 31 37 17 19 16 99 48 54 94 20 98 4 26 58 72 82 25 38 51 71 42 63 96 66 15 22 57 39 46 89 3 1 32 23 50 90 11 18 73 43 64 88 60 41 6 69 12 44 65 83 53 55 45 80 47 10 36 27 95 91 8 92 61 79 87 86 7 13 67 9 2 74 
100 44 41 49 62 80 91 14 54 97 27 35 64 89 73 11 29 90 18 92 34 56 37 17 50 12 2 86 72 88 61 16 57 53 85 6 36 76 13 31 38 74 99 39 43 20 32 78 25 68 69 22 65 59 45 84 28 96 15 71 42 77 87 23 33 9 4 63 95 48 8 52 60 46 5 75 100 40 3 70 66 10 82 47 67 24 26 51 98 81 94 30 7 21 1 58 79 55 19 93 83 
100 82 41 86 4 64 49 8 77 57 92 74 71 43 36 95 91 24 55 90 94 48 26 56 45 70 76 42 20 17 65 83 69 40 46 88 35 28 72 38 81 78 21 96 53 52 85 59 11 33 67 15 61 89 25 73 47 27 13 12 50 60 14 29 7 19 51 87 31 75 66 79 99 22 5 68 97 34 39 23 6 80 44 2 63 10 84 98 93 32 18 16 3 1 100 30 37 62 9 58 54 
100 75 21 92 35 5 59 72 79 22 2 47 93 6 56 30 42 74 45 62 23 91 61 51 17 71 54 90 87 8 49 50 52 39 4 99 36 46 9 16 11 86 80 27 89 28 14 96 20 25 68 55 69 77 82 34 100 43 7 1 13 83 3 53 94 31 57 58 78 84 98 88 60 97 12 85 67 32 18 40 65 76 37 26 63 81 10 33 29 66 64 73 44 38 15 41 95 48 24 70 19 
