100
100 50 47 98 60 84 65 53 100 63 74 77 32 36 92 61 72 91 75 64 11 13 95 78 20 52 96 59 80 48 55 1 17 3 62 81 14 24 76 83 89 35 6 39 9 86 57 16 87 43 29 34 44 79 71 73 37 25 22 33 23 4 28 45 94 51 8 19 10 67 68 49 21 26 66 54 18 97 7 2 40 46 82 70 99 88 30 41 56 69 93 58 90 27 31 42 38 85 12 5 15 
100 76 51 53 55 79 18 73 93 43 4 86 61 2 24 78 9 52 46 80 26 64 30 34 32 95 83 33 20 14 28 38 81 44 94 39 49 37 92 35 36 74 15 89 22 25 13 68 41 96 56 29 99 60 82 27 19 8 50 88 65 11 100 6 17 31 62 10 59 98 69 58 63 16 23 84 57 1 72 85 67 70 40 91 54 48 97 21 90 3 71 42 75 87 12 47 5 66 45 7 77 
100 2 38 17 94 40 84 92 49 90 58 69 19 52 1 36 39 42 88 24 33 7 62 78 93 72 73 81 67 44 56 18 23 25 64 86 98 37 74 6 55 71 30 79 8 46 41 32 99 70 9 59 89 48 45 29 28 16 77 97 50 87 61 66 57 54 21 85 10 47 5 13 34 95 60 15 51 11 75 80 26 43 63 53 83 31 4 100 3 27 96 12 14 91 35 76 22 65 82 20 68 
100 18 29 81 91 79 2 47 100 49 26 93 3 89 56 70 43 28 80 37 95 83 60 44 45 12 51 67 38 69 75 35 5 16 19 54 20 72 96 46 32 77 92 42 9 34 61 50 64 98 59 8 10 94 85 40 55 23 6 15 88 17 21 86 13 25 78 74 53 57 1 52 11 22 68 84 4 27 31 39 82 58 41 97 62 24 76 66 71 65 33 36 73 90 7 14 63 48 30 99 87 
100 91 84 34 61 74 75 31 43 71 54 81 35 66 7 16 42 64 15 59 1 40 79 85 90 67 77 83 32 2 76 87 86 46 4 51 63 53 3 73 14 92 57 19 49 36 93 38 82 78 55 21 9 68 70 28 45 12 33 5 56 60 97 96 39 94 37 50 99 8 24 88 17 13 100 52 11 72 20 62 22 58 48 69 6 41 27 26 30 44 29 89 98 18 65 95 47 25 23 80 10 
100 26 62 85 55 38 47 88 93 63 66 32 65 37 10 98 90 72 71 3 19 80 13 89 81 24 2 23 30 64 75 9 96 61 67 17 33 60 83 44 86 15 21 78 59 35 53 45 36 6 7 70 16 69 5 74 52 73 49 40 56 39 1 50 54 20 28 99 94 42 76 97 48 92 68 82 95 31 84 87 8 57 11 22 18 29 12 14 34 58 43 79 27 46 4 100 25 91 77 51 41 
100 98 34 29 8 84 42 4 47 59 100 77 94 3 88 20 12 95 96 85 43 51 7 11 46 41 64 19 44 21 9 82 90 35 16 17 50 24 61 97 75 65 79 80 5 13 37 15 55 92 39 33 73 76 78 49 81 72 62 2 91 25 27 67 58 28 45 18 38 48 22 71 68 66 30 87 6 99 93 1 63 26 31 32 56 70 74 52 36 89 53 14 83 69 40 10 86 54 57 60 23 
100 2 24 81 88 83 33 85 26 16 89 10 62 61 48 27 45 28 35 9 97 12 53 87 50 19 18 15 79 66 99 8 82 34 13 30 56 91 90 1 77 7 67 39 74 5 93 57 17 100 3 63 96 92 73 31 55 49 75 42 36 47 44 71 29 60 4 21 43 11 23 52 68 78 51 6 37 25 59 86 70 72 98 69 58 84 65 46 40 95 54 41 32 38 14 20 94 22 64 76 80 
100 83 20 61 73 46 95 19 29 75 4 99 78 6 88 41 23 3 69 57 44 36 98 55 62 16 100 28 97 87 33 45 50 43 58 82 68 47 10 71 12 52 70 72 17 32 60 24 26 13 74 38 56 9 79 54 30 7 27 92 96 84 53 85 89 77 94 42 2 48 22 5 18 25 91 51 11 80 64 34 66 40 67 14 63 39 31 1 76 49 81 59 35 8 15 65 37 90 93 86 21 
100 62 80 97 2 63 73 7 11 61 52 86 99 50 54 3 37 47 85 64 75 25 24 6 41 27 40 48 89 23 20 1 51 65 8 38 46 77 10 88 98 90 33 26 56 66 95 60 81 15 57 83 35 74 34 76 18 21 58 17 22 84 12 39 32 45 100 59 94 55 92 4 67 31 87 42 36 68 9 79 96 82 19 43 71 93 44 13 29 91 49 14 53 70 16 69 72 5 30 28 78 
100 91 84 22 6 61 56 24 49 25 53 94 35 2 64 10 89 8 68 76 14 9 47 40 83 28 92 82 75 31 58 37 16 41 5 21 54 100 48 18 67 34 11 79 17 65 52 70 33 7 50 55 23 69 63 80 39 19 36 30 77 26 27 98 46 45 85 73 88 81 51 99 90 78 93 42 20 12 3 1 4 32 86 62 44 87 13 95 43 96 29 59 71 97 38 15 72 74 66 60 57 
100 27 15 19 1 52 97 49 33 86 94 92 12 90 66 35 87 24 83 42 59 28 99 26 8 29 63 93 60 40 64 79 20 37 41 14 3 48 75 50 72 55 53 77 89 95 17 54 100 46 6 25 45 61 32 85 10 7 74 98 76 71 69 47 38 21 73 81 91 51 18 44 82 96 39 84 65 31 9 57 43 80 58 4 11 67 23 88 56 78 36 70 5 30 16 2 34 22 13 68 62 
100 12 80 3 70 49 66 47 78 63 5 38 61 14 29 6 16 88 59 92 95 71 7 91 96 64 82 22 93 60 24 11 37 25 23 15 65 10 48 40 83 90 98 54 52 1 45 81 85 73 32 84 18 33 2 94 20 58 4 89 97 72 31 51 21 9 30 76 42 67 79 57 86 46 56 39 62 17 87 68 36 55 34 99 8 19 69 28 26 43 35 74 41 100 75 53 13 27 44 50 77 
100 27 70 67 28 80 98 44 33 93 61 16 73 90 8 19 3 62 74 9 6 100 32 84 97 57 34 89 38 79 78 71 26 60 42 81 99 68 92 58 45 96 63 29 49 76 85 50 47 72 87 20 25 95 54 75 11 2 18 13 86 46 21 55 37 15 91 41 14 51 31 43 59 88 48 53 36 94 56 12 24 77 30 1 4 17 22 82 10 52 83 69 7 23 65 5 40 39 64 66 35 
100 22 11 65 44 53 30 7 81 18 90 78 43 54 6 67 9 20 40 28 14 62 31 82 96 26 12 75 50 3 58 92 41 95 72 27 97 61 86 33 55 34 51 87 8 45 73 46 15 39 32 100 85 29 19 37 10 60 4 71 91 38 59 2 77 57 99 1 35 88 79 5 25 84 63 69 47 17 13 89 93 52 23 74 42 68 98 80 94 76 56 24 16 64 49 48 36 21 70 83 66 
100 66 63 81 64 96 28 40 29 31 46 22 97 11 67 91 84 30 76 95 39 26 72 44 93 65 10 86 56 15 7 43 52 5 18 58 87 35 53 20 88 79 4 99 45 42 68 13 85 24 71 23 94 49 3 25 27 19 92 77 61 50 32 83 21 2 12 47 57 9 8 73 1 82 54 70 59 41 34 17 6 60 51 75 37 14 78 62 38 100 48 98 69 89 74 55 80 33 16 90 36 
100 10 8 48 68 65 85 87 4 15 47 94 92 84 70 55 26 25 39 74 91 71 28 32 57 36 80 9 100 75 52 59 90 1 41 58 3 2 77 89 43 13 34 7 18 50 31 61 95 54 27 51 82 46 37 49 17 38 62 81 86 23 97 53 14 76 73 40 60 30 21 56 24 44 6 98 78 19 20 66 72 99 64 96 35 83 79 12 69 29 67 93 33 45 11 63 22 42 5 16 88 
100 25 10 63 90 73 61 19 88 23 9 45 91 85 89 40 68 5 42 84 58 78 96 56 3 76 100 47 70 59 41 18 95 64 86 60 54 46 1 83 7 43 94 97 2 71 55 22 53 48 72 26 35 65 92 99 28 30 39 57 37 87 38 51 8 67 82 33 16 36 32 27 4 79 44 15 98 75 77 49 81 29 52 93 80 12 14 34 62 66 13 17 11 21 20 74 69 24 6 31 50 
100 55 41 15 74 13 35 24 51 76 95 7 5 68 53 92 64 80 27 98 58 87 47 46 99 1 69 86 10 32 70 94 63 31 37 45 66 77 89 21 78 28 39 82 88 38 8 43 4 29 91 42 9 54 57 34 84 12 73 100 26 75 72 2 83 20 48 79 67 96 16 44 33 52 23 3 81 36 50 56 97 17 30 59 90 40 25 22 62 19 60 11 71 49 6 18 14 93 61 85 65 
100 29 82 47 71 73 2 46 79 72 89 38 41 34 39 52 61 68 12 90 21 16 37 6 31 64 78 80 20 42 91 76 83 50 4 66 58 99 55 88 8 13 49 5 74 10 95 57 86 85 33 45 100 24 98 15 44 92 26 63 1 7 22 54 60 77 67 9 62 35 51 75 59 81 96 14 53 23 65 69 32 28 18 17 19 94 97 36 27 25 30 11 93 87 56 48 70 43 40 3 84 
100 42 32 1 12 28 76 53 35 11 100 37 95 44 94 72 62 23 3 99 4 90 10 73 46 93 98 6 63 9 25 78 81 51 96 92 24 82 66 64 52 74 69 58 84 67 7 16 88 13 45 55 85 71 21 61 8 40 50 14 91 15 68 47 5 48 65 97 43 17 29 22 19 2 83 79 75 26 36 38 49 57 18 34 39 80 87 86 27 89 33 30 70 56 77 31 54 59 60 20 41 
100 74 76 30 43 83 22 98 41 58 17 54 67 89 3 84 29 4 39 11 72 68 88 45 14 100 25 81 63 53 77 93 61 49 65 59 13 42 80 85 16 71 91 87 32 66 44 62 8 31 37 50 28 70 7 79 47 18 10 64 51 52 73 15 27 21 48 24 75 2 35 94 23 99 97 46 95 26 86 38 5 9 96 33 55 1 6 20 56 12 34 19 36 40 82 60 57 92 69 90 78 
100 47 70 67 17 86 64 69 28 37 62 82 92 25 10 100 88 93 89 90 71 27 80 21 87 36 39 2 6 45 56 41 19 16 55 23 97 3 73 66 9 57 14 11 49 22 12 26 72 96 78 81 79 68 91 31 15 44 24 74 52 18 94 77 38 20 34 29 32 33 46 13 85 40 59 1 60 84 83 35 98 58 65 75 30 61 53 63 51 95 43 99 5 50 42 76 54 4 7 48 8 
100 68 95 21 90 38 2 80 1 32 22 10 76 12 78 30 25 72 8 16 82 86 83 81 31 18 93 23 19 42 71 40 66 27 52 62 69 44 94 17 15 75 79 61 11 73 65 45 33 5 89 58 7 28 64 35 84 50 39 60 46 67 29 20 92 91 55 99 87 54 4 3 13 36 14 63 70 24 74 26 53 51 37 77 100 43 85 56 9 98 49 41 59 97 96 47 57 48 34 88 6 
100 47 7 80 52 5 25 31 37 15 91 50 33 43 19 34 8 29 42 97 74 32 96 23 46 83 56 45 14 17 24 59 21 77 22 35 87 40 71 92 44 79 55 93 4 26 95 36 66 72 73 76 89 54 70 27 30 94 81 38 1 69 61 10 53 98 90 100 67 20 82 99 62 85 2 60 58 63 28 86 16 41 51 3 68 11 49 64 75 84 6 88 57 65 18 13 39 78 48 9 12 
100 76 29 79 97 52 83 81 99 49 66 47 42 40 78 15 12 5 92 27 59 73 80 48 72 28 39 93 46 60 16 86 96 11 67 100 51 19 21 6 54 77 82 63 91 98 69 33 7 68 25 44 1 75 58 10 23 85 13 50 71 22 84 8 87 9 36 3 18 70 20 31 65 90 24 56 53 74 32 26 38 89 2 94 34 64 37 62 61 88 30 14 95 57 55 4 43 17 41 45 35 
100 70 57 32 83 77 26 58 9 34 89 22 78 69 50 41 98 79 8 90 3 1 76 54 23 15 4 43 56 31 100 64 62 71 49 75 44 27 24 25 59 29 53 65 68 93 86 85 36 47 12 37 30 40 17 6 55 92 81 97 20 80 21 84 39 7 66 87 73 42 96 5 67 14 45 52 74 38 88 10 51 61 99 63 95 72 2 94 60 46 16 35 28 82 18 33 11 91 13 19 48 
100 25 46 62 45 99 82 53 7 17 73 19 50 26 64 23 59 79 58 54 31 33 44 40 76 36 72 28 10 39 70 1 41 11 92 74 21 37 24 49 29 47 91 42 20 12 87 90 16 94 67 3 66 4 78 38 32 15 68 71 8 9 43 65 35 30 69 18 86 93 100 97 83 77 84 85 22 27 2 95 60 56 55 98 14 34 57 63 96 52 48 88 51 61 6 13 80 75 81 89 5 
100 38 42 95 14 39 27 65 78 73 55 57 20 67 64 51 63 77 52 59 22 6 23 71 72 100 3 62 26 13 58 2 86 32 25 75 35 94 79 85 53 49 98 9 8 12 50 97 74 29 83 31 44 61 24 18 87 43 46 41 11 68 47 88 19 92 96 56 15 34 80 1 76 82 17 91 4 28 69 16 81 54 7 90 10 48 89 21 60 99 70 66 37 93 33 36 40 30 5 84 45 
100 49 42 6 65 55 20 31 30 77 58 25 18 85 47 74 80 57 38 66 70 92 11 12 4 94 26 44 54 3 36 79 86 100 91 23 50 96 60 40 43 13 48 59 21 53 29 87 34 46 82 7 97 45 2 24 10 62 75 16 9 93 41 52 89 27 19 69 90 72 22 32 64 84 61 39 5 99 17 56 68 63 14 95 98 15 35 71 78 33 37 88 28 51 81 67 76 1 83 73 8 
100 85 71 95 44 5 64 51 82 21 9 89 93 34 41 2 8 86 70 92 17 54 27 69 25 72 74 14 15 22 31 49 37 1 28 60 79 75 46 96 19 47 39 26 100 94 77 53 52 12 6 40 16 18 62 20 99 97 59 91 88 33 73 58 98 50 55 63 36 23 32 3 48 65 78 61 57 29 68 84 35 87 67 13 30 81 80 38 56 66 45 76 10 42 43 90 83 4 11 7 24 
100 63 78 58 1 30 62 70 52 24 28 22 39 94 43 31 86 20 60 88 13 79 55 56 46 61 80 99 84 4 34 95 32 29 96 51 38 8 92 16 15 49 12 76 9 66 2 47 33 6 54 5 53 59 50 11 36 97 27 42 73 3 83 57 48 7 35 17 90 65 100 75 40 18 19 69 74 81 82 91 98 25 21 85 71 64 41 10 44 72 26 68 87 93 14 37 23 45 67 77 89 
100 37 48 32 59 31 75 3 15 21 79 1 45 4 22 73 64 24 23 39 78 11 92 80 44 100 50 46 10 83 43 74 49 36 52 71 33 40 58 95 19 93 26 97 76 47 96 65 87 89 35 61 91 60 55 70 12 20 27 66 13 25 16 68 85 53 98 69 77 57 6 38 67 34 99 2 28 94 8 88 54 72 41 51 14 84 62 7 42 29 82 30 90 86 5 81 17 9 18 56 63 
100 36 92 41 83 58 98 37 53 85 1 27 77 52 47 10 20 14 82 97 30 51 18 3 89 49 71 46 76 96 33 54 61 16 34 78 11 38 90 99 81 55 64 91 87 7 28 6 13 44 26 39 72 69 88 17 48 43 67 25 70 62 31 50 19 15 56 95 80 9 45 84 57 24 86 66 73 74 60 5 23 63 12 32 22 4 8 59 79 93 29 21 65 75 94 35 68 2 40 42 100 
100 30 6 64 16 82 72 80 78 83 50 85 73 49 39 57 15 60 10 47 33 26 89 81 58 63 40 9 59 99 76 35 84 97 24 37 22 4 1 38 53 69 74 23 31 93 94 3 2 46 25 65 79 34 68 56 66 75 17 32 100 21 51 12 19 86 70 14 48 55 41 43 45 13 67 27 8 36 88 18 71 5 61 20 52 77 90 92 29 96 28 44 98 91 54 11 42 62 87 95 7 
100 90 38 5 33 19 68 41 64 67 72 87 26 23 92 70 60 35 81 79 51 47 65 96 93 58 40 45 50 24 29 27 89 86 9 49 25 83 16 94 37 61 56 28 17 30 12 22 53 59 88 100 62 8 73 1 42 10 14 75 78 63 97 95 69 34 99 80 39 11 55 57 77 82 43 36 3 54 46 2 85 18 98 15 7 84 74 20 76 31 21 91 13 44 52 6 48 71 32 66 4 
100 30 50 28 33 76 24 100 57 3 22 37 62 47 92 12 35 34 13 58 18 85 27 75 40 70 39 2 26 79 45 38 6 54 68 21 23 71 7 69 66 25 56 80 94 29 49 61 52 97 1 8 9 90 64 48 83 96 11 60 42 41 74 19 15 99 81 32 78 89 86 67 77 17 65 44 4 43 73 31 46 84 55 87 10 16 36 59 5 88 51 98 14 63 72 91 93 53 20 95 82 
100 61 59 81 78 33 60 16 56 39 34 36 77 70 26 9 79 54 83 63 72 46 50 24 76 29 38 3 66 1 94 64 43 4 25 90 51 53 23 40 48 30 27 12 11 15 62 97 75 8 93 22 14 74 65 42 92 21 100 31 80 7 5 20 96 37 71 58 49 52 86 57 55 67 10 32 45 2 82 17 95 13 89 91 28 35 99 88 84 18 69 98 73 85 19 68 87 41 44 6 47 
100 14 43 85 77 57 98 41 17 18 99 72 8 5 30 51 3 32 38 33 1 21 19 13 65 79 4 16 95 27 48 60 61 84 90 86 82 66 94 69 36 26 52 62 80 40 67 42 74 31 45 71 93 87 2 55 12 23 39 73 20 89 24 76 44 29 78 63 50 49 56 22 9 75 37 59 83 100 54 28 6 64 81 7 88 11 10 35 15 70 34 46 25 92 97 53 91 47 96 58 68 
100 49 15 52 8 38 37 26 64 54 39 97 35 48 3 65 7 13 11 21 77 96 51 14 17 2 29 1 12 16 87 70 59 4 92 80 5 57 32 94 25 53 84 6 79 90 22 100 88 78 9 31 86 75 89 71 33 19 44 62 61 45 10 72 99 58 50 40 18 81 60 63 67 41 42 56 76 36 46 28 98 68 74 20 55 30 83 47 95 85 82 73 34 93 69 91 66 23 24 43 27 
100 59 94 38 70 53 57 30 45 68 84 87 63 3 69 52 21 36 26 71 11 72 8 7 50 56 51 42 33 47 55 4 80 2 58 81 78 24 27 77 61 23 46 95 14 88 74 98 75 28 43 54 13 93 19 65 16 15 6 35 85 34 44 99 100 73 9 79 20 96 12 49 1 92 40 10 89 82 91 25 41 60 32 67 22 90 48 97 17 29 66 39 64 5 86 83 18 62 76 31 37 
100 23 97 53 21 96 27 78 55 28 49 4 48 66 85 62 57 70 47 56 60 51 22 44 19 69 1 52 91 76 74 94 46 26 80 31 29 6 67 93 84 88 9 100 39 24 99 64 30 11 59 83 37 65 72 38 25 68 54 36 63 43 17 61 90 86 8 34 40 7 50 58 16 32 2 45 15 41 77 35 14 79 10 75 42 13 5 12 87 18 92 89 3 82 98 95 81 73 33 71 20 
100 69 79 2 54 17 73 86 81 64 89 97 34 33 7 41 5 26 72 25 84 55 31 39 50 91 92 22 36 57 83 60 98 66 45 46 70 63 38 16 19 15 32 61 78 27 94 28 21 4 68 11 30 52 18 42 88 90 56 6 29 87 9 85 93 10 96 71 8 23 43 20 35 80 1 12 77 95 82 74 53 47 99 76 40 44 100 13 62 49 67 75 59 65 3 58 37 51 14 24 48 
100 11 25 37 33 71 43 52 58 50 44 97 59 84 17 49 55 67 8 36 96 31 23 79 68 74 69 81 99 98 4 3 5 24 87 22 28 51 35 95 78 6 64 45 90 40 32 72 42 83 19 70 91 76 93 60 100 29 48 21 16 38 2 73 9 75 85 62 77 66 34 46 88 10 80 15 13 65 54 82 89 7 27 39 86 94 30 63 14 18 61 57 12 41 20 47 92 1 56 53 26 
100 66 3 36 70 1 22 24 76 93 30 100 4 17 73 19 7 35 48 31 64 51 81 54 37 85 95 50 75 39 86 71 40 96 52 12 44 49 80 62 68 65 69 21 25 34 82 11 33 45 46 98 53 91 14 6 8 56 26 94 89 32 87 16 58 84 10 72 29 42 63 59 90 41 67 13 20 88 79 77 99 38 5 83 55 92 61 57 18 60 47 2 27 74 28 97 15 78 9 43 23 
100 10 36 54 40 21 71 61 12 93 9 49 92 94 90 79 17 75 29 56 27 26 39 73 43 7 46 25 45 15 98 69 91 35 52 83 33 55 30 16 87 81 62 85 47 82 96 77 88 19 100 58 65 50 60 14 20 51 66 28 86 64 34 6 72 76 95 37 63 67 24 2 97 31 38 42 99 41 13 57 44 5 70 89 80 78 68 23 18 48 4 3 53 59 22 8 74 11 84 1 32 
100 74 78 1 66 62 50 98 89 75 64 92 90 54 10 94 100 42 26 6 82 93 65 86 59 11 36 4 77 53 2 69 76 88 97 52 95 70 5 51 99 55 60 22 28 20 84 87 8 16 12 17 15 71 79 58 63 96 9 25 18 24 14 13 45 46 49 21 83 38 30 33 34 48 91 44 47 19 57 67 56 31 85 23 29 81 3 72 39 37 32 80 43 40 68 73 41 61 27 35 7 
100 31 87 44 21 35 51 46 4 80 83 7 27 59 18 93 53 9 67 72 28 49 29 22 77 40 97 10 76 48 8 98 90 66 43 57 71 88 3 39 34 47 52 38 14 54 16 68 62 33 6 70 30 60 84 15 25 26 1 41 86 37 92 65 73 19 78 2 42 74 95 32 99 63 13 89 56 55 75 79 58 96 91 23 64 12 45 100 61 17 24 11 69 5 50 82 85 94 36 20 81 
100 41 27 12 18 8 53 7 21 77 47 93 58 75 84 37 1 56 23 59 33 68 14 65 61 10 99 100 20 74 4 11 63 9 69 24 28 5 76 79 60 39 67 19 64 40 49 71 96 16 31 38 82 43 83 51 78 34 85 90 86 80 70 57 92 32 52 54 98 62 25 15 72 45 88 29 87 3 95 48 30 42 55 2 89 50 73 66 6 17 13 81 22 97 36 94 35 44 91 26 46 
100 67 91 32 42 45 70 80 26 97 34 4 71 58 55 48 17 33 88 1 10 14 39 11 27 82 92 54 64 73 44 57 77 53 31 8 65 38 74 35 61 76 63 100 24 2 13 18 49 87 23 95 3 51 99 22 9 15 62 98 47 81 20 85 5 21 90 43 12 93 96 16 69 30 40 46 66 56 60 86 37 41 75 83 89 29 94 36 28 19 78 25 59 6 84 79 7 72 52 68 50 
100 30 13 89 65 68 15 75 12 25 83 100 67 22 88 47 78 71 31 79 19 16 60 92 69 11 21 56 63 77 45 34 43 49 90 70 38 18 98 7 41 6 42 54 33 59 17 95 2 86 97 29 66 52 39 14 51 35 76 28 20 82 9 55 85 84 24 53 4 96 46 73 74 93 91 23 61 8 36 64 94 50 3 37 44 58 26 81 80 10 72 62 57 5 48 27 1 40 99 87 32 
100 1 14 90 15 34 7 10 23 92 95 80 12 54 20 99 77 91 19 9 59 98 5 83 64 52 74 31 75 66 79 11 22 47 63 55 65 36 67 16 46 81 78 40 61 39 29 50 38 100 58 24 56 86 44 41 87 96 6 28 84 32 68 72 18 51 30 71 57 88 35 8 42 70 4 62 76 48 53 60 33 97 43 89 27 25 73 49 2 3 85 13 45 94 17 26 69 82 21 37 93 
100 37 66 14 52 30 26 10 81 6 31 39 20 94 95 80 73 62 32 87 71 51 74 11 60 67 48 12 50 55 25 33 53 82 69 45 91 40 75 86 24 68 42 43 61 7 64 23 96 15 58 21 98 47 65 97 49 90 35 19 34 1 38 41 78 27 9 92 99 36 93 16 72 57 8 17 13 18 63 56 70 4 89 44 76 3 22 2 79 100 29 54 85 88 59 46 5 83 84 28 77 
100 74 9 7 67 36 52 30 75 28 100 73 18 53 22 97 70 38 33 42 99 24 29 35 40 39 91 58 90 21 92 88 17 13 44 85 89 41 26 76 77 79 48 78 80 72 51 60 59 61 54 93 50 64 15 8 66 82 45 87 32 86 96 43 16 23 63 49 5 46 56 94 68 98 83 4 1 57 11 69 65 14 12 84 31 95 10 55 19 62 37 25 27 2 34 71 81 6 3 47 20 
100 3 95 97 57 34 16 15 61 79 23 75 6 12 24 18 76 68 40 50 11 29 81 62 93 85 74 72 63 58 91 27 17 2 8 92 77 43 84 60 86 42 71 21 64 80 7 37 89 48 46 99 32 54 33 25 66 35 36 26 87 53 31 9 90 10 28 67 100 49 14 45 4 22 41 70 19 98 13 20 51 39 5 38 56 47 78 73 88 96 1 94 52 83 44 30 65 59 55 69 82 
100 41 43 83 53 98 40 68 31 45 78 63 29 8 58 50 49 55 71 28 74 96 85 59 69 89 1 26 25 52 92 91 100 99 60 19 14 76 17 61 77 38 88 46 54 82 36 37 34 81 72 2 47 7 73 80 75 23 42 30 48 13 93 33 4 32 12 18 16 86 15 6 90 79 95 3 56 87 9 94 20 39 11 62 64 5 24 27 22 84 35 97 57 51 21 70 65 44 67 66 10 
100 68 94 66 17 55 69 29 53 19 27 93 36 67 40 35 14 96 9 100 71 51 64 72 60 2 22 79 34 92 26 47 73 6 83 32 15 23 80 44 78 58 97 31 11 54 87 86 38 28 99 13 42 7 98 8 3 37 39 70 61 56 95 65 59 74 30 4 89 85 90 24 48 49 57 62 33 76 82 5 63 46 18 77 25 21 45 43 50 84 75 88 16 91 20 52 12 1 10 41 81 
100 98 63 3 80 35 1 67 41 32 52 5 40 48 20 75 19 36 23 46 69 30 85 4 70 22 13 37 34 99 60 91 47 33 83 87 10 90 58 31 82 95 18 2 11 88 68 94 55 26 89 15 43 86 100 25 73 72 45 38 29 24 78 81 76 97 17 54 49 7 14 6 62 8 56 92 57 27 84 61 44 42 9 21 64 66 53 74 65 59 96 28 93 51 79 77 12 16 39 71 50 
100 19 24 40 95 52 37 10 17 47 93 70 33 78 57 53 6 14 74 50 90 69 7 9 25 98 39 16 43 99 42 38 28 77 87 35 32 8 60 84 79 80 58 11 73 72 83 94 65 88 64 71 46 92 91 54 5 2 4 3 23 59 67 81 12 29 31 76 66 49 56 51 45 13 34 30 26 89 86 75 48 62 85 21 20 63 36 61 18 22 15 41 97 44 27 55 82 1 96 68 100 
100 28 46 39 76 3 83 44 42 5 74 80 96 25 51 75 64 47 87 88 92 93 21 85 34 98 81 1 67 48 53 14 37 9 32 62 77 57 40 99 71 63 31 38 22 50 15 78 56 70 35 60 55 41 97 72 23 4 2 16 79 58 45 27 52 24 68 84 82 49 26 10 29 13 91 33 11 19 43 66 90 89 30 7 69 36 17 94 18 59 95 6 61 20 54 65 73 8 12 100 86 
100 66 2 99 67 80 77 73 71 45 25 44 55 42 41 46 83 34 88 32 43 29 86 23 26 27 70 84 95 81 100 30 90 31 22 18 10 36 87 78 7 19 94 75 38 97 72 64 58 79 35 14 49 8 92 76 39 13 68 56 11 12 40 4 20 5 93 69 9 59 82 6 28 57 74 16 21 53 54 61 91 24 1 51 17 15 60 48 50 89 62 98 96 3 47 37 52 85 63 65 33 
100 95 55 48 75 42 11 40 93 51 30 6 27 60 84 72 26 33 4 69 90 97 23 31 41 88 39 20 3 62 56 22 52 54 15 38 46 14 92 61 47 16 98 67 82 25 35 94 50 28 85 53 57 24 13 66 100 86 89 74 5 81 70 59 18 49 34 32 12 29 17 96 77 44 45 68 73 10 21 2 76 63 80 37 87 19 91 64 78 71 9 79 65 58 7 99 43 1 83 36 8 
100 13 27 76 29 21 4 15 100 97 60 18 3 82 14 56 45 67 49 69 64 28 87 16 5 66 62 46 20 57 31 1 32 81 26 98 58 23 38 25 41 52 88 84 79 12 73 51 48 89 65 96 70 86 75 99 94 6 37 77 53 54 61 24 43 83 17 7 50 72 39 55 22 42 78 59 85 33 40 92 91 71 11 95 19 10 9 80 2 47 63 36 44 93 34 35 68 74 8 30 90 
100 61 20 16 94 39 100 51 99 69 80 78 81 89 31 74 1 24 42 7 63 95 64 27 18 44 37 23 60 54 21 33 97 48 76 47 62 72 11 29 55 98 71 65 67 49 45 25 59 4 15 53 5 40 2 57 10 85 43 70 6 35 30 28 41 82 26 52 83 93 3 92 46 96 34 90 36 86 75 87 66 14 91 9 22 68 50 17 38 84 88 32 77 8 19 12 56 79 13 58 73 
100 80 13 95 3 31 98 37 61 34 64 78 72 75 42 46 14 40 12 83 57 99 9 6 2 7 36 27 38 11 50 91 65 25 81 86 68 67 18 19 29 90 17 58 93 8 35 63 1 84 69 44 23 94 47 77 73 89 74 16 21 5 48 85 51 60 55 96 87 79 76 66 59 92 71 24 10 70 62 100 43 41 22 39 32 82 56 30 4 52 49 88 97 28 54 45 53 20 33 15 26 
100 2 56 17 23 78 99 54 85 51 49 32 39 46 24 10 58 19 33 70 65 93 66 9 20 50 1 38 12 45 43 34 28 96 8 21 75 90 71 16 13 26 35 29 98 27 92 25 15 59 72 60 94 30 4 64 79 57 86 41 69 76 48 91 52 14 63 67 18 95 6 82 44 68 74 89 3 73 37 61 22 7 83 42 62 47 55 40 77 11 84 36 5 53 88 97 100 31 80 87 81 
100 54 57 22 96 100 32 58 13 2 90 29 84 40 47 64 91 18 26 46 3 4 31 5 99 52 89 70 43 23 66 10 86 72 11 45 38 39 6 14 20 69 7 73 16 12 63 76 74 62 28 35 27 9 59 17 94 30 81 71 68 8 87 56 98 92 85 55 61 93 67 42 41 48 88 37 44 21 83 75 65 79 77 50 97 19 51 60 53 34 36 95 49 78 15 82 1 25 80 24 33 
100 35 18 53 71 76 43 24 75 57 9 66 41 94 20 47 74 68 62 29 38 51 87 44 28 5 58 69 92 52 63 6 2 37 67 8 98 54 45 1 12 22 80 15 85 73 21 7 89 11 19 25 91 93 79 34 50 64 14 55 99 10 32 90 70 83 78 65 56 13 40 49 4 97 3 33 42 23 46 60 82 30 61 96 81 100 84 16 39 48 17 59 31 26 86 72 27 36 88 95 77 
100 85 9 14 31 63 8 49 46 54 100 93 95 83 42 29 67 71 77 62 25 18 3 91 72 28 40 89 38 30 73 41 44 75 27 51 60 48 84 45 35 80 98 19 21 79 56 65 61 92 34 64 88 66 55 43 39 59 11 58 24 10 69 22 86 76 37 53 7 17 57 52 5 78 97 13 16 68 94 74 26 2 81 33 12 90 47 99 82 50 20 6 23 1 4 36 96 32 87 15 70 
100 96 87 5 89 88 48 52 45 31 30 34 47 25 51 15 40 95 99 73 86 61 84 75 80 59 29 36 4 68 6 46 35 77 10 98 58 18 33 94 56 43 81 65 39 19 9 54 93 2 69 20 24 72 28 66 8 63 23 53 12 3 7 13 71 38 100 57 82 22 60 78 70 90 27 50 44 55 62 1 42 17 11 83 74 49 67 64 92 41 14 97 21 26 16 85 79 32 76 91 37 
100 73 86 3 78 10 41 39 72 84 13 52 83 17 35 53 1 76 71 63 27 61 48 7 4 34 87 20 80 46 97 32 45 37 28 59 23 96 81 42 43 70 5 49 85 65 22 58 98 69 30 8 62 29 75 26 50 82 16 12 21 89 15 67 90 64 91 66 93 74 60 99 24 31 77 40 14 36 6 11 33 19 88 94 54 68 55 57 25 38 9 47 2 18 95 44 100 56 92 51 79 
100 10 60 52 73 86 32 55 61 22 11 30 88 24 87 78 89 79 91 14 71 56 21 37 77 41 58 76 18 90 93 15 80 66 46 84 75 9 83 13 23 48 49 72 59 38 45 94 34 53 28 16 92 68 39 99 35 26 63 1 97 85 36 6 70 95 19 3 25 82 47 51 44 74 65 67 17 62 81 98 43 27 2 8 31 54 64 100 40 96 5 50 12 42 57 20 29 33 69 7 4 
100 83 26 45 6 95 37 84 8 21 41 91 15 99 89 38 96 78 73 90 74 48 27 5 87 53 47 28 57 46 16 18 65 51 30 43 60 29 52 85 70 3 24 62 25 56 69 64 76 23 97 55 4 14 50 33 39 9 40 7 86 10 11 1 94 80 32 44 100 82 93 63 35 42 20 49 13 77 34 67 72 88 66 68 36 2 71 81 22 12 19 61 92 58 17 59 54 98 79 75 31 
100 68 98 75 20 27 70 100 87 92 36 46 58 39 82 64 17 48 74 29 7 6 89 34 22 65 33 54 11 49 1 18 52 25 10 44 38 26 13 45 67 69 53 30 56 40 83 84 21 32 80 63 35 19 99 76 77 47 88 85 96 59 72 57 93 78 24 94 51 91 8 3 12 9 23 55 86 81 4 37 14 31 61 15 66 5 73 95 62 43 2 97 50 41 42 79 28 71 16 90 60 
100 52 8 19 2 47 6 40 54 7 25 15 100 49 39 85 91 64 58 34 57 41 63 87 22 81 14 71 93 21 74 29 37 43 60 50 1 16 75 92 68 65 79 80 17 69 61 82 83 94 67 59 42 90 31 95 86 10 5 4 99 88 28 33 24 97 55 12 46 44 72 62 9 18 13 26 48 78 38 32 45 98 70 11 56 23 96 3 84 77 89 66 35 36 27 53 76 30 51 73 20 
100 38 49 45 89 61 23 83 63 46 56 77 55 35 13 43 100 91 62 54 48 5 16 84 79 71 29 60 86 66 19 40 90 96 72 10 32 94 2 87 82 67 11 39 53 47 7 52 58 9 42 21 69 22 93 37 59 70 28 25 95 12 26 31 4 34 50 33 97 65 1 81 88 64 44 80 68 6 14 24 99 36 98 41 18 73 30 57 92 75 15 85 76 3 17 51 27 78 8 20 74 
100 92 25 17 22 95 37 54 76 100 73 82 88 80 81 55 83 60 33 1 11 97 5 89 24 69 16 52 96 50 59 66 45 58 30 71 42 74 7 26 84 36 29 38 32 10 9 57 87 75 31 28 19 77 18 43 20 40 68 86 98 63 65 67 90 13 46 72 49 23 3 85 78 27 21 51 39 64 15 12 8 79 35 14 94 34 61 6 4 99 62 47 44 41 2 56 53 93 70 91 48 
100 91 79 86 80 2 16 81 19 37 43 46 58 61 84 74 63 96 69 64 11 45 21 22 62 77 66 48 87 9 14 100 32 93 15 57 76 78 44 18 23 51 68 59 73 25 41 60 52 53 42 26 40 39 5 24 49 8 28 95 29 4 88 72 67 85 7 50 34 1 31 36 20 38 65 90 83 70 10 12 6 97 75 98 13 17 27 33 30 82 35 55 89 47 94 54 71 92 56 99 3 
100 84 10 97 64 25 46 92 63 19 43 32 8 96 36 22 54 62 45 86 55 42 77 48 21 89 28 88 41 38 3 69 90 66 6 100 47 65 61 26 49 31 9 78 5 72 53 80 39 29 12 24 83 59 13 7 1 17 33 23 82 75 4 85 94 15 70 73 81 56 95 20 16 35 44 93 2 34 74 98 14 76 57 11 91 30 71 87 60 99 68 50 18 37 27 51 79 40 58 52 67 
100 24 30 13 99 66 42 49 95 50 6 72 58 4 20 63 23 97 55 32 74 10 34 68 76 11 43 44 36 7 25 82 9 37 91 47 83 21 28 100 61 78 75 22 79 73 69 84 93 8 94 96 27 86 85 39 12 60 19 5 17 2 57 92 53 89 90 35 41 46 77 15 51 14 65 59 98 52 3 40 1 48 45 87 31 64 81 70 16 54 56 18 62 38 33 80 26 67 71 88 29 
100 30 77 33 75 58 53 37 91 66 22 19 72 11 2 3 89 9 52 74 24 47 96 42 83 98 20 18 39 45 35 21 87 54 79 82 81 93 49 85 78 4 56 44 57 67 1 17 25 65 86 88 34 68 73 61 41 51 43 50 32 69 60 46 12 55 7 40 59 29 13 15 63 16 6 84 99 100 94 5 48 71 97 31 80 28 64 90 8 76 14 38 92 23 26 70 27 62 36 10 95 
100 57 47 90 31 79 24 43 52 3 40 91 78 46 66 38 20 75 15 69 99 42 23 50 64 12 8 44 84 72 6 81 89 39 45 11 14 27 18 61 54 68 92 87 88 32 97 21 2 100 58 51 37 63 17 65 7 86 13 55 85 5 25 28 10 80 82 95 33 36 1 29 41 19 49 70 73 67 16 62 83 48 96 34 59 22 76 71 4 30 9 60 94 77 26 35 93 56 74 98 53 
100 73 89 54 33 42 2 88 52 76 36 83 93 21 5 66 70 11 61 8 77 34 18 47 94 44 64 40 13 96 60 27 46 57 85 19 53 20 35 17 12 38 48 78 49 68 41 26 79 9 4 7 91 74 15 69 75 23 99 82 65 39 55 6 51 31 24 14 81 98 63 45 80 92 72 87 16 3 90 56 1 28 62 10 37 59 30 95 25 58 32 86 84 100 67 29 43 22 50 71 97 
100 31 38 42 66 90 14 29 45 26 15 30 69 46 99 82 88 49 9 17 60 63 22 35 89 78 2 43 52 75 92 84 93 72 1 61 19 55 36 37 13 3 97 24 11 59 79 56 57 96 98 48 39 51 7 80 62 28 12 95 54 18 100 21 5 16 65 94 74 87 25 58 41 23 76 67 33 86 91 40 32 47 64 50 71 34 81 27 73 70 83 8 6 44 85 53 77 4 20 68 10 
100 25 58 62 45 19 69 61 77 18 85 9 1 47 30 36 5 24 87 67 68 49 96 48 75 20 32 34 89 40 54 66 35 41 37 44 79 70 14 39 11 8 64 10 83 76 13 17 93 23 51 90 57 100 53 28 46 92 31 33 26 6 81 22 65 38 88 21 95 94 99 27 50 4 73 82 86 55 98 59 72 74 2 78 91 3 84 29 97 42 80 12 15 16 60 52 7 43 56 71 63 
100 7 69 97 15 14 24 84 78 90 1 29 28 51 82 81 89 55 56 79 37 3 13 10 59 9 95 44 27 65 23 94 25 70 35 36 4 60 45 49 47 6 66 43 32 86 62 96 42 2 50 18 77 34 52 17 12 26 16 54 57 98 20 87 71 80 19 21 22 39 63 92 68 100 38 61 40 33 99 74 88 8 72 91 73 64 41 58 83 5 48 30 53 85 67 46 31 75 76 93 11 
100 50 75 64 90 77 97 26 39 23 73 10 72 82 84 4 3 27 93 11 38 1 22 12 78 100 81 28 61 62 36 65 67 13 83 60 92 17 8 59 57 16 99 74 21 49 96 91 2 29 5 25 42 37 31 63 30 54 24 53 46 95 58 86 47 71 56 32 80 48 33 6 66 94 7 35 76 9 45 43 88 85 70 52 98 87 69 79 51 40 15 68 55 19 20 18 34 89 41 44 14 
100 14 21 98 94 69 53 88 16 2 44 5 40 100 25 99 56 29 13 81 95 35 96 65 66 90 28 74 78 15 72 30 17 22 62 11 84 51 43 82 36 77 38 83 70 52 1 37 3 60 75 27 9 10 58 86 47 7 67 39 8 34 33 18 4 91 49 19 23 31 80 41 61 87 12 92 89 93 32 50 42 85 68 76 26 73 48 45 97 79 6 20 46 64 63 55 59 54 71 57 24 
100 86 60 46 18 62 12 44 51 36 59 30 34 5 38 37 77 90 68 67 75 78 81 22 9 80 1 25 92 88 7 85 42 74 27 33 56 50 83 6 14 100 20 16 10 70 3 31 35 89 65 32 79 95 40 71 19 15 47 45 57 93 98 43 29 73 84 13 54 82 49 53 96 24 4 23 87 17 64 61 26 55 52 63 2 99 28 39 91 97 66 48 72 41 94 69 11 76 58 21 8 
100 17 37 100 81 87 56 47 4 20 29 51 82 27 71 33 64 23 11 54 13 43 79 60 24 9 5 88 66 48 49 3 21 90 2 63 74 35 98 57 7 14 96 72 44 10 36 46 97 42 6 41 52 95 1 45 53 78 32 84 68 94 99 91 76 80 69 16 59 85 77 50 75 70 15 19 83 73 86 92 25 39 93 22 28 34 38 55 62 89 58 65 8 26 18 67 31 40 30 12 61 
100 10 48 72 31 85 14 35 99 62 1 76 66 45 13 36 77 33 41 4 78 69 61 21 40 16 79 32 5 95 81 64 97 71 38 46 51 96 54 19 92 15 91 80 18 47 100 25 42 26 2 98 37 63 22 43 56 65 6 82 68 58 84 20 7 52 70 90 59 75 11 93 24 74 39 55 57 83 53 23 94 89 28 34 50 67 44 60 88 29 73 87 8 17 12 3 30 27 49 86 9 
100 86 71 42 5 30 39 63 9 68 6 40 46 74 38 23 91 97 34 58 51 84 59 96 10 21 69 52 77 88 28 32 92 64 79 98 14 82 67 48 45 17 66 70 90 94 50 4 15 100 24 8 75 87 20 1 95 78 27 56 55 13 22 62 11 16 89 29 26 25 47 60 49 19 54 41 99 43 61 36 57 31 37 12 18 65 2 73 76 3 7 44 80 53 81 72 33 83 85 35 93 
100 24 55 26 83 18 34 36 69 86 58 92 2 22 31 39 66 45 52 17 23 73 15 41 13 49 16 53 20 38 75 4 11 97 10 40 80 37 1 74 68 27 29 33 30 56 57 51 89 63 44 85 94 72 61 59 5 78 35 3 70 79 95 88 98 21 91 19 67 96 65 46 9 60 62 81 76 77 100 32 48 25 28 82 50 43 99 54 6 47 90 12 71 84 64 8 93 87 42 7 14 
100 34 17 66 90 24 65 45 95 89 84 13 70 44 71 19 62 25 41 23 47 35 64 67 79 14 43 59 100 3 32 52 40 83 11 1 51 27 63 57 54 8 20 56 42 58 9 74 96 80 93 87 60 98 82 4 37 91 30 68 16 55 2 72 21 86 33 49 18 38 22 85 29 97 5 12 26 76 78 15 75 46 48 7 94 28 39 69 88 61 6 81 36 50 73 92 77 10 31 99 53 
100 50 36 70 7 81 80 41 95 3 52 78 38 12 24 48 27 55 28 34 37 19 21 72 31 90 18 68 14 74 5 39 26 77 25 62 20 86 88 51 17 91 13 94 100 87 97 35 2 75 44 33 83 79 58 4 9 1 64 92 60 40 30 61 45 66 82 46 49 43 85 73 47 76 63 8 99 56 11 22 65 67 10 54 57 93 89 69 23 6 59 32 84 53 15 98 29 16 96 71 42 
100 26 49 50 19 55 31 59 96 6 7 90 21 37 85 46 9 89 100 32 66 92 35 93 45 94 11 36 52 13 67 10 29 51 69 23 65 95 54 82 25 18 81 17 58 48 72 20 24 42 84 8 12 91 14 80 47 68 33 79 57 39 16 73 4 60 22 97 76 62 87 77 41 15 3 27 28 34 71 61 1 38 2 83 99 98 70 5 78 75 40 86 53 88 44 43 30 63 64 56 74 
100 68 25 51 61 3 9 98 28 81 88 19 59 99 64 90 42 41 4 12 78 87 38 5 1 29 30 58 73 79 24 62 82 23 71 20 72 14 74 57 95 8 93 7 16 33 70 31 10 69 26 27 63 100 37 96 36 66 55 18 84 89 39 80 35 13 56 43 48 54 34 6 92 53 49 45 94 15 52 44 77 32 22 11 65 97 67 85 17 40 2 60 21 46 47 75 83 76 86 50 91 
100 6 68 80 53 4 67 79 14 91 61 75 23 64 89 85 28 65 20 84 58 22 1 87 77 41 82 94 9 19 7 21 40 11 54 27 25 29 16 59 93 48 56 55 35 76 95 18 57 37 36 12 81 33 10 83 31 62 51 60 74 38 52 69 99 43 5 71 97 92 98 47 88 86 15 44 50 3 78 13 24 42 46 73 70 66 39 2 45 26 100 96 72 17 49 30 63 34 90 32 8 
100 14 48 75 95 70 4 100 58 63 85 19 65 30 27 82 90 42 81 94 25 78 71 2 99 13 76 49 38 60 24 9 51 61 66 36 62 12 77 73 91 35 3 28 52 8 57 64 88 46 84 39 23 17 21 69 80 89 53 15 47 83 20 44 16 55 50 18 32 54 6 97 34 87 67 31 10 74 43 96 40 22 56 72 41 1 86 98 93 59 79 45 7 92 5 33 68 37 11 26 29 
100 17 11 57 36 37 43 38 82 68 88 100 48 63 4 15 87 80 58 70 76 45 35 75 73 62 83 89 3 29 32 52 79 34 10 54 7 49 91 41 26 14 95 97 72 20 92 28 96 1 74 13 44 50 9 46 6 30 85 27 5 84 66 94 33 39 19 12 93 77 81 56 18 59 98 69 64 31 47 53 40 55 24 21 51 67 25 71 2 90 8 60 86 61 78 16 22 23 99 42 65 
100 36 31 59 41 98 52 2 51 5 30 33 66 76 25 6 49 68 85 77 74 9 47 17 15 70 3 80 1 87 18 39 96 65 29 12 42 89 92 100 54 44 22 97 57 21 45 60 99 46 93 91 7 78 61 72 55 75 58 26 50 27 63 34 94 40 10 35 83 64 95 11 16 37 28 32 73 20 69 19 88 67 56 38 86 48 71 82 24 90 53 8 43 14 4 84 79 23 81 13 62 
100 63 74 99 57 82 96 16 73 49 75 62 100 88 7 11 30 32 10 19 25 14 98 42 55 4 2 71 6 20 34 44 64 38 91 9 33 97 79 13 94 65 1 59 37 58 15 56 5 28 89 21 3 17 47 12 83 85 95 77 90 27 93 51 84 80 39 81 92 69 78 48 72 22 86 43 41 24 68 76 53 29 31 52 70 66 36 54 8 40 46 26 87 67 18 45 60 35 61 23 50 
100 33 39 67 23 59 7 92 18 96 9 89 73 82 25 46 17 36 3 22 65 95 60 8 69 28 34 12 64 70 47 49 50 68 6 31 55 19 26 4 77 48 66 11 27 76 86 16 30 20 84 99 93 80 87 79 98 21 40 44 53 52 83 74 10 37 35 57 32 1 24 85 63 72 75 42 43 100 13 61 81 71 62 54 78 5 45 14 58 51 2 38 41 29 56 94 91 90 15 88 97 
100 84 76 66 23 60 51 87 32 53 9 50 57 29 68 64 28 22 18 72 92 90 98 5 3 89 26 96 67 1 11 14 40 35 85 31 65 6 49 39 59 63 55 91 15 82 61 80 44 77 20 86 56 94 12 74 58 93 73 30 81 43 17 4 79 52 62 21 24 27 41 38 54 83 48 19 100 78 99 42 69 75 2 88 16 33 95 34 47 25 71 13 10 45 36 7 70 97 8 37 46 
100 34 19 41 6 48 94 97 36 18 7 51 45 90 77 100 93 43 85 22 73 66 37 9 26 5 83 10 27 44 54 3 57 17 69 87 86 25 42 21 24 74 40 13 33 78 31 92 11 16 50 96 14 32 99 95 89 23 12 64 79 29 71 84 28 53 75 60 82 4 38 35 91 76 62 72 55 1 67 8 59 30 15 46 52 2 68 81 65 47 70 80 49 61 39 58 56 20 63 98 88 
100 53 27 66 55 52 72 87 64 7 26 44 12 51 46 38 1 97 17 74 85 89 75 91 63 65 56 14 78 86 10 61 81 68 94 2 92 90 60 71 13 47 4 48 99 100 11 76 77 19 58 70 25 28 95 22 24 5 33 50 23 62 69 80 40 54 88 29 98 57 32 16 84 83 41 39 34 9 18 96 79 43 42 36 15 3 59 73 49 67 93 31 30 21 6 37 8 35 82 20 45 
100 45 82 74 47 38 7 100 26 21 17 61 75 5 67 91 98 92 15 49 73 23 52 55 40 71 31 43 88 19 9 14 87 29 53 32 63 96 64 24 89 35 59 12 76 84 1 18 30 94 48 68 39 10 46 50 25 85 72 20 34 54 58 70 56 51 3 36 60 80 95 90 27 11 41 69 16 42 37 78 77 22 8 13 33 86 28 65 57 66 6 83 81 79 97 99 93 44 62 2 4 
100 26 54 12 71 90 35 25 21 34 31 49 73 23 53 98 47 89 66 39 40 81 17 100 79 72 61 36 77 57 30 97 18 9 6 32 10 63 84 20 92 76 22 95 67 70 82 51 2 4 46 59 69 44 1 96 75 15 29 56 62 80 45 65 55 50 87 38 64 33 85 28 78 68 16 27 48 5 14 24 11 86 83 91 7 13 19 41 60 37 99 94 93 52 43 42 58 8 74 3 88 
100 62 1 45 49 79 50 94 5 80 100 82 20 22 25 73 55 15 66 28 72 75 44 48 93 81 98 70 17 71 74 65 67 31 41 64 24 42 89 58 32 78 18 10 53 29 95 12 7 87 57 85 88 56 4 52 27 92 63 9 39 83 35 6 23 51 43 40 91 86 77 54 37 59 8 26 46 34 69 13 84 97 47 90 3 68 76 16 19 99 60 11 2 38 96 21 33 61 14 30 36 
100 34 15 68 98 48 88 91 49 92 31 50 29 79 81 71 83 4 72 36 65 55 12 99 52 5 78 97 85 63 54 82 75 40 19 90 10 7 77 73 16 58 66 28 70 95 43 33 47 30 44 32 23 35 8 38 37 46 74 21 96 26 14 93 22 24 45 18 100 27 2 11 42 87 67 61 25 94 56 76 69 59 20 39 84 9 53 51 13 17 1 41 89 64 6 80 86 57 3 60 62 
100 82 7 29 76 44 98 23 5 77 12 49 83 45 46 74 99 17 52 95 97 40 60 9 32 21 85 71 92 80 66 87 56 4 94 42 58 10 89 81 91 15 73 62 55 65 59 36 2 96 28 35 3 20 68 24 100 50 43 63 41 51 84 48 33 88 13 34 22 26 90 75 86 6 53 57 72 39 8 25 78 27 61 93 67 1 18 69 79 16 31 11 47 14 30 38 19 54 64 70 37 
100 71 5 96 98 48 91 63 13 68 24 92 8 82 81 6 49 72 60 41 47 4 10 61 58 36 80 50 23 40 34 14 87 35 78 95 62 21 76 74 73 39 54 85 51 20 31 55 38 28 12 42 65 15 79 84 53 77 88 44 89 97 67 70 99 2 52 3 26 69 94 22 56 57 19 33 64 100 37 27 32 25 1 46 59 29 86 45 43 66 11 17 75 9 7 18 83 93 16 30 90 
100 94 14 46 9 58 47 48 54 24 32 22 28 40 92 55 41 57 26 60 73 36 82 39 64 23 53 78 61 38 4 33 71 80 70 25 3 43 98 29 45 1 11 85 87 6 77 13 86 99 63 95 42 66 100 74 88 97 69 84 68 27 96 79 20 7 75 44 62 8 2 17 31 52 10 51 49 89 72 67 21 12 59 35 30 56 37 83 91 93 18 16 65 34 76 5 81 19 15 50 90 
100 20 33 51 16 66 46 52 25 4 19 1 79 71 64 62 9 75 99 22 98 15 80 3 48 60 23 49 63 83 82 65 55 89 50 29 6 10 76 61 93 56 8 27 69 84 92 100 58 42 43 68 90 34 53 94 37 30 78 45 14 85 81 2 17 11 72 54 28 38 47 39 41 36 12 59 95 74 26 73 13 21 31 91 96 40 87 57 7 88 70 32 5 77 18 67 35 44 24 97 86 
100 92 63 24 62 10 65 30 16 52 43 84 85 74 79 56 95 68 72 99 36 44 67 13 73 3 76 64 53 5 80 39 26 25 28 14 51 42 81 88 97 48 12 37 50 29 4 20 21 32 46 71 94 83 49 86 47 8 6 75 31 91 18 93 15 22 69 96 1 41 78 34 89 17 66 33 55 87 38 45 7 59 19 58 35 100 60 11 90 2 57 40 27 23 82 54 98 70 9 77 61 
100 61 40 93 59 22 44 4 15 32 24 63 48 85 83 12 6 37 16 75 82 46 95 97 14 100 58 19 43 36 7 11 99 5 89 81 35 80 50 86 34 84 51 70 65 3 38 20 28 25 98 77 8 66 68 78 88 21 55 13 10 62 47 26 60 45 73 52 9 64 56 57 33 2 74 67 79 94 96 69 49 71 27 90 29 31 30 91 53 1 87 42 18 54 23 92 76 17 39 41 72 
100 26 63 13 30 100 65 56 80 96 66 39 24 90 22 48 77 85 37 4 38 99 76 45 54 95 9 92 61 72 17 82 16 14 75 46 70 11 69 62 36 41 87 23 33 78 12 83 21 5 31 20 67 43 84 15 32 28 49 29 97 25 86 91 68 89 64 1 79 93 94 73 19 6 60 88 18 59 47 74 7 52 55 34 10 98 50 3 81 71 57 42 35 8 27 40 58 53 44 2 51 
100 32 96 58 50 89 86 88 44 82 24 2 54 93 3 51 71 53 1 49 21 94 65 6 17 61 60 57 97 23 35 34 55 48 39 98 63 11 45 72 46 18 37 75 30 47 4 7 27 91 29 78 64 5 20 77 69 42 100 56 15 80 19 85 8 79 95 33 16 12 28 62 26 92 87 74 13 73 10 81 66 25 68 36 14 67 52 22 43 38 41 76 70 40 9 84 99 90 83 59 31 
100 16 34 19 35 23 21 31 25 11 80 27 48 13 39 92 72 15 43 2 70 1 76 81 98 75 36 54 20 3 69 17 56 57 74 91 93 41 62 86 96 9 4 90 94 53 5 89 18 79 95 85 64 33 24 84 28 49 46 38 32 88 50 12 40 51 67 78 59 44 61 83 37 63 8 7 68 71 100 6 30 52 82 99 22 45 97 66 73 87 14 77 42 60 10 58 55 29 65 26 47 
100 53 61 35 52 59 96 32 1 31 77 78 82 55 7 42 66 37 39 22 62 17 18 14 72 26 4 65 54 70 49 16 20 21 11 46 38 30 79 67 95 25 74 83 91 64 71 81 33 13 12 43 50 8 87 48 44 24 28 69 6 63 34 9 15 40 94 84 27 89 73 99 60 29 75 45 93 80 10 68 92 86 98 97 88 85 100 2 41 23 57 19 36 47 5 90 51 58 56 76 3 
100 26 80 73 60 85 65 48 54 35 3 52 6 25 74 87 18 32 51 67 53 29 49 71 2 89 88 40 84 41 58 34 46 45 10 97 31 37 68 86 47 92 100 50 28 55 61 63 17 33 24 70 16 13 81 62 95 90 5 7 14 4 39 43 21 57 27 12 44 77 99 30 96 78 64 83 66 72 76 59 8 91 19 20 75 23 38 1 98 11 69 82 56 9 94 42 22 36 93 15 79 
100 74 56 8 82 96 93 32 36 7 33 1 4 6 61 92 45 80 59 60 53 34 49 58 68 2 9 85 11 48 47 42 79 27 24 54 77 94 86 43 95 72 30 20 50 40 10 17 22 63 31 67 3 37 35 52 14 66 5 69 90 41 100 25 26 76 89 15 78 71 55 51 19 12 91 65 70 18 16 83 23 38 29 97 73 21 57 98 84 64 39 81 62 44 75 28 46 87 88 99 13 
100 4 53 31 14 75 54 37 73 20 25 57 35 52 64 36 5 68 39 9 91 71 85 27 80 94 8 30 15 69 96 89 99 61 22 79 70 77 43 21 72 38 18 24 48 63 47 92 56 82 95 16 7 28 90 58 83 29 17 84 65 74 19 23 32 12 2 45 86 46 67 6 78 55 44 62 51 87 50 33 42 49 60 93 1 11 81 26 13 41 97 10 66 76 98 100 59 40 3 34 88 
100 44 30 4 20 77 41 88 7 39 90 82 51 91 95 2 48 37 36 35 70 6 74 92 42 21 13 86 40 60 68 43 75 71 14 45 31 10 33 54 23 28 32 69 17 85 58 22 52 1 93 59 83 15 47 73 9 34 66 56 87 94 53 50 11 29 8 89 100 46 27 78 19 38 16 24 25 84 80 26 76 5 96 98 61 72 12 81 18 63 49 55 3 57 97 65 64 79 99 62 67 
100 98 51 85 24 39 77 83 28 70 93 87 94 88 32 42 27 21 6 18 76 79 13 45 84 48 67 23 64 8 5 35 86 61 75 58 92 38 72 20 46 12 74 41 97 89 50 59 63 47 68 96 54 3 57 100 71 19 53 99 7 17 4 26 40 90 73 36 25 1 78 44 81 65 82 43 15 52 49 80 91 9 37 60 10 11 31 66 34 16 2 29 14 95 22 62 33 55 69 30 56 
100 11 24 86 18 48 88 40 23 100 76 45 56 46 63 72 91 42 83 69 15 38 19 37 70 92 39 27 9 90 74 51 3 73 57 30 75 54 95 41 34 87 36 33 47 13 17 22 81 98 60 29 44 67 8 96 99 94 66 59 12 89 68 50 28 49 84 58 25 71 64 7 6 2 43 31 35 10 80 26 93 32 16 77 97 55 78 52 4 1 53 5 85 79 20 65 82 62 21 14 61 
100 45 21 48 78 77 87 37 81 84 54 19 97 74 79 34 73 40 38 7 39 85 90 47 3 25 59 56 5 76 92 58 12 43 31 41 18 20 14 17 36 66 98 88 72 10 63 65 8 67 80 4 2 44 49 42 16 24 57 51 61 100 6 64 52 89 96 75 94 93 30 22 69 60 46 27 26 91 35 55 15 83 70 28 99 71 32 11 29 9 23 82 13 33 86 62 1 50 95 53 68 
100 61 44 29 64 17 78 32 69 80 77 42 41 49 40 76 79 66 18 23 50 45 60 74 8 43 85 88 97 35 67 37 72 55 14 54 63 6 96 3 25 89 20 57 31 53 75 34 59 2 52 5 100 86 94 91 95 98 81 47 27 71 36 70 58 90 84 10 4 56 28 19 46 13 9 15 38 99 68 83 12 65 1 22 7 24 93 48 51 82 26 16 21 87 39 62 33 11 30 73 92 
100 65 55 37 73 30 84 88 62 59 77 20 63 17 39 52 42 46 13 29 50 57 54 96 97 22 66 34 10 36 92 51 81 70 15 16 31 91 4 82 9 61 64 75 18 43 23 56 85 8 78 68 74 33 76 32 14 40 90 27 12 7 11 72 87 41 48 93 28 44 83 47 19 98 60 58 79 35 1 69 80 99 71 2 89 6 21 86 5 53 3 94 25 100 49 26 45 95 67 38 24 
100 8 95 27 63 31 25 88 29 34 78 32 3 40 14 69 12 22 47 21 16 42 44 76 24 80 83 87 100 61 5 92 43 15 17 91 36 45 99 79 51 62 26 67 46 58 90 4 19 28 70 55 73 30 81 77 37 59 41 60 93 13 75 23 52 50 11 97 98 74 39 48 66 82 33 72 53 18 6 65 94 54 56 35 84 57 86 89 49 1 64 20 7 10 96 71 9 2 85 68 38 
100 36 25 2 6 50 41 11 65 59 70 95 1 93 26 67 40 5 10 61 96 71 55 53 16 81 66 60 83 12 3 28 74 84 48 7 27 91 63 62 97 18 68 51 85 46 100 69 24 47 22 13 90 73 86 79 75 52 43 72 45 80 32 37 31 8 82 20 56 38 98 15 39 44 35 58 94 78 92 19 76 89 21 9 57 88 87 17 29 14 34 54 23 42 77 64 4 33 49 99 30 
100 39 57 100 7 8 27 93 55 6 42 24 77 96 70 44 74 51 82 84 68 89 91 1 73 81 31 67 83 21 19 28 80 16 58 38 52 90 61 9 18 60 34 98 26 72 32 97 69 53 3 14 20 4 47 99 35 59 86 65 25 41 79 5 64 12 43 46 95 10 22 71 88 13 85 30 75 29 78 94 76 92 48 37 45 62 54 49 63 56 15 23 17 40 50 36 87 66 2 33 11 
100 79 37 10 45 90 4 24 85 11 78 21 9 15 44 65 46 48 74 28 92 50 41 70 14 8 98 5 23 95 20 84 100 47 19 55 43 77 40 49 76 38 68 1 93 86 35 72 62 33 12 64 69 53 18 7 58 52 36 82 54 57 73 63 26 56 87 91 13 22 97 60 32 81 31 17 34 3 61 42 80 25 16 2 30 27 99 51 59 89 88 6 29 75 39 66 83 96 94 71 67 
100 62 28 12 18 80 16 66 41 87 38 22 4 40 21 29 91 81 99 100 93 34 1 90 92 14 33 97 88 9 19 61 58 86 25 13 74 79 60 51 75 54 17 2 50 67 59 77 83 52 7 84 15 69 37 10 64 98 94 39 26 48 20 72 32 71 11 73 36 24 89 31 30 56 82 8 68 63 96 57 45 65 46 49 42 76 95 70 78 47 6 5 23 3 55 53 27 35 44 85 43 
100 2 5 11 43 55 87 95 1 61 96 99 80 52 21 51 81 54 57 18 58 97 45 68 88 59 90 62 67 94 38 89 91 22 30 86 48 7 13 28 92 72 8 9 69 70 46 79 37 27 49 24 15 53 73 71 74 3 23 100 34 29 98 36 47 83 78 76 10 65 12 60 33 35 14 17 16 25 39 75 31 82 64 66 41 4 84 44 32 85 19 56 40 26 77 50 93 6 63 42 20 
100 95 8 50 68 56 22 60 86 96 6 99 5 59 42 33 43 77 55 31 49 3 45 39 13 71 90 74 23 48 97 64 53 88 63 18 17 47 52 19 38 36 93 11 70 46 51 29 44 14 32 76 66 25 98 69 85 27 80 24 4 41 20 75 84 35 7 28 34 67 10 94 82 79 81 26 16 30 15 65 37 92 78 12 2 57 54 21 9 61 1 58 83 62 100 87 40 91 72 73 89 
100 84 21 8 73 10 76 75 16 13 53 12 91 90 45 96 58 97 54 48 24 69 40 78 66 6 1 55 83 19 33 44 50 2 38 39 17 29 99 31 94 65 49 32 79 42 25 52 95 72 71 27 46 61 4 74 60 5 82 89 56 64 34 23 47 92 15 41 3 20 93 88 85 67 22 57 30 9 77 37 36 81 98 43 11 14 28 7 87 26 100 86 63 62 68 18 70 59 51 80 35 
100 87 90 21 62 41 51 14 71 52 61 2 60 99 40 35 5 6 36 24 54 27 57 91 9 46 82 47 25 30 31 72 45 32 84 75 13 48 7 49 66 96 63 22 95 33 80 39 73 16 34 100 11 42 50 15 28 53 79 89 23 64 94 69 78 93 18 38 59 12 83 19 77 8 56 3 92 74 68 67 17 70 86 37 65 58 29 26 98 1 43 10 88 76 85 4 44 97 55 20 81 
100 42 13 88 14 44 98 29 96 56 21 86 91 67 78 50 68 92 45 71 38 93 20 48 100 53 89 33 72 11 46 22 35 97 55 34 26 15 49 90 69 3 81 1 65 25 75 31 80 70 82 32 37 9 95 83 8 5 40 51 47 74 52 73 79 17 2 23 76 7 87 94 12 27 36 64 18 59 62 30 61 66 85 41 57 58 84 77 54 28 60 43 24 39 63 19 10 4 99 16 6 
100 55 3 100 35 13 26 63 67 78 97 28 43 32 80 85 90 36 7 83 22 30 11 98 91 75 21 46 96 70 51 74 38 1 47 20 31 9 54 17 68 86 88 16 50 45 6 39 84 42 58 81 41 18 40 27 89 61 62 2 4 24 57 25 99 94 79 10 19 53 14 56 64 60 77 15 5 34 66 95 69 44 29 48 59 23 72 49 76 87 52 73 82 93 33 65 12 8 37 71 92 
100 82 66 85 44 81 21 18 79 72 70 87 37 49 71 19 63 23 55 74 73 40 100 93 50 80 5 34 39 78 46 28 43 60 95 47 90 11 45 68 76 12 32 64 20 75 41 8 51 89 83 54 65 22 29 94 96 92 30 2 27 88 61 31 17 33 86 38 15 9 26 24 57 35 6 48 25 7 84 1 62 69 91 98 59 10 67 14 97 36 16 56 58 99 42 77 13 53 3 52 4 
100 96 4 8 17 73 20 82 67 24 94 21 62 13 63 54 46 98 41 85 70 18 45 25 37 64 66 52 76 84 3 57 55 87 92 2 10 53 19 32 77 26 1 49 93 91 86 30 71 40 47 31 89 35 27 39 5 97 16 65 81 80 23 11 33 9 38 34 58 56 28 44 79 43 48 83 7 22 75 90 99 88 51 42 78 60 59 36 29 100 69 72 61 74 15 12 14 68 95 6 50 
100 48 94 10 60 15 71 11 99 2 25 35 81 52 41 13 66 78 45 53 85 40 77 16 72 26 6 68 3 92 39 7 19 76 80 89 28 24 69 63 54 70 91 73 23 61 21 95 17 1 83 88 64 67 12 46 93 62 97 47 34 51 4 82 30 79 55 42 57 98 87 5 36 84 20 29 14 86 56 59 44 38 43 75 58 9 31 49 74 18 50 22 96 37 65 8 33 100 90 27 32 
100 88 96 42 31 12 45 33 46 51 87 59 93 8 50 26 43 35 86 16 71 44 5 53 21 97 64 75 28 69 65 66 72 89 14 22 49 79 48 30 6 76 13 55 81 38 60 62 98 74 54 57 85 63 37 4 82 17 80 1 41 47 67 73 77 15 25 34 18 3 23 91 83 29 58 7 10 27 52 90 24 11 78 20 68 36 95 56 19 100 99 92 40 39 84 32 9 94 2 70 61 
100 82 72 35 74 71 67 56 34 55 53 76 4 70 40 19 17 42 80 95 88 75 77 91 83 46 1 10 81 98 38 39 11 44 59 29 12 20 5 28 50 63 99 54 48 64 43 8 13 7 33 18 47 49 26 25 6 2 14 87 27 86 24 100 30 97 92 3 90 61 73 89 65 69 68 23 96 79 21 9 22 52 36 60 85 62 57 45 51 41 31 93 78 32 37 15 94 84 58 16 66 
100 9 46 54 30 83 19 91 6 60 78 29 38 58 82 61 33 95 84 55 80 49 15 35 43 27 85 31 1 99 18 51 37 39 48 28 24 56 23 52 73 63 10 67 57 2 50 8 94 86 44 88 62 45 21 26 3 64 42 68 74 96 32 40 87 97 76 53 65 90 5 12 100 17 89 11 16 71 41 66 14 59 70 22 20 93 36 77 4 75 92 79 81 25 13 7 72 47 98 69 34 
100 37 85 88 25 89 84 40 11 61 60 82 55 18 8 20 90 29 4 81 70 72 30 39 41 79 2 23 65 97 54 22 96 13 6 83 59 99 24 42 62 44 1 53 75 27 49 50 17 91 5 78 63 52 34 48 100 86 47 73 28 87 76 66 68 92 74 98 57 77 43 46 21 67 26 10 38 69 31 14 58 36 33 80 32 12 93 64 19 16 7 71 56 45 35 15 9 3 51 94 95 
100 73 86 77 79 84 76 67 18 29 54 20 70 53 71 37 62 14 28 3 25 94 45 88 96 81 6 12 39 60 93 32 90 47 92 11 4 8 99 46 23 61 57 87 44 100 30 58 15 41 35 24 64 2 51 17 69 9 48 75 66 21 1 59 40 91 82 89 68 43 38 27 98 50 33 55 85 26 16 49 72 78 34 7 31 42 13 95 56 19 10 97 22 5 52 83 65 80 63 36 74 
100 88 11 22 31 24 82 95 90 9 97 89 76 41 85 46 8 55 30 23 18 2 72 60 74 7 86 35 67 68 13 64 98 71 45 42 39 52 58 100 34 77 51 48 87 56 83 36 21 57 63 84 15 79 17 61 43 80 59 29 37 14 62 12 50 16 4 25 5 1 91 38 32 26 20 93 53 81 69 28 40 27 65 33 10 54 73 96 70 75 6 92 47 99 19 3 94 49 78 66 44 
100 17 99 78 81 46 51 75 65 89 8 15 41 23 40 90 5 87 57 94 28 18 27 32 43 3 21 14 26 64 85 77 88 71 96 22 25 80 6 53 33 12 58 2 70 31 9 76 63 100 36 47 82 48 7 45 13 10 16 35 98 72 93 74 84 37 19 68 59 66 73 97 52 49 61 56 67 42 11 50 30 4 29 95 20 86 83 54 62 1 38 91 24 39 44 34 79 69 55 92 60 
100 16 50 72 83 54 53 13 87 3 70 90 28 23 34 45 2 51 62 76 93 48 9 95 75 41 31 89 5 30 38 25 10 84 56 39 71 78 22 68 14 86 55 92 96 20 29 79 19 12 44 37 63 52 60 80 94 59 43 15 7 24 4 40 73 46 82 57 69 81 21 26 35 100 64 61 47 8 85 27 65 74 77 32 17 98 1 58 49 11 36 18 67 99 33 91 66 88 6 97 42 
100 18 37 86 89 95 93 11 1 72 3 70 81 22 67 60 10 34 28 6 21 26 83 61 7 4 9 51 36 30 14 44 57 17 97 84 50 38 58 45 16 46 54 13 53 39 49 59 20 55 94 90 85 82 71 41 35 99 5 42 98 15 79 47 80 75 76 73 23 92 19 66 24 100 48 31 52 32 62 91 65 8 63 88 33 43 69 25 40 68 77 78 56 29 64 96 12 2 27 74 87 
100 29 30 13 74 82 20 69 100 9 79 58 67 50 48 90 39 38 47 56 85 40 17 92 3 62 81 68 80 72 97 66 96 65 33 76 42 73 25 36 46 55 87 77 41 18 32 16 70 14 21 4 57 99 7 11 88 19 98 61 54 75 43 12 53 83 37 86 24 51 44 31 49 45 15 35 5 91 89 26 8 1 60 52 78 2 27 64 93 28 71 34 59 10 23 84 63 95 94 6 22 
100 60 75 83 38 3 10 26 95 99 43 66 2 12 44 32 22 65 58 7 56 91 23 84 93 33 40 87 18 96 70 62 74 52 16 85 67 50 13 69 79 35 11 5 46 25 53 47 51 81 78 88 28 30 59 41 77 68 42 61 89 94 98 72 27 6 4 36 34 17 82 49 48 76 8 20 73 97 21 71 37 64 92 24 63 45 29 54 80 86 39 9 55 1 15 100 90 57 14 31 19 
100 51 73 54 70 38 17 37 28 59 89 92 13 24 26 58 77 88 57 95 35 90 63 75 41 74 52 43 22 84 86 1 2 5 20 42 3 56 69 85 96 33 100 9 94 18 32 46 4 97 82 30 40 23 29 48 27 61 81 76 98 93 49 65 25 79 15 64 68 80 11 8 72 10 12 91 62 36 55 78 47 60 87 21 19 45 44 6 14 67 31 16 71 50 39 66 34 83 7 99 53 
100 61 98 9 58 12 85 56 7 4 49 15 84 30 24 31 11 28 64 47 1 76 21 90 26 8 3 92 32 62 83 86 88 34 36 65 74 27 20 51 79 96 5 87 73 95 10 13 23 77 6 50 14 16 40 33 57 53 94 78 29 42 72 80 99 35 100 54 63 52 19 55 67 18 75 37 48 93 38 17 41 46 25 43 44 66 22 68 89 71 45 2 91 69 70 81 60 59 39 97 82 
100 96 86 98 44 83 15 81 90 68 84 2 29 58 8 4 49 36 88 62 13 99 43 55 39 53 60 31 28 1 27 38 82 76 85 95 89 33 78 3 5 9 61 41 26 59 32 23 45 25 70 51 40 10 47 52 11 87 97 69 67 14 66 100 7 92 93 80 75 79 72 57 48 35 65 16 19 56 20 22 46 42 24 64 18 50 17 34 12 94 30 21 71 37 73 74 54 63 91 6 77 
100 10 16 38 12 19 81 58 6 13 17 66 68 96 28 14 53 73 61 67 45 23 42 65 40 79 88 33 89 37 54 3 72 9 75 63 35 27 83 41 91 59 56 78 44 87 30 80 95 98 34 92 31 46 82 76 97 85 69 7 84 47 26 74 24 5 1 100 94 43 77 21 4 15 90 11 57 86 18 71 32 20 22 48 8 51 29 39 52 93 50 60 70 36 49 62 55 25 99 2 64 
100 86 37 67 90 40 64 14 70 97 87 54 36 25 15 63 1 46 39 65 89 66 24 68 20 94 35 41 19 22 44 13 7 52 93 28 80 4 71 58 2 18 6 53 10 82 45 49 21 96 32 34 30 73 8 43 55 79 100 9 91 83 27 5 95 85 74 78 42 33 3 77 50 57 38 60 56 81 23 88 69 76 61 48 31 59 98 72 75 12 26 16 47 84 99 29 92 51 62 11 17 
100 63 10 34 92 82 83 60 27 68 87 61 16 78 18 95 69 65 35 70 76 25 21 85 62 3 20 89 80 64 66 39 7 23 38 59 37 88 28 67 71 26 46 55 93 56 41 17 97 48 86 50 58 4 12 77 36 31 30 8 2 57 5 53 73 51 9 47 11 98 94 81 52 33 100 42 32 15 1 40 72 29 90 84 24 14 43 75 49 91 79 96 99 22 74 19 45 13 54 44 6 
100 90 1 75 69 38 57 65 7 30 61 4 58 24 71 6 100 97 37 18 84 48 93 22 10 49 85 55 20 26 27 63 76 72 77 5 88 91 23 28 3 79 8 99 16 62 9 52 40 51 74 89 95 42 56 29 36 81 15 19 53 21 35 59 39 14 78 41 66 33 50 44 2 11 98 13 67 12 70 80 43 17 34 68 73 96 31 47 64 86 94 92 60 87 25 83 45 32 46 54 82 
100 53 55 71 19 68 78 5 9 75 66 47 30 23 49 89 38 39 94 48 98 36 20 43 99 6 22 16 42 37 12 59 17 67 56 72 70 61 3 57 95 21 86 64 54 85 88 11 79 45 7 77 24 91 8 27 93 40 52 74 10 92 41 51 35 14 15 58 76 34 25 31 96 80 87 83 62 13 60 90 44 81 84 28 2 82 46 29 26 1 33 18 69 32 100 50 4 73 63 97 65 
100 32 62 41 96 81 51 48 98 5 88 57 70 24 53 38 72 68 11 6 18 16 89 56 75 69 91 79 54 85 12 61 28 35 25 40 71 97 59 7 19 64 13 87 46 15 10 52 39 99 80 58 17 73 84 100 21 37 3 67 9 2 76 20 77 44 22 1 8 34 86 50 27 63 4 78 55 29 83 94 66 43 30 93 26 45 47 31 42 82 36 90 23 95 65 92 60 33 14 74 49 
100 100 50 41 78 30 81 58 93 8 26 77 45 36 34 74 63 39 38 17 47 29 43 25 51 80 49 46 98 85 57 91 87 53 68 94 20 32 23 10 6 24 5 89 13 27 16 90 12 67 14 97 56 48 28 65 9 7 75 73 42 15 92 95 61 35 1 60 3 19 21 40 44 70 71 33 64 88 79 96 84 76 55 2 69 11 83 72 82 59 62 54 37 22 66 52 4 99 86 31 18 
100 41 52 4 54 62 15 43 84 80 9 98 28 61 30 1 19 47 83 36 7 45 68 8 93 75 95 69 21 99 71 14 31 87 5 17 46 76 35 33 37 25 94 86 78 50 44 72 13 38 12 65 70 3 48 60 66 91 63 29 23 42 59 39 58 34 90 6 56 57 26 88 32 22 51 81 97 2 10 18 16 77 67 27 53 79 89 82 49 100 64 92 20 74 24 96 55 85 11 40 73 
100 44 74 38 57 76 22 88 49 72 62 41 100 37 98 20 19 7 16 82 66 21 11 46 35 85 70 58 30 25 84 81 97 92 36 17 8 5 71 63 64 9 87 96 86 31 12 34 27 69 51 53 1 2 40 94 55 15 75 28 13 26 4 29 61 14 42 79 39 83 6 68 60 52 77 67 47 54 91 10 43 18 78 93 65 33 99 73 32 23 3 50 90 59 56 24 95 45 80 48 89 
100 8 56 77 70 76 99 66 48 62 95 100 29 81 36 59 69 41 58 7 50 33 75 27 57 88 19 25 18 4 42 16 89 30 74 14 39 10 68 83 31 72 67 92 6 44 20 24 87 96 63 51 38 23 12 9 35 55 15 82 65 54 28 26 2 53 43 61 94 78 73 47 80 17 97 21 71 32 90 84 1 64 45 52 3 5 49 13 93 98 37 60 34 86 11 91 79 22 40 46 85 
100 4 26 59 75 72 87 63 10 77 76 95 32 73 9 27 41 99 20 86 71 51 50 46 80 98 28 17 100 1 60 43 11 70 12 53 38 48 82 65 91 85 94 33 24 68 74 57 37 31 84 15 67 83 8 13 62 40 55 52 16 78 66 2 22 49 45 61 79 44 47 92 54 56 23 14 29 42 30 81 36 69 39 25 35 88 6 64 96 93 97 19 18 89 58 21 3 90 5 34 7 
100 16 18 24 68 79 45 62 87 34 10 40 28 89 67 20 27 88 25 61 53 31 48 81 19 58 78 38 90 100 3 1 64 14 60 72 8 49 80 13 30 46 84 76 55 69 51 70 33 35 42 23 36 65 32 41 99 26 9 29 57 91 56 98 43 7 47 66 5 39 44 71 54 22 21 73 37 11 97 6 82 95 74 86 59 75 85 77 50 83 15 96 2 94 52 93 17 4 92 63 12 
100 5 19 65 25 7 12 87 98 71 48 68 8 91 20 83 33 23 26 14 88 42 16 27 46 37 28 94 41 77 75 13 34 22 11 39 72 30 45 79 67 58 66 92 70 62 96 95 4 18 85 36 2 44 78 35 89 74 43 73 93 86 81 32 3 49 80 40 47 61 31 63 10 50 84 99 100 82 64 6 15 59 24 9 57 51 54 1 55 56 21 53 69 76 17 52 90 29 97 60 38 
100 38 49 62 45 98 93 67 69 3 92 65 28 50 2 78 68 9 79 47 75 29 70 84 40 34 59 87 83 89 86 64 71 48 19 82 12 61 21 23 24 41 74 100 66 7 31 11 42 72 99 63 10 73 77 15 95 1 35 96 60 30 90 5 39 51 97 14 58 16 32 52 43 81 57 4 76 53 80 36 26 18 17 8 54 88 37 56 22 20 25 91 13 55 6 94 85 44 46 33 27 
100 69 89 18 70 27 62 59 65 95 79 94 35 67 31 5 82 53 93 44 24 84 10 23 39 78 29 30 74 71 32 13 1 4 50 85 22 48 20 73 26 75 25 17 92 96 91 36 2 7 16 57 56 90 33 76 60 100 38 58 3 97 8 47 34 21 64 41 55 81 87 9 61 52 83 12 42 66 54 46 72 98 99 6 51 68 37 77 63 15 86 88 43 49 80 11 19 45 14 40 28 
100 87 88 67 56 73 76 61 6 36 43 47 84 62 72 58 31 86 12 90 37 75 19 81 2 9 48 69 89 38 85 23 7 32 82 64 42 41 83 4 28 24 59 20 26 99 68 33 65 16 25 60 97 79 94 74 77 49 54 57 30 100 91 14 66 93 96 5 51 95 55 98 3 92 39 46 10 17 21 1 52 13 29 78 34 53 40 50 11 80 18 8 71 70 63 44 45 35 22 15 27 
100 12 69 65 27 85 10 76 52 22 30 62 64 57 28 97 39 54 36 53 68 16 46 15 91 86 82 99 24 49 79 1 5 41 21 93 8 75 7 3 74 88 80 87 96 58 4 98 67 56 59 84 43 48 20 50 19 89 14 60 2 45 73 42 51 23 70 9 66 77 90 31 25 47 13 55 33 32 18 38 92 44 95 94 35 6 11 37 81 63 78 17 61 40 100 34 83 29 71 72 26 
100 49 9 86 34 1 56 36 27 33 52 94 61 41 87 90 29 67 85 91 42 72 18 96 83 43 35 65 40 44 57 55 25 6 20 50 21 17 81 95 7 63 53 14 28 46 38 59 79 47 10 84 97 15 31 48 24 11 19 89 74 98 58 2 82 12 8 80 68 26 45 32 60 5 51 76 88 64 66 13 92 100 93 37 23 69 78 70 62 54 3 4 39 22 77 73 30 71 99 75 16 
100 9 5 1 98 56 4 60 93 54 14 59 3 86 16 88 7 97 25 87 28 51 32 68 94 80 48 76 35 21 81 52 78 100 33 62 34 29 69 85 82 53 36 23 38 20 46 71 99 22 89 6 30 70 74 10 41 91 39 77 27 95 57 72 63 2 42 96 75 18 8 31 13 17 73 49 44 40 61 50 65 19 84 83 43 79 15 37 58 90 55 47 26 24 12 64 92 67 45 66 11 
100 29 44 91 9 89 40 78 32 56 81 72 83 41 28 53 46 12 33 52 60 1 73 19 35 71 68 8 96 58 6 26 47 22 93 3 25 88 65 67 98 63 69 30 23 74 7 70 54 61 39 49 95 90 38 99 66 84 10 17 2 50 27 92 79 37 42 21 36 62 11 14 15 76 43 24 59 80 85 86 45 48 34 4 57 87 55 94 64 75 51 97 18 5 100 16 13 20 77 82 31 
100 27 70 29 3 8 71 31 54 12 15 72 44 50 42 48 52 74 100 22 35 53 90 97 65 49 13 57 68 26 19 5 9 93 75 6 78 66 16 25 94 91 28 64 92 95 58 61 63 34 37 36 7 85 80 40 60 62 11 45 33 69 99 4 87 88 32 98 30 18 81 83 17 21 55 51 59 38 14 20 79 2 43 47 89 77 82 10 56 86 96 67 46 24 73 23 1 41 39 76 84 
100 54 58 74 16 61 60 96 66 22 27 68 10 76 12 77 89 4 47 70 82 63 25 71 14 19 81 64 39 72 43 3 78 11 51 73 28 42 34 56 48 49 95 15 98 90 40 99 13 29 41 50 85 20 87 44 86 24 37 21 7 17 38 88 36 32 59 53 79 67 33 30 6 69 92 97 46 57 26 9 62 45 94 84 80 31 55 18 23 65 5 91 35 93 2 75 52 100 1 8 83 
100 61 6 33 29 38 52 16 39 20 84 96 66 41 68 5 35 51 71 47 89 46 45 40 12 90 88 54 59 7 3 34 80 1 74 23 19 64 75 28 4 100 56 97 60 91 65 13 24 27 63 55 43 32 50 15 30 18 22 21 8 76 10 42 98 67 73 83 48 49 11 92 82 69 44 57 53 14 17 87 36 37 78 99 31 95 93 62 9 58 79 77 81 70 26 72 85 94 25 86 2 
100 21 28 79 81 49 39 68 97 43 85 14 99 2 27 37 57 16 32 18 20 87 63 23 29 36 69 64 95 38 77 51 94 70 45 7 62 91 35 54 76 60 22 11 98 17 93 48 78 67 82 86 80 56 26 74 100 1 19 3 53 90 42 59 61 4 52 50 44 9 5 65 10 71 84 24 31 83 15 96 47 92 30 12 8 73 13 46 34 55 41 58 66 72 75 25 33 40 88 89 6 
100 82 27 72 45 78 74 11 62 63 10 52 20 65 67 70 71 35 92 83 57 3 79 99 36 34 75 48 6 24 13 91 100 17 58 68 88 39 64 96 2 56 66 29 23 30 69 81 7 50 47 49 14 51 16 84 22 41 42 38 32 97 89 93 44 15 77 25 80 55 26 95 43 98 5 53 18 90 59 31 76 46 8 60 33 87 61 1 40 37 86 54 85 73 9 28 94 4 21 12 19 
100 37 41 30 95 88 55 78 74 61 84 39 18 22 90 19 56 68 92 44 49 73 69 66 8 20 47 42 4 83 21 3 67 2 82 62 100 60 12 43 23 81 28 77 65 98 25 11 32 13 45 5 29 48 86 96 87 1 79 24 53 7 91 75 58 94 35 40 85 33 51 50 70 36 64 72 71 59 93 27 34 10 26 17 97 54 76 31 16 99 15 57 80 38 46 9 6 52 89 63 14 
100 69 79 86 85 34 18 63 67 90 25 92 22 24 39 75 82 87 68 58 43 70 77 57 38 10 35 4 45 96 37 59 100 56 50 78 6 74 49 41 27 31 5 12 36 32 28 29 9 83 47 89 73 2 20 60 54 52 72 97 93 33 76 81 91 7 84 62 65 95 3 94 55 21 40 71 30 44 15 14 26 88 61 13 19 53 1 11 80 51 48 66 8 42 99 98 23 46 17 16 64 
100 96 51 23 16 4 45 82 73 67 63 68 94 61 37 70 29 76 7 39 26 32 22 80 84 11 86 62 21 41 8 20 31 100 19 48 66 49 42 55 54 5 53 28 30 35 79 81 92 43 87 56 88 38 18 91 58 75 36 65 12 90 72 1 27 46 24 74 60 57 33 34 25 78 89 97 50 71 44 95 98 6 3 85 17 52 10 15 2 83 99 93 13 9 64 69 40 77 14 59 47 
100 1 64 15 30 63 93 60 22 55 95 21 45 19 2 28 53 10 79 32 20 78 70 43 86 73 62 29 23 80 82 24 17 51 44 59 54 88 37 68 4 12 87 18 98 16 81 11 84 77 25 27 66 90 41 5 57 67 71 36 48 8 26 52 76 46 6 91 85 83 96 97 34 33 42 65 94 35 39 58 92 56 75 49 99 14 61 74 13 89 3 50 9 7 38 100 40 72 47 69 31 
100 21 61 42 54 19 13 58 16 55 97 66 3 90 76 53 60 25 69 80 82 9 8 18 88 95 56 84 22 47 96 15 34 73 41 48 43 78 7 77 6 27 67 68 49 62 87 57 4 64 51 46 72 31 81 59 17 2 100 32 85 10 98 39 93 11 79 89 63 24 44 35 94 40 28 91 52 30 83 26 33 14 1 75 5 92 38 65 12 20 74 86 36 70 50 71 23 37 45 29 99 
100 20 13 81 4 45 69 35 46 23 89 11 87 72 9 27 95 10 16 57 62 15 44 21 30 2 96 55 66 58 52 70 19 100 7 24 25 39 79 86 33 37 41 34 56 99 97 73 75 60 32 74 12 1 78 93 42 53 61 71 51 68 65 43 80 59 47 64 63 14 82 28 40 94 17 6 83 36 38 49 84 85 3 77 90 50 31 29 67 88 54 48 26 91 5 18 76 92 98 8 22 
100 31 15 70 95 22 30 75 21 39 29 64 90 7 84 85 32 77 11 87 35 92 48 93 53 13 65 14 1 26 5 54 10 33 6 3 40 4 50 27 86 89 47 56 41 25 46 19 55 36 91 17 16 18 98 71 23 28 52 51 49 73 63 88 8 82 83 62 61 9 20 2 94 34 67 74 68 42 80 76 37 79 44 78 81 57 69 43 59 66 12 38 24 96 60 99 100 97 45 72 58 
100 19 26 7 23 72 43 4 13 24 44 36 56 73 64 12 25 71 9 15 47 20 96 85 37 59 68 82 41 86 70 2 16 84 90 28 99 79 52 49 45 54 62 38 61 50 39 92 8 46 18 81 21 65 35 53 27 11 6 55 1 66 67 69 75 80 30 58 5 94 95 77 33 22 48 98 34 60 78 89 83 14 93 57 87 17 91 3 63 97 74 10 100 42 32 51 29 31 40 76 88 
100 26 97 72 1 84 21 17 42 55 29 66 11 90 36 52 3 78 18 96 98 63 67 31 59 33 51 99 12 49 37 13 75 2 35 60 62 50 64 32 76 87 9 48 65 5 92 86 61 14 8 91 85 47 4 74 54 15 16 69 28 39 58 68 100 27 30 71 82 23 10 24 95 7 40 44 81 73 25 79 80 89 56 83 22 70 43 94 20 19 93 46 38 57 41 77 6 34 45 53 88 
100 86 63 100 72 40 78 61 75 23 82 79 1 13 60 99 28 92 56 83 95 17 5 29 19 6 22 57 66 55 9 35 48 81 88 59 16 45 93 41 47 10 65 14 34 20 80 91 50 49 27 53 94 64 97 69 76 58 15 84 30 77 42 2 26 89 74 33 85 52 71 46 44 12 54 37 87 25 21 62 98 73 96 32 7 11 31 67 90 4 39 8 18 24 68 36 43 3 70 51 38 
100 99 36 31 85 86 76 92 3 100 75 97 91 39 77 72 21 78 70 5 73 25 96 54 33 20 30 48 74 52 56 50 35 4 1 17 82 84 18 63 93 9 71 46 24 55 64 60 40 94 49 28 58 15 6 62 65 79 66 34 26 43 14 32 37 22 69 2 19 67 29 95 7 83 11 87 57 89 59 23 12 13 10 47 38 8 61 51 98 44 88 81 45 27 41 53 16 42 80 68 90 
100 58 5 4 7 48 21 80 43 10 67 45 3 79 90 93 61 94 89 23 55 41 16 77 9 44 6 91 27 13 14 26 18 12 46 35 51 30 78 65 70 36 8 2 100 71 1 52 60 95 69 87 97 99 33 82 40 15 57 31 42 17 83 63 47 56 75 54 73 50 25 81 98 38 59 34 19 86 88 37 32 68 49 74 24 39 96 53 66 92 29 72 20 11 22 64 76 28 85 84 62 
100 37 28 25 33 64 94 45 91 53 26 5 34 75 48 80 2 49 24 47 87 81 66 56 59 92 84 20 70 29 6 3 36 62 74 88 32 100 31 19 21 69 39 68 90 41 57 8 76 10 83 99 11 18 96 27 4 65 23 22 51 30 40 9 82 15 60 73 17 98 14 42 77 46 72 61 16 43 12 85 7 1 58 63 71 50 38 86 67 54 13 78 97 44 35 95 89 55 93 52 79 
100 67 21 91 10 99 49 31 29 36 48 15 56 82 78 41 65 20 14 42 88 25 79 66 3 17 71 1 28 58 89 87 24 63 55 76 13 30 43 37 94 90 23 39 2 77 5 93 19 95 4 92 32 45 35 100 9 84 34 68 85 11 64 52 27 53 61 44 69 96 18 50 73 98 26 16 40 7 62 60 86 46 33 57 72 8 83 51 47 74 6 59 54 97 75 80 12 22 70 38 81 
100 75 94 63 32 14 49 71 40 9 58 31 33 39 97 68 74 96 70 16 10 65 5 56 27 20 95 34 47 83 48 73 60 88 46 78 91 93 2 24 81 23 45 57 92 7 59 82 38 51 35 86 6 19 17 50 29 100 37 76 12 52 62 8 36 98 87 30 26 53 67 41 44 11 13 61 42 25 85 72 1 54 28 90 3 4 77 79 21 66 55 64 15 18 22 89 69 43 80 99 84 
100 18 15 71 1 12 55 8 40 32 57 87 95 43 39 54 60 65 86 5 38 59 28 53 41 73 79 45 81 29 82 89 63 47 37 92 90 100 27 91 44 97 7 14 84 4 76 51 61 68 13 46 16 96 20 25 2 26 10 74 88 3 48 64 70 56 31 75 52 49 42 58 34 6 23 78 99 9 36 33 83 72 77 85 67 80 24 17 69 30 66 35 62 19 11 22 98 94 50 21 93 
100 79 55 14 71 89 91 75 50 6 35 64 97 90 44 20 12 92 62 67 54 3 17 33 16 94 41 81 43 78 4 73 39 25 66 63 24 65 88 22 76 19 23 52 56 21 10 51 83 46 32 48 69 26 28 60 87 38 100 96 29 98 27 30 80 99 82 95 37 1 2 93 42 45 59 58 31 61 11 72 86 77 53 13 34 40 15 8 47 18 5 49 70 85 57 9 84 68 7 36 74 
100 72 65 32 49 74 90 52 15 28 50 69 36 67 92 14 40 2 23 82 47 4 1 26 18 98 79 12 24 93 56 60 99 44 88 27 54 77 83 31 66 48 17 53 61 42 95 39 35 59 73 11 19 37 63 5 78 45 29 9 86 81 38 84 80 91 76 25 43 75 13 94 46 85 7 68 8 10 20 30 33 51 89 70 64 41 6 57 16 97 71 22 21 96 55 87 3 62 58 34 100 
