100
100 23 94 28 82 93 69 12 49 10 14 64 35 98 39 11 70 59 6 77 2 100 34 18 86 8 32 21 80 50 53 5 73 25 95 51 48 1 27 38 31 47 92 29 56 41 44 3 61 40 85 72 71 17 88 63 62 87 37 16 81 57 52 46 84 89 78 65 20 79 83 67 66 42 9 19 68 13 43 74 60 45 36 24 15 96 30 91 4 22 55 33 54 76 7 90 58 99 75 97 26 
100 48 100 75 87 4 21 93 32 19 29 95 70 25 68 10 23 94 42 98 26 30 59 52 50 5 35 7 43 82 77 97 83 62 15 71 41 88 22 28 92 14 44 51 84 66 24 11 9 13 99 79 6 69 64 20 55 33 76 86 54 12 2 37 38 53 27 91 8 46 67 61 60 34 39 17 90 58 96 49 57 31 16 65 45 85 63 56 89 78 1 36 18 74 40 47 81 80 3 72 73 
100 8 72 79 98 64 30 90 88 84 66 74 75 59 28 50 57 95 44 32 97 2 22 67 68 40 61 49 69 87 19 63 54 25 39 80 37 71 78 31 35 60 45 65 93 16 100 43 83 41 17 55 91 33 20 51 26 13 6 7 23 46 73 15 86 10 53 14 4 36 92 48 18 21 77 11 47 42 89 29 24 94 1 82 27 99 70 3 34 52 56 5 38 76 9 12 96 62 85 81 58 
100 12 54 57 15 74 72 27 65 25 16 33 91 40 71 64 94 6 85 24 98 35 37 4 47 60 26 30 70 81 58 52 48 42 1 7 14 56 18 86 38 84 22 43 75 20 95 73 66 79 100 93 97 39 69 46 61 68 88 5 82 87 49 19 78 50 34 83 45 32 80 3 10 53 17 36 44 28 63 9 8 2 41 51 13 92 67 29 96 62 89 99 31 59 77 90 21 23 76 11 55 
100 81 66 35 99 24 47 57 8 5 11 85 69 100 86 53 33 26 56 1 95 51 72 84 70 67 65 6 45 25 9 39 59 7 49 41 18 92 17 96 61 38 87 13 34 74 75 42 55 29 32 14 28 76 40 48 50 77 44 80 89 60 73 90 68 10 27 4 82 58 91 23 54 2 46 16 83 3 43 36 93 88 37 12 22 20 71 30 94 31 63 52 62 97 64 98 21 15 78 79 19 
100 21 50 88 13 26 11 92 95 24 69 49 67 80 65 85 59 16 66 17 33 3 10 79 78 74 51 71 76 53 89 42 43 94 48 34 86 68 32 1 100 28 87 96 54 61 25 19 62 27 38 9 2 15 63 55 75 70 81 37 14 7 98 60 64 36 93 82 99 39 45 29 20 58 5 4 8 72 57 18 12 23 22 46 31 91 30 90 84 77 73 41 35 44 97 56 47 6 40 52 83 
100 45 64 47 60 1 70 15 99 12 3 59 2 39 35 18 44 77 41 6 49 20 52 93 43 4 13 22 76 92 21 81 80 84 17 36 10 11 38 16 55 26 42 5 90 24 32 79 29 46 53 78 31 34 57 23 7 54 28 48 87 51 69 40 71 95 9 50 25 19 14 94 86 75 67 65 82 27 66 58 61 8 97 73 96 72 63 100 37 56 30 98 74 83 68 91 85 89 62 33 88 
100 92 51 69 12 18 2 95 33 75 5 23 50 1 86 43 78 100 70 99 81 55 98 17 47 97 32 19 31 35 48 42 6 21 59 65 64 29 79 3 8 66 77 13 20 56 54 39 9 25 58 41 72 36 74 63 46 40 16 85 15 67 82 53 30 87 7 60 89 76 73 22 96 94 52 28 61 14 84 27 38 88 34 44 57 26 45 71 37 4 90 91 62 24 93 49 83 11 68 80 10 
100 45 32 31 70 19 93 99 81 63 34 64 77 59 65 37 82 95 1 41 26 71 66 24 62 3 30 69 91 52 98 7 16 72 90 79 28 22 100 29 89 10 43 51 76 94 33 23 75 97 35 12 55 4 85 8 86 46 50 40 57 21 20 80 42 13 61 83 74 14 36 87 15 67 38 56 96 18 25 6 60 11 78 58 49 9 39 48 68 17 5 53 84 44 88 2 92 73 47 54 27 
100 41 51 67 43 69 13 34 73 90 50 35 79 32 23 56 97 61 94 44 100 10 98 68 83 29 1 91 70 64 19 52 39 66 16 6 15 9 45 8 22 65 20 12 75 89 46 47 42 88 71 24 62 11 72 5 33 31 25 59 21 18 87 84 28 78 80 7 3 81 99 17 40 74 93 92 36 96 38 95 54 2 77 82 27 37 86 60 58 14 30 53 55 26 57 63 48 76 85 49 4 
100 73 56 96 25 77 11 85 12 79 22 62 44 36 82 38 17 72 68 10 89 7 83 14 80 37 15 54 40 50 34 76 91 67 3 63 29 74 71 35 26 48 100 33 30 6 55 59 21 51 86 42 60 28 65 70 45 4 58 9 92 88 1 8 64 16 39 97 46 94 95 84 78 13 43 19 57 90 69 75 2 87 98 53 20 49 41 47 61 31 52 66 27 24 32 93 23 5 99 18 81 
100 4 14 100 84 58 86 69 42 88 6 1 2 90 60 68 11 13 28 83 30 33 20 78 99 29 95 96 25 71 62 38 45 94 18 72 17 80 44 41 65 73 5 92 36 61 27 19 47 26 32 16 23 37 82 54 34 22 51 50 15 39 7 31 79 70 10 40 98 24 91 8 57 85 21 76 81 56 64 3 49 74 97 75 43 93 53 48 67 77 63 55 89 9 52 46 66 59 12 35 87 
100 64 19 97 16 29 50 21 80 9 54 38 12 84 75 77 89 93 72 23 48 15 42 96 51 4 70 76 60 20 49 31 74 65 7 85 98 57 83 8 39 91 46 26 92 17 18 10 79 24 52 6 53 58 34 94 44 35 81 68 62 27 73 55 82 22 95 86 37 87 100 5 88 69 59 43 28 36 13 11 33 66 14 78 99 61 63 56 32 67 47 2 40 90 30 1 45 41 25 3 71 
100 42 41 45 94 89 97 22 4 90 77 67 13 6 30 96 19 2 69 85 16 10 80 64 44 14 43 51 33 81 63 60 73 59 38 87 5 29 75 11 72 24 78 17 39 27 83 31 12 8 35 99 40 86 7 74 36 84 61 70 23 21 32 3 48 53 37 56 65 71 66 9 76 52 1 57 100 46 18 15 62 47 58 92 54 95 26 68 91 93 50 98 25 20 79 34 88 82 49 55 28 
100 25 71 78 53 12 68 48 8 50 96 57 61 56 95 93 14 69 99 18 21 24 31 37 85 23 49 62 76 51 91 36 17 77 84 11 6 67 80 38 79 97 90 27 28 100 89 22 74 65 60 54 35 9 58 59 33 83 72 29 4 34 70 44 13 26 43 81 86 73 39 55 10 40 15 5 1 32 98 41 7 88 16 20 52 92 82 42 63 46 66 87 19 64 3 47 75 30 2 45 94 
100 80 95 69 34 6 36 29 22 89 33 41 45 59 57 5 72 77 100 87 37 1 46 92 97 71 86 55 88 16 4 64 54 84 8 19 73 79 17 14 65 78 62 90 94 48 85 63 66 35 18 24 27 2 26 31 74 43 42 52 11 76 51 28 49 70 67 75 53 96 39 82 68 83 9 3 93 56 10 21 12 99 13 47 61 58 50 25 40 60 15 23 30 38 7 98 91 20 44 81 32 
100 26 48 83 74 96 45 80 51 10 47 59 67 17 8 38 95 44 28 88 79 75 97 43 94 72 71 27 12 21 32 46 78 86 50 19 61 24 60 76 55 100 93 7 49 98 33 14 68 52 56 99 58 13 25 41 91 4 29 20 87 89 82 5 70 35 77 92 9 22 84 42 34 15 18 73 66 30 81 85 69 90 1 64 54 53 63 23 39 57 31 16 65 40 36 6 37 11 62 3 2 
100 80 64 11 16 81 79 87 58 33 57 30 29 96 45 43 55 22 74 47 13 5 42 4 23 78 53 69 90 31 67 38 48 26 14 65 73 75 63 32 18 28 82 60 91 15 88 56 95 51 8 66 77 83 59 98 99 37 25 39 35 24 72 27 49 76 62 1 3 12 71 40 7 36 46 10 85 2 19 17 21 44 6 61 89 94 68 54 70 97 84 20 34 9 92 50 41 93 100 86 52 
100 7 5 32 76 78 64 93 4 23 98 73 24 66 100 38 10 8 36 82 71 91 69 42 68 46 49 96 53 94 87 26 61 31 20 40 80 58 50 47 11 22 13 18 57 19 33 75 90 79 81 89 9 74 86 39 15 62 14 77 21 41 85 63 95 6 92 70 34 2 29 3 88 84 97 37 28 27 54 48 55 35 51 45 83 17 44 16 60 52 65 59 43 99 56 12 25 67 30 1 72 
100 85 47 81 19 9 83 69 63 44 79 38 57 84 95 8 64 13 51 11 46 65 73 39 18 15 23 21 45 76 42 52 86 92 56 35 68 5 27 24 10 97 94 91 2 100 58 70 80 93 3 90 54 88 61 87 25 49 16 22 55 50 12 96 7 78 99 33 34 66 32 53 6 43 28 98 71 31 41 17 72 29 89 74 20 1 30 59 36 26 4 75 82 67 60 62 77 40 14 48 37 
100 68 45 71 17 37 3 72 51 74 4 88 52 42 86 100 9 31 59 57 47 30 87 79 11 80 16 54 43 60 78 36 58 81 7 5 39 84 25 61 27 77 55 63 96 56 6 26 32 23 50 34 95 8 53 13 2 67 35 19 12 22 46 99 49 73 10 20 24 40 21 69 15 64 38 28 44 93 48 41 75 76 97 92 33 94 29 85 62 65 91 18 1 83 82 14 89 90 70 98 66 
100 11 18 3 26 2 79 65 61 37 1 59 23 50 49 85 34 42 84 33 81 41 72 15 20 44 93 43 25 87 21 99 9 91 48 29 36 90 60 66 68 70 47 38 13 74 97 24 86 58 40 71 88 56 51 76 46 75 69 22 78 45 100 55 30 73 53 6 54 63 16 57 19 98 35 89 64 17 96 95 10 39 4 77 7 12 80 62 82 14 94 52 32 27 31 83 5 67 92 28 8 
100 69 29 17 28 11 19 61 79 86 80 12 10 43 7 73 59 48 27 14 24 2 26 94 78 38 81 85 6 83 8 9 40 96 36 87 15 1 70 23 77 84 18 57 44 88 56 37 49 45 55 67 93 63 58 72 68 64 62 60 47 46 89 51 25 100 92 32 30 82 74 34 39 97 90 53 91 31 54 42 22 52 66 75 65 20 98 76 41 33 21 71 5 35 95 13 99 4 16 3 50 
100 28 17 43 54 65 98 81 56 57 39 55 85 96 7 52 13 30 94 4 79 24 14 63 40 1 92 90 95 3 11 72 44 88 68 31 75 62 82 51 41 42 70 97 16 15 38 46 76 91 74 20 71 2 32 49 87 78 89 69 45 33 80 27 12 5 48 67 10 26 93 18 99 21 35 47 86 25 66 100 34 84 37 53 6 60 23 77 59 29 83 61 8 19 9 58 50 22 36 64 73 
100 5 40 10 38 62 25 61 94 51 53 70 41 79 29 46 33 76 87 22 54 100 60 57 23 20 73 18 99 39 56 82 55 90 97 21 43 4 74 3 71 75 27 7 47 15 66 95 35 45 67 44 58 69 72 17 93 89 19 13 98 2 59 24 86 52 36 50 31 64 65 37 77 9 12 63 96 68 14 88 83 92 32 78 48 80 91 11 8 28 30 34 26 49 16 81 42 6 1 85 84 
100 54 2 98 73 38 20 64 46 28 52 94 40 87 57 39 77 32 53 33 45 14 19 49 68 81 31 27 18 15 11 47 62 16 23 13 92 70 1 58 43 99 42 21 56 41 4 67 63 12 7 78 84 30 10 51 75 26 90 9 35 86 37 88 24 61 65 8 83 72 100 96 74 3 50 44 66 36 85 34 59 69 48 89 17 55 29 97 91 25 76 60 5 6 79 71 82 93 80 22 95 
100 96 9 1 88 5 49 79 45 93 66 17 89 91 51 40 95 43 76 85 18 50 61 37 25 53 31 32 78 4 29 46 36 30 92 65 68 81 63 55 19 99 70 71 94 11 33 86 12 84 72 3 67 62 20 34 69 42 38 56 59 100 48 6 52 60 83 7 75 64 58 82 10 22 21 47 23 15 97 80 2 74 98 54 13 27 41 14 57 8 28 90 77 44 26 35 87 39 73 16 24 
100 50 66 26 41 84 24 46 89 45 86 43 37 23 25 48 21 2 13 64 10 60 53 22 83 80 92 75 9 16 74 20 40 42 71 81 11 28 19 65 30 6 3 33 57 95 51 99 47 76 97 87 52 62 93 98 31 34 12 85 61 82 17 38 91 49 100 39 90 27 78 55 67 88 63 7 70 58 18 59 1 69 44 72 54 96 79 14 35 8 5 77 32 73 4 68 56 29 15 36 94 
100 75 63 79 27 78 46 10 8 40 49 94 98 90 35 28 99 55 68 39 73 43 14 23 82 36 60 42 58 1 93 52 69 6 34 50 18 96 74 16 85 29 92 54 7 56 24 48 25 72 95 53 31 22 67 5 13 17 15 83 11 51 26 21 80 45 66 88 62 2 32 41 3 12 64 86 87 100 84 61 33 47 30 37 71 59 70 38 76 57 9 89 20 44 91 65 81 97 19 4 77 
100 9 93 40 79 52 11 84 2 99 57 81 85 1 32 50 96 30 68 46 76 58 53 27 24 44 14 89 10 86 72 5 6 3 34 29 25 20 55 73 66 69 95 67 16 70 51 7 56 90 83 31 41 92 63 59 87 33 37 38 36 97 82 88 13 75 78 23 17 71 19 100 64 22 80 60 21 45 47 4 62 94 77 12 65 48 43 39 74 98 35 49 26 91 18 15 54 61 28 8 42 
100 8 14 91 70 36 5 28 1 97 85 49 33 90 73 2 45 72 60 43 6 15 52 21 42 95 22 71 87 75 80 48 58 77 84 46 69 19 26 12 20 40 96 11 13 63 9 88 100 7 62 61 82 64 51 79 41 92 59 67 32 47 76 16 18 68 35 50 27 37 65 56 54 25 38 24 31 53 3 78 29 34 81 39 10 57 99 98 83 66 4 17 86 55 44 23 94 74 89 30 93 
100 52 2 90 63 59 95 49 7 46 23 48 62 88 8 15 64 18 66 35 12 96 22 14 30 27 99 1 44 86 57 79 19 56 32 11 24 61 76 31 16 75 71 78 39 10 87 73 94 67 38 70 20 3 89 65 55 25 34 26 33 5 81 42 9 74 13 45 41 58 40 60 98 54 92 6 4 37 68 72 51 29 36 100 43 85 50 97 21 28 83 47 77 84 93 82 17 53 80 69 91 
100 16 95 75 14 18 6 7 22 76 84 89 79 98 19 99 30 46 20 24 94 26 41 90 1 56 32 15 50 65 66 82 57 45 10 87 59 69 21 28 83 73 85 37 88 23 39 4 13 36 60 54 58 86 43 33 61 5 81 97 80 68 78 29 93 27 17 71 11 55 8 51 48 9 70 35 42 63 34 96 38 40 62 77 91 25 12 74 100 3 31 49 2 64 47 72 52 44 67 53 92 
100 93 81 77 4 10 35 48 98 32 47 19 37 20 42 67 29 79 73 30 85 63 39 90 24 40 56 82 52 15 88 26 78 50 6 57 75 5 66 16 45 9 25 43 22 12 68 58 55 94 65 64 99 80 60 46 49 36 76 7 100 92 69 83 95 61 21 44 72 53 38 8 71 97 70 59 54 96 89 14 18 33 27 11 41 51 74 1 2 28 34 31 91 86 17 62 23 84 3 13 87 
100 98 81 94 75 57 5 26 93 19 86 65 8 10 14 47 34 52 79 85 50 20 12 68 40 89 6 76 88 53 78 7 31 62 17 97 60 67 2 46 56 49 24 61 43 69 16 4 11 71 9 95 30 87 58 63 55 83 13 45 15 91 92 82 70 27 32 28 72 18 80 3 48 51 36 39 77 90 38 21 33 1 54 37 35 59 44 64 84 99 73 74 66 42 41 23 29 100 96 25 22 
100 35 36 5 68 47 16 87 60 67 44 9 19 31 8 63 74 59 18 42 23 89 27 82 78 49 22 10 100 83 81 43 33 20 85 98 75 69 25 65 2 73 80 55 1 77 48 6 93 94 52 79 41 58 37 56 86 61 7 57 34 95 54 30 17 51 39 71 90 62 28 24 50 12 92 96 64 13 53 45 3 84 97 15 99 40 4 26 66 29 38 21 14 72 88 11 76 91 32 46 70 
100 22 13 43 55 19 95 35 63 81 84 29 12 89 79 75 66 14 27 42 86 44 23 1 17 64 5 3 91 37 46 82 90 98 100 93 32 88 76 80 30 97 41 87 38 48 61 21 57 60 58 56 78 69 16 67 71 31 18 4 65 49 39 96 25 33 85 77 50 6 8 26 54 94 36 40 9 73 68 28 52 59 7 83 45 74 15 2 62 47 99 10 24 92 51 34 53 72 20 70 11 
100 28 98 63 38 4 24 65 62 55 96 21 25 12 2 19 18 84 87 81 94 47 95 16 42 85 14 29 54 31 51 86 33 1 59 36 60 76 8 39 72 83 11 43 10 66 88 92 45 99 75 17 74 7 32 27 91 40 52 97 20 41 89 6 71 3 56 9 46 70 68 50 64 26 93 5 67 58 61 79 44 13 23 37 22 34 15 69 77 30 48 57 78 49 80 82 73 90 100 53 35 
100 93 24 74 3 62 45 25 81 32 77 63 86 53 55 85 88 94 65 28 96 20 16 17 79 87 49 47 72 36 9 2 50 68 46 8 4 21 41 13 78 84 44 33 6 90 35 30 82 76 69 23 70 37 75 58 89 42 98 51 18 26 91 19 59 67 61 11 22 97 83 27 7 66 54 64 43 38 10 5 92 100 34 73 95 71 80 56 31 12 29 14 1 39 57 40 48 52 15 99 60 
100 4 30 81 12 29 37 42 45 61 73 70 35 89 90 79 68 15 32 80 5 98 82 14 31 96 94 27 10 78 39 11 40 91 41 100 33 22 66 72 62 55 65 85 46 86 83 75 54 38 52 87 23 25 34 67 93 92 44 71 99 43 57 16 74 20 48 63 3 64 49 26 59 7 47 6 24 53 56 17 60 2 77 58 76 13 1 36 9 28 50 8 51 21 84 18 19 97 69 95 88 
100 15 51 8 85 36 98 61 40 32 71 53 92 4 89 57 33 69 54 17 94 46 62 74 83 28 24 73 55 37 80 63 19 34 70 7 30 65 18 22 87 82 9 68 77 20 12 48 72 76 67 44 93 1 88 60 38 42 95 31 39 50 2 81 86 79 14 3 29 91 100 90 26 96 43 84 56 35 64 13 41 5 16 59 11 6 49 21 25 78 10 99 45 75 66 47 58 23 97 27 52 
100 79 30 28 56 43 63 95 66 99 49 67 81 4 42 27 52 98 78 39 82 97 59 93 33 77 18 91 26 58 85 29 12 48 55 46 36 13 61 8 17 54 19 70 88 64 37 68 60 96 51 5 41 45 87 9 44 20 25 31 92 34 89 21 16 35 73 38 15 1 90 71 76 23 86 11 62 100 57 2 22 50 6 69 84 65 94 72 80 7 75 14 3 40 74 47 83 24 53 10 32 
100 78 39 98 66 57 88 50 97 83 14 4 81 53 23 15 8 59 21 60 22 94 72 41 46 70 74 86 56 75 13 49 37 90 5 42 89 48 35 19 6 44 92 34 80 87 51 3 27 93 16 100 99 12 79 33 54 24 67 29 20 26 47 25 28 62 2 58 73 91 11 85 31 52 68 43 61 30 63 64 10 96 32 45 71 18 40 55 65 38 7 9 77 76 1 95 17 84 69 36 82 
100 63 37 83 35 18 76 9 100 13 58 10 20 46 90 45 26 28 4 12 52 95 50 60 89 40 53 82 62 19 70 47 87 31 92 81 25 93 91 14 22 68 7 2 75 96 57 27 30 15 72 55 33 69 79 99 43 41 49 71 34 97 44 77 48 67 86 51 11 84 16 3 66 78 36 23 17 39 1 80 38 8 54 98 42 5 6 21 94 29 64 56 74 73 24 65 32 59 61 85 88 
100 89 67 18 44 63 11 78 37 23 33 82 16 81 95 34 88 70 31 92 30 93 76 4 51 41 24 73 22 60 32 48 14 47 29 86 65 49 2 57 15 90 59 77 27 100 52 50 87 94 84 72 66 58 40 3 39 85 45 69 91 55 64 56 17 20 68 74 12 42 53 99 26 98 62 25 96 79 10 35 61 7 80 97 54 38 71 21 8 5 75 83 1 19 46 36 13 28 6 43 9 
100 81 43 55 84 52 97 94 6 4 49 75 24 58 65 33 48 21 37 89 95 3 45 14 99 74 76 59 78 63 51 72 77 70 68 1 31 87 80 15 98 56 85 22 64 50 93 19 32 71 25 46 16 29 38 28 39 86 47 53 90 91 17 69 27 12 73 36 2 10 82 92 35 18 66 100 26 5 57 44 60 40 96 11 67 42 54 9 8 79 20 13 61 88 41 83 30 62 34 7 23 
100 6 55 84 98 68 32 22 30 65 67 63 18 74 26 23 79 31 78 76 47 36 56 3 88 33 95 38 83 61 62 27 91 2 44 19 87 69 52 85 97 12 35 48 49 1 57 72 10 93 94 75 54 82 51 50 29 28 40 58 24 34 70 80 45 90 7 99 66 53 41 96 37 14 60 39 25 8 5 59 64 100 21 15 77 11 81 89 17 71 4 16 20 9 46 43 42 86 92 73 13 
100 48 10 84 11 51 66 71 49 62 8 32 95 74 76 41 27 57 25 72 44 6 61 60 67 75 31 2 28 45 88 46 16 82 70 94 1 100 19 64 17 15 83 53 54 99 3 81 42 89 55 21 34 38 37 56 86 97 69 13 12 23 43 85 93 68 63 77 92 40 52 36 22 35 30 73 65 79 47 50 58 4 39 33 24 98 59 9 18 26 96 91 14 20 87 7 29 5 78 90 80 
100 22 27 12 7 78 8 47 2 80 55 95 1 13 32 26 73 68 67 87 5 39 33 72 90 75 50 21 38 40 16 70 59 60 89 82 74 69 83 62 45 57 76 49 88 41 86 71 91 84 81 85 35 44 30 10 14 53 52 24 97 58 34 64 65 23 25 54 6 4 77 56 42 37 28 43 93 3 36 31 63 98 92 79 19 20 99 15 100 29 9 51 48 11 96 46 61 94 17 18 66 
100 60 59 52 100 61 40 13 2 14 19 90 41 87 48 89 70 54 51 74 22 39 35 5 78 28 6 23 17 16 68 79 12 95 66 53 50 3 75 38 31 55 65 86 46 69 56 30 43 57 58 18 91 76 85 62 80 94 8 11 4 34 20 99 98 63 64 25 15 77 36 1 67 93 29 9 45 37 81 42 73 7 82 10 88 44 27 33 26 92 24 21 97 47 84 32 72 96 83 71 49 
100 79 27 72 39 9 20 8 30 35 49 29 1 92 89 24 98 56 77 15 40 38 62 57 68 23 2 21 22 34 80 85 10 88 58 54 97 83 4 16 96 17 47 43 55 67 100 50 75 84 69 37 19 70 31 6 87 25 18 61 52 76 3 99 13 95 94 93 63 82 48 26 71 32 45 65 86 33 11 12 90 59 66 28 78 44 64 51 91 53 14 7 5 81 60 74 42 46 41 73 36 
100 19 39 7 65 45 5 58 57 81 31 75 59 2 82 83 77 32 63 53 37 66 74 11 9 6 84 18 38 51 41 62 49 12 55 68 44 16 8 86 29 26 42 3 67 61 71 69 100 14 43 20 36 80 85 91 87 93 52 56 1 23 94 22 76 15 4 72 73 46 95 28 50 47 24 96 40 10 13 89 35 48 79 88 21 30 54 90 97 60 25 78 33 27 70 92 98 99 17 64 34 
100 17 27 8 9 33 85 95 45 47 64 75 20 60 15 76 56 6 24 49 79 82 59 66 55 34 83 61 84 70 50 42 81 48 88 25 10 7 44 67 91 35 57 96 18 38 46 12 11 63 99 36 40 3 69 13 4 86 72 37 43 31 21 87 98 32 62 54 97 23 22 71 68 90 78 29 14 16 58 93 41 92 1 73 65 77 94 52 2 26 5 51 100 19 28 53 80 89 74 30 39 
100 9 17 7 67 87 60 58 63 29 64 66 77 80 88 86 45 49 89 50 79 95 36 94 56 59 72 3 84 31 1 5 73 61 18 68 23 75 53 82 12 33 99 52 93 90 26 38 74 96 8 28 37 6 4 39 41 16 32 92 65 97 2 54 48 44 51 13 35 10 81 98 25 47 24 34 100 40 70 57 19 71 11 21 69 14 22 83 20 15 78 42 43 76 85 55 30 62 46 27 91 
100 100 32 13 43 19 31 14 59 39 52 99 80 66 73 29 77 54 74 64 46 27 79 47 82 4 84 8 88 93 61 78 9 48 33 45 70 2 72 21 68 55 37 20 11 97 25 24 36 71 18 6 53 16 76 91 94 3 49 95 69 60 58 75 35 56 57 62 17 30 92 65 89 44 85 51 23 10 26 81 12 34 7 87 41 28 83 96 67 15 1 86 50 42 40 38 98 63 90 5 22 
100 80 53 60 51 12 65 8 42 14 48 54 84 67 9 26 31 47 78 59 20 77 50 38 4 61 43 81 73 7 34 46 45 17 37 82 18 3 2 86 10 15 88 36 19 52 71 28 89 66 1 41 74 75 99 94 16 72 22 25 55 27 58 24 33 69 40 29 68 95 5 98 87 62 100 63 35 13 11 96 32 93 85 49 21 57 30 44 6 79 90 23 92 83 56 76 91 39 70 64 97 
100 27 72 17 79 48 4 50 80 20 21 61 89 92 81 64 6 16 3 36 31 69 83 2 35 91 1 78 7 98 28 87 58 54 56 73 13 86 84 71 68 94 44 51 99 41 40 62 38 93 10 12 19 95 70 14 52 66 90 49 34 42 46 74 26 60 65 5 100 88 75 63 57 24 30 59 43 45 23 9 11 32 77 22 47 82 29 37 39 18 33 15 53 76 55 67 85 96 25 97 8 
100 29 68 62 82 16 11 36 21 24 77 4 85 95 33 23 54 61 48 45 72 88 10 93 59 9 14 13 79 30 6 80 97 17 18 99 39 70 34 38 65 67 92 90 50 87 78 73 37 96 51 41 71 15 46 86 44 8 81 84 31 89 52 42 57 40 53 26 27 20 69 3 7 75 2 60 91 100 43 74 64 32 28 56 58 22 35 19 12 55 5 94 76 98 83 47 25 1 66 49 63 
100 38 47 90 33 31 50 70 73 66 28 67 51 35 89 21 34 32 55 91 29 39 53 77 93 68 23 30 18 60 17 59 75 37 96 78 80 99 15 61 2 45 19 74 16 48 27 3 36 92 44 64 11 69 42 5 46 20 94 14 58 85 87 9 71 25 82 1 6 52 81 56 22 24 13 79 63 43 97 41 8 62 95 76 100 4 7 83 72 65 86 26 54 98 10 84 40 88 49 12 57 
100 50 70 98 62 7 96 94 18 37 61 63 32 12 6 36 46 58 15 65 29 93 24 35 64 74 44 51 39 99 77 81 73 87 84 33 2 14 8 31 23 3 20 68 55 75 53 11 25 89 100 21 92 60 80 82 85 19 28 17 66 5 42 40 4 76 67 45 59 54 86 83 90 49 56 95 38 27 79 71 48 97 10 72 16 47 78 22 43 88 30 9 57 91 34 69 52 26 1 13 41 
100 26 60 61 82 87 58 51 8 43 50 96 65 92 44 15 10 93 56 54 78 5 39 85 34 71 59 76 72 77 35 84 13 36 1 99 90 88 38 32 94 21 27 62 2 30 40 9 18 41 86 64 42 66 17 83 3 11 14 4 75 48 25 20 6 37 67 74 98 28 49 47 100 80 69 81 12 24 31 70 63 46 79 73 95 7 52 89 16 68 19 53 22 97 33 57 23 29 55 45 91 
100 66 48 75 97 87 16 10 18 55 56 80 79 72 58 74 17 64 5 98 14 8 31 3 49 4 86 1 50 7 77 28 73 51 92 68 57 25 12 61 63 96 40 62 35 19 78 26 15 23 33 100 34 22 71 76 30 21 99 45 85 44 29 65 89 81 11 41 91 39 90 83 9 27 82 60 88 67 94 54 95 32 46 37 84 70 52 24 2 59 38 36 20 93 43 42 69 6 47 53 13 
100 51 85 64 12 56 90 45 7 84 96 86 54 78 79 17 70 59 40 68 47 99 28 35 25 20 69 75 18 9 41 16 15 55 57 87 5 38 61 71 14 72 88 60 76 6 92 26 42 44 82 95 33 97 34 62 50 31 63 2 81 29 43 49 22 80 67 30 36 93 100 19 89 32 4 58 24 91 46 77 48 27 1 8 53 94 23 83 37 65 73 21 52 74 66 98 13 39 11 10 3 
100 38 12 92 98 40 36 34 45 29 65 55 94 44 74 83 53 43 76 2 17 61 9 37 18 19 16 46 64 81 27 82 48 87 31 71 21 8 26 60 68 39 11 41 70 97 5 25 72 69 93 89 15 32 50 47 42 99 35 49 14 59 84 80 51 22 30 90 78 13 62 100 66 75 57 4 52 91 86 24 96 3 1 7 33 73 79 10 23 95 28 63 77 67 56 58 20 54 85 88 6 
100 79 90 76 77 71 39 47 49 33 20 38 69 2 67 8 37 87 31 83 5 34 64 14 26 59 60 99 50 53 84 7 62 97 30 100 89 28 92 10 51 63 15 85 22 57 36 23 96 4 9 45 88 6 18 17 11 44 41 58 54 19 3 91 81 25 35 56 80 68 1 46 78 93 86 52 75 43 95 82 42 73 40 21 94 61 66 12 98 70 32 65 55 48 72 24 29 13 16 27 74 
100 28 30 5 76 4 17 68 42 37 53 35 9 16 43 77 44 31 97 50 89 72 58 21 32 13 10 36 83 26 84 55 6 34 40 85 87 81 100 52 33 60 25 99 66 90 78 1 46 29 82 62 8 51 11 39 57 92 79 61 63 70 45 14 7 20 41 2 71 65 54 94 3 27 80 73 18 88 48 24 86 98 69 59 19 23 22 96 75 38 67 47 93 95 12 74 91 64 15 49 56 
100 85 12 2 52 92 68 97 80 51 99 32 69 64 53 6 77 72 1 19 22 62 29 13 31 24 81 50 75 73 66 25 84 42 56 59 100 95 30 14 83 4 27 79 89 18 9 46 45 43 15 87 57 93 28 67 60 17 48 91 20 70 94 26 98 88 41 16 37 63 39 35 11 55 54 44 33 90 36 78 49 34 5 58 76 23 21 86 47 38 3 65 40 8 71 96 74 10 7 82 61 
100 85 54 46 98 58 26 75 29 61 1 47 60 68 40 8 15 97 20 59 3 57 79 23 22 32 5 43 25 7 30 62 63 4 88 65 6 76 38 36 51 74 90 18 91 55 9 95 33 67 27 53 82 78 69 28 10 19 64 77 84 93 41 94 42 70 24 16 44 21 87 37 45 50 96 86 83 72 2 73 31 12 92 80 52 66 49 11 48 34 56 13 17 35 14 100 81 89 39 99 71 
100 79 3 5 21 71 73 54 70 82 18 19 99 46 30 29 92 78 42 17 9 76 25 88 84 91 63 66 43 35 67 97 37 7 72 93 62 98 65 75 58 69 47 13 6 56 36 77 52 4 48 20 44 27 59 90 85 100 1 96 87 12 55 45 83 23 68 86 14 39 51 38 49 2 11 60 31 15 8 81 57 50 16 41 95 74 28 89 32 34 94 10 64 53 26 24 80 22 61 40 33 
100 10 91 49 19 18 74 61 89 51 98 75 80 8 4 12 24 57 66 2 90 29 62 23 20 15 38 28 45 13 32 7 64 22 95 48 92 42 35 78 39 87 46 58 97 53 27 47 60 52 16 86 59 3 94 25 9 99 1 85 88 37 17 79 21 50 71 76 6 83 55 68 73 63 40 56 93 82 70 100 26 34 84 11 30 33 36 72 41 44 5 31 54 65 96 67 69 77 43 81 14 
100 81 88 13 14 69 2 43 56 94 89 37 45 23 41 34 24 86 100 32 71 8 80 35 58 54 5 15 42 72 96 93 31 79 49 61 50 52 75 47 27 64 73 40 21 76 16 18 38 78 70 22 30 74 46 55 63 77 19 36 90 4 6 57 67 48 84 68 44 28 29 62 66 51 12 39 83 11 33 25 20 82 3 53 17 85 7 60 92 1 26 97 65 59 9 95 87 99 91 10 98 
100 61 51 13 50 60 53 64 15 32 33 84 88 22 18 73 29 9 45 59 46 6 25 40 94 19 58 2 56 67 89 65 54 78 7 20 1 97 5 86 39 44 27 74 81 49 71 96 100 93 3 91 16 72 63 34 57 31 82 98 62 36 37 8 10 92 14 42 55 99 80 24 76 17 23 21 12 66 77 30 90 79 83 43 75 95 38 69 70 11 85 48 35 87 41 52 4 28 26 68 47 
100 21 57 25 89 30 73 46 44 84 60 23 96 32 77 78 88 3 7 27 51 43 100 17 14 19 61 90 64 35 29 65 26 56 9 36 40 8 47 12 82 49 81 18 70 31 38 33 2 76 87 80 20 83 54 74 4 5 67 52 91 10 79 41 11 42 48 13 85 94 75 6 15 95 92 28 50 97 58 99 39 69 68 93 16 55 72 37 59 98 24 66 1 86 63 45 34 22 71 53 62 
100 80 54 50 21 19 44 48 77 38 42 40 52 15 22 23 27 72 68 89 10 91 13 99 65 9 1 49 34 83 96 57 93 16 8 46 59 56 84 79 51 18 32 92 62 95 86 5 60 41 35 20 28 45 76 55 67 12 94 85 100 98 14 29 63 82 53 64 36 7 4 66 6 37 17 26 24 69 70 11 73 2 3 87 58 74 30 81 97 47 88 71 25 61 78 43 90 31 33 75 39 
100 18 70 92 50 89 2 35 24 78 64 44 40 62 13 59 88 51 19 23 15 7 31 28 9 75 20 6 34 32 54 4 94 37 86 8 42 68 25 58 52 48 12 98 27 65 61 77 66 57 69 33 14 96 41 16 72 82 81 93 79 55 36 76 97 47 26 11 29 46 99 17 21 22 73 100 49 30 39 45 53 80 85 63 74 3 43 1 10 91 38 60 83 71 90 56 67 5 84 87 95 
100 34 38 87 63 48 2 97 41 56 98 95 45 54 91 59 52 82 22 16 60 84 86 80 67 33 90 43 17 58 74 28 5 93 7 3 53 30 49 69 88 61 12 32 39 35 78 71 14 55 13 27 62 31 81 76 42 20 50 25 77 72 85 40 94 23 70 68 44 73 18 21 65 83 66 64 57 46 4 26 79 92 24 6 11 9 51 15 37 36 96 99 100 29 89 8 10 75 47 1 19 
100 50 85 1 59 17 94 7 95 86 74 39 64 3 32 19 57 43 99 16 8 20 69 65 14 4 40 24 28 96 22 53 58 87 36 100 10 30 41 26 81 83 34 56 49 66 91 33 92 44 63 78 13 79 55 45 15 29 5 72 27 47 9 52 70 31 60 6 98 51 68 21 35 71 82 67 37 88 75 46 76 2 62 25 61 97 23 12 42 38 18 84 89 54 80 73 48 77 11 90 93 
100 55 61 25 82 18 26 38 70 33 81 29 44 32 30 7 67 46 58 69 20 95 2 57 6 50 13 40 76 90 51 60 85 11 24 98 12 42 22 41 83 54 3 79 80 5 84 74 10 31 78 39 14 72 73 66 43 62 52 19 48 64 35 9 36 49 65 100 21 88 63 86 8 99 28 16 4 23 53 75 34 37 47 1 15 56 92 27 97 59 91 71 87 45 17 94 93 96 77 68 89 
100 20 57 46 99 97 75 51 77 37 15 30 58 81 26 5 93 50 88 94 27 41 36 23 1 65 10 40 68 63 85 95 13 18 49 90 17 38 84 44 89 35 28 74 24 61 34 8 42 83 98 71 66 62 53 76 47 6 67 73 60 39 78 92 25 14 21 96 72 45 55 4 79 2 70 69 11 59 7 54 19 48 86 56 9 31 32 16 87 64 22 43 91 80 3 33 29 100 12 82 52 
100 75 21 13 59 52 8 34 33 25 7 29 57 14 9 63 90 66 20 6 4 84 48 68 91 17 94 74 35 54 46 70 58 3 5 40 69 60 45 93 36 61 77 55 99 62 97 39 41 83 89 82 98 12 96 23 47 43 16 100 18 86 22 56 2 24 85 53 11 95 72 88 31 28 81 38 80 92 78 1 51 27 30 15 50 64 87 67 26 32 76 73 42 71 65 10 49 44 19 79 37 
100 17 60 84 22 25 7 21 13 94 70 93 64 15 75 47 38 63 26 1 33 14 24 35 44 54 28 82 42 97 67 8 50 98 58 87 37 56 48 27 79 43 49 61 80 59 39 4 66 10 77 86 18 5 2 29 72 69 9 85 74 71 32 76 16 92 83 12 78 41 91 6 95 90 53 89 99 81 46 23 30 45 96 88 52 11 62 68 34 73 3 51 65 100 31 36 20 40 57 55 19 
100 18 81 93 51 76 83 58 13 35 1 10 67 42 79 36 8 32 43 5 21 57 12 39 7 41 20 33 70 98 78 92 77 72 65 15 80 55 82 69 3 68 100 22 4 54 38 27 48 47 60 97 26 87 95 74 85 46 73 96 52 23 6 50 53 59 88 16 28 34 11 24 19 61 17 31 30 56 89 2 37 9 45 62 66 91 84 49 63 86 40 71 29 75 90 44 14 94 64 25 99 
100 28 53 35 26 27 99 58 52 36 3 40 60 23 77 34 70 66 51 38 93 92 6 50 7 18 31 61 62 4 13 94 16 73 100 24 54 17 59 33 68 44 64 42 97 82 32 88 87 75 57 9 22 12 91 65 85 14 56 90 1 86 55 45 20 39 81 11 69 29 72 8 10 21 78 46 19 79 5 43 41 74 25 30 84 98 47 96 48 80 76 71 83 37 89 67 2 63 95 49 15 
100 47 24 32 57 25 14 88 13 91 18 8 38 61 10 44 94 50 37 35 90 63 41 98 52 75 95 46 39 87 33 80 28 29 66 48 21 99 30 55 4 58 77 43 62 76 85 7 53 34 27 42 17 26 82 56 69 73 89 31 97 70 68 78 45 92 11 74 2 100 60 59 81 67 3 9 49 65 54 86 51 19 36 96 1 22 20 93 84 83 12 5 71 72 15 23 79 64 6 40 16 
100 30 19 11 61 100 86 95 44 52 70 41 81 92 25 17 53 2 14 90 5 58 32 23 94 93 96 62 4 3 84 27 10 35 68 98 73 28 46 75 22 91 21 67 7 1 18 56 82 24 74 77 49 50 38 64 69 87 89 80 97 31 34 76 37 42 43 55 45 9 59 20 51 47 63 6 54 78 48 79 26 65 99 66 39 40 57 29 88 33 72 85 71 15 36 60 16 83 8 13 12 
100 63 33 32 90 2 50 47 98 95 53 70 44 8 69 37 11 49 57 74 88 18 38 67 40 23 55 27 35 59 26 7 62 82 21 71 91 79 17 13 46 1 81 9 6 30 100 28 72 65 60 29 10 25 75 45 68 41 97 99 4 19 31 5 56 61 92 83 52 73 89 54 96 77 86 42 12 84 80 14 66 20 93 24 16 3 94 85 58 64 48 15 78 22 34 51 43 87 36 39 76 
100 33 96 28 95 30 68 39 59 3 93 65 88 29 69 43 66 74 32 70 89 61 48 64 41 17 76 80 87 73 100 12 78 91 98 97 53 52 40 34 22 35 13 42 26 75 36 99 54 81 16 63 82 1 49 72 7 71 47 14 11 67 84 57 45 77 86 19 85 25 6 79 92 18 46 23 5 4 9 10 38 90 27 21 31 8 37 20 44 83 15 94 56 62 50 2 58 51 24 55 60 
100 18 12 81 88 74 21 51 75 25 57 86 67 10 87 6 28 94 42 26 29 77 89 85 30 4 23 82 80 45 83 66 33 62 34 93 27 54 17 84 2 16 55 31 24 58 39 79 7 15 98 8 96 50 73 40 100 71 91 32 99 11 38 41 20 76 59 95 78 56 14 37 92 47 3 22 48 53 46 13 35 5 64 52 19 69 90 43 70 9 68 44 36 72 49 61 65 97 1 63 60 
100 82 36 58 55 64 3 23 48 70 46 20 25 71 92 45 5 41 43 65 69 32 16 84 6 95 34 73 40 30 2 83 13 91 57 9 27 29 72 90 35 77 53 54 4 47 99 22 96 44 39 62 76 8 81 1 50 21 88 60 93 49 38 67 87 85 12 68 66 14 7 15 61 74 24 42 80 59 63 10 94 31 17 75 26 18 52 33 100 89 97 56 98 79 51 78 86 11 19 28 37 
100 75 71 11 96 14 20 23 33 72 97 66 24 9 80 55 28 85 91 12 67 58 88 34 37 10 74 47 7 46 3 92 5 64 2 69 60 13 73 83 95 42 61 38 8 63 45 27 30 87 49 21 84 93 18 70 41 25 81 76 4 99 52 50 86 79 19 94 65 62 22 40 77 29 6 1 56 59 16 48 53 35 82 89 51 100 90 39 78 17 15 44 36 54 43 57 98 68 26 31 32 
100 77 78 17 65 89 97 7 56 62 82 98 61 63 38 55 57 68 66 39 27 37 52 58 34 76 74 53 85 44 18 73 93 69 86 1 2 83 45 21 67 64 94 72 41 35 20 92 42 23 75 19 79 12 80 6 13 47 70 91 25 99 50 15 31 5 46 16 43 48 8 11 30 100 84 32 9 22 10 49 59 51 54 3 60 26 4 36 71 90 24 28 95 96 40 14 81 33 29 88 87 
100 63 56 3 76 61 98 73 43 19 14 91 8 25 34 28 45 100 86 75 2 95 85 68 87 27 93 51 26 11 84 30 38 50 12 90 17 9 53 39 64 70 88 96 1 31 22 32 67 94 89 37 7 29 58 57 81 44 65 74 55 41 4 40 83 24 82 77 5 54 46 79 99 15 42 78 49 92 13 47 6 10 21 69 59 48 72 33 36 62 60 23 35 66 97 80 71 18 52 20 16 
100 4 58 74 92 49 38 18 22 76 96 43 40 24 42 46 72 25 27 83 32 75 48 53 36 87 89 13 88 99 80 100 1 94 77 98 6 60 8 85 45 29 90 14 5 35 63 17 73 69 57 33 51 15 62 11 9 10 50 71 55 82 23 67 70 86 84 64 20 61 66 34 44 91 39 26 93 28 41 97 65 78 19 52 81 54 7 47 21 95 2 3 37 30 68 59 16 56 31 79 12 
100 46 34 47 10 3 71 50 82 17 45 68 49 93 84 5 6 90 92 19 18 30 70 72 61 81 67 98 85 13 64 96 29 26 83 51 95 53 56 9 100 77 52 11 86 33 75 73 91 69 74 22 65 8 79 76 62 7 32 42 58 39 36 38 35 41 94 89 57 40 80 99 23 28 60 66 25 87 59 27 44 14 78 55 97 21 31 4 37 48 54 24 16 2 1 20 63 43 15 12 88 
100 2 48 32 67 28 52 92 84 33 39 37 11 45 53 5 90 38 4 76 74 69 88 13 47 36 41 18 99 79 66 54 94 85 30 75 71 86 20 59 60 27 15 6 70 10 12 61 77 68 89 91 7 81 58 65 26 64 34 98 24 51 9 19 95 57 35 49 42 97 21 40 17 63 8 16 78 22 29 72 82 56 50 55 1 23 87 14 73 100 31 80 93 25 3 43 46 96 83 44 62 
100 94 16 100 81 74 49 43 75 87 96 47 3 50 13 62 98 25 32 52 55 76 48 37 22 15 84 54 21 44 24 80 7 42 82 28 70 51 68 61 89 90 33 4 83 38 40 78 34 92 27 12 97 17 19 36 65 59 67 39 41 88 58 14 18 11 29 6 60 63 35 23 99 93 57 5 9 1 2 72 56 53 45 26 46 77 95 85 8 73 64 20 10 30 86 31 71 69 91 79 66 
100 33 8 74 4 56 67 59 82 60 49 34 50 3 85 78 95 88 12 80 87 29 5 28 64 31 24 97 66 47 15 68 2 41 91 93 69 26 57 98 90 77 65 6 27 39 51 35 9 42 21 58 84 76 52 71 43 46 23 36 37 22 73 19 53 89 13 48 32 30 14 45 63 25 96 55 86 40 100 44 17 10 11 38 62 61 94 70 16 18 79 99 81 20 1 92 54 83 7 75 72 
100 44 92 10 17 51 87 15 11 26 45 89 66 36 23 25 79 34 20 74 67 28 70 71 95 18 43 7 59 4 63 30 57 56 5 49 33 73 22 3 90 65 83 39 8 97 61 13 64 99 9 93 82 94 80 24 31 96 100 38 78 27 91 69 6 21 81 58 19 55 50 46 47 88 35 60 32 16 75 76 1 14 84 12 48 54 77 2 40 41 37 86 53 85 29 52 72 42 98 68 62 
100 32 2 13 87 48 78 70 49 45 17 27 33 95 12 92 97 85 8 23 46 7 3 31 71 30 86 88 37 83 38 66 54 29 36 64 72 25 98 40 93 76 35 100 60 5 47 43 80 11 82 67 21 52 19 68 24 50 41 18 65 61 22 4 9 51 28 69 14 94 58 81 20 1 84 77 74 53 39 89 79 26 91 6 34 73 75 16 42 99 57 59 10 90 55 44 15 56 96 63 62 
100 25 53 99 54 31 59 41 70 46 94 1 63 61 21 6 43 69 22 40 91 92 90 72 11 26 93 83 29 50 4 27 7 55 49 64 32 15 56 38 24 8 66 17 62 65 98 13 47 48 28 82 23 18 5 33 75 74 35 14 78 34 96 37 76 12 89 45 19 58 86 100 36 60 95 20 67 71 39 9 44 2 88 52 77 42 97 84 81 73 68 16 85 79 57 87 80 3 30 51 10 
100 99 94 12 46 41 53 5 45 48 10 72 87 100 14 74 98 6 28 26 58 90 76 30 21 2 17 86 19 77 47 57 92 31 1 79 56 7 61 37 82 51 42 39 36 73 23 49 29 97 59 34 35 18 27 85 88 75 8 70 33 50 69 60 25 43 24 32 95 80 62 65 63 81 52 93 9 11 96 13 44 40 54 4 78 89 84 55 64 66 22 83 67 20 15 16 3 38 71 91 68 
100 3 81 4 53 18 6 15 7 96 83 99 46 100 31 50 54 65 35 39 94 90 45 41 89 47 24 49 32 55 82 34 71 78 73 98 52 93 2 36 29 10 37 92 61 63 33 86 48 27 58 84 64 85 68 13 42 91 21 57 97 14 40 19 5 22 38 60 70 11 23 26 72 17 87 74 44 16 51 25 59 20 56 69 66 67 8 88 1 43 76 62 9 95 77 79 30 75 12 28 80 
100 23 22 14 75 28 31 3 73 38 74 50 35 57 30 71 88 29 51 94 58 90 25 61 34 8 46 37 70 80 10 97 36 93 11 5 77 83 40 39 20 54 42 6 68 56 79 76 86 89 44 24 41 67 1 27 43 19 63 21 2 87 60 26 18 32 52 55 78 96 62 13 48 100 4 98 47 95 12 92 49 9 91 33 59 16 81 85 7 45 17 69 84 72 15 66 53 64 65 99 82 
100 5 93 37 81 96 41 50 21 4 1 65 97 40 46 100 94 80 92 74 47 57 98 64 26 25 84 31 7 69 62 30 61 88 59 11 23 33 13 60 51 32 43 53 77 55 83 56 85 63 78 22 67 49 76 70 91 36 12 29 10 27 71 87 16 28 3 73 95 17 19 52 90 15 66 45 8 9 35 38 18 2 34 24 14 75 82 58 20 79 72 99 39 42 6 54 68 48 44 86 89 
100 14 19 97 46 35 99 4 7 76 73 87 79 83 86 9 24 40 36 96 60 30 56 11 34 98 89 74 52 6 23 28 93 57 68 84 43 67 78 22 25 2 48 53 61 42 41 77 95 1 63 88 58 94 62 69 75 21 91 39 65 92 70 20 38 32 45 47 49 3 13 55 8 15 72 44 80 18 10 33 66 12 85 54 5 90 51 26 71 59 16 50 100 31 82 37 29 17 81 64 27 
100 88 81 20 71 4 32 95 26 82 69 61 36 21 60 38 72 65 7 89 57 16 46 94 84 11 24 86 28 8 25 80 75 31 15 35 64 92 85 40 1 13 44 62 98 2 27 6 77 30 67 91 17 76 87 9 3 68 39 70 19 54 42 78 100 63 34 74 53 45 55 14 90 47 99 52 59 83 96 43 33 5 18 37 41 93 49 79 73 51 56 66 58 97 10 22 48 12 50 29 23 
100 95 41 50 65 76 59 27 54 62 89 45 43 49 77 22 8 39 9 68 53 56 5 29 72 37 32 25 40 16 92 82 10 96 14 47 12 81 34 78 85 61 71 90 21 79 44 31 17 64 36 73 7 91 1 83 55 52 4 100 58 11 84 30 93 19 3 86 67 98 88 66 26 2 80 35 33 6 18 42 51 87 38 99 46 23 97 70 57 74 69 20 48 15 75 28 63 13 60 24 94 
100 71 66 47 85 55 7 56 35 29 100 75 41 49 53 12 77 46 32 62 33 4 93 90 6 88 24 63 73 9 34 13 28 68 65 3 17 81 42 14 95 10 89 18 36 74 92 25 23 51 87 54 52 45 84 1 58 50 79 96 19 48 57 70 97 82 67 5 30 37 38 80 26 64 98 61 27 91 39 20 31 15 60 94 16 69 59 21 99 83 22 78 8 76 43 11 2 72 86 40 44 
100 13 88 38 85 94 29 69 76 52 43 36 61 46 64 33 20 100 1 7 56 74 73 99 17 16 86 70 28 87 34 96 22 2 80 58 39 98 45 57 8 26 79 90 83 59 91 6 41 65 42 25 50 14 32 63 92 47 19 49 72 5 77 21 10 82 67 27 12 84 78 62 53 51 89 4 3 35 48 23 68 18 54 95 24 31 11 55 9 75 60 44 93 71 30 40 97 15 66 81 37 
100 26 25 11 20 60 84 91 54 24 82 95 92 42 13 64 79 57 78 46 56 88 6 81 14 4 61 66 55 8 28 3 18 99 5 37 34 90 85 59 35 58 45 69 44 2 93 7 89 73 94 23 16 76 51 29 19 43 12 32 96 21 40 22 74 62 86 97 70 33 98 63 87 41 15 36 68 38 71 72 1 53 77 67 100 52 75 48 39 10 80 65 31 47 83 9 50 30 17 27 49 
100 19 23 99 17 61 15 26 9 40 47 31 28 46 97 29 94 10 3 51 58 16 82 71 59 35 6 42 90 75 25 70 14 83 48 11 78 32 100 8 79 4 1 53 54 64 91 44 13 39 18 37 73 74 24 22 33 49 36 77 68 7 84 30 2 88 96 92 38 52 21 66 76 34 12 20 43 86 98 87 56 60 5 80 69 89 50 95 41 57 55 72 27 45 65 62 67 85 93 63 81 
100 71 100 94 11 91 56 42 52 82 21 4 34 49 38 39 55 79 73 66 78 99 54 89 41 29 1 30 18 70 61 25 62 83 35 69 26 6 60 90 43 85 80 47 57 98 32 86 33 23 67 9 16 58 20 3 59 74 48 19 72 95 65 15 81 31 64 2 14 97 77 40 13 7 51 45 12 93 27 46 84 28 10 76 24 96 75 37 17 68 22 63 87 36 92 8 44 53 88 5 50 
100 73 19 85 82 74 48 45 78 29 5 22 31 92 56 50 35 69 4 7 77 57 36 1 3 27 20 52 39 91 43 61 80 66 30 84 9 83 72 100 41 18 94 76 71 97 55 90 62 17 23 40 87 79 13 42 60 67 21 89 2 63 26 38 49 99 34 11 54 46 28 32 95 10 59 33 8 12 68 88 14 93 86 75 6 51 70 16 64 15 98 81 58 53 25 47 44 65 24 37 96 
100 57 67 70 20 49 7 14 94 73 99 100 48 93 56 71 34 16 72 19 64 88 35 98 97 41 60 10 32 1 66 75 50 38 27 95 33 83 47 23 2 36 12 62 24 82 5 44 92 17 68 25 89 9 58 77 40 3 26 39 13 84 21 54 90 30 55 80 96 28 61 81 37 42 46 18 65 22 63 86 31 53 74 43 6 45 79 51 76 15 85 29 8 91 78 52 87 11 4 59 69 
100 1 84 98 4 73 63 97 77 31 41 60 40 28 16 69 27 99 34 8 46 89 87 38 76 19 23 2 68 78 86 59 39 48 54 36 61 7 11 52 10 72 81 64 49 9 17 56 79 13 65 91 18 95 57 85 22 29 6 3 94 5 43 12 45 100 82 32 33 24 70 35 42 74 80 14 93 90 55 92 26 51 96 75 20 66 15 21 44 67 83 47 30 50 88 71 37 62 53 25 58 
100 60 22 73 74 82 29 67 97 72 33 30 96 69 37 39 58 71 42 50 1 62 79 11 61 26 34 95 55 25 84 7 4 38 20 87 43 76 5 77 2 23 56 65 86 63 100 17 64 68 66 52 36 57 93 16 18 27 47 14 94 45 15 53 70 89 83 51 78 28 49 9 88 6 41 10 54 81 91 90 46 98 3 85 31 35 59 12 24 44 8 40 92 80 21 48 75 19 99 13 32 
100 87 89 77 6 79 100 75 99 92 4 65 90 47 49 83 8 35 34 94 16 85 19 22 28 10 12 97 51 55 41 25 15 82 84 7 73 72 61 2 37 27 66 24 20 80 48 26 21 39 57 33 29 44 3 32 96 93 52 95 9 11 46 13 98 64 78 60 74 86 56 42 88 59 30 53 40 43 62 71 5 54 69 31 17 70 45 18 36 38 68 91 63 1 81 76 14 50 67 58 23 
100 66 19 65 23 90 50 58 92 85 48 41 100 31 68 8 60 21 16 5 39 67 20 26 70 62 49 83 55 30 54 51 84 59 37 47 56 36 63 46 12 44 34 94 33 42 79 3 4 35 91 61 38 81 82 95 52 7 14 71 10 9 28 78 29 40 69 25 97 1 93 53 15 24 2 76 89 11 98 57 17 72 74 88 77 6 18 75 87 96 80 43 73 86 27 13 32 22 45 99 64 
100 65 14 49 28 80 56 39 72 31 89 41 95 51 97 60 78 52 38 54 79 30 81 12 11 8 23 29 59 15 75 37 18 9 32 24 71 6 69 100 50 7 47 84 44 4 2 57 63 94 64 70 3 61 77 33 90 87 20 83 17 13 85 74 86 96 10 73 55 42 88 91 40 43 16 27 46 92 35 82 62 19 93 22 98 68 48 53 58 1 99 26 36 5 67 21 45 76 66 34 25 
100 76 9 1 54 28 47 52 24 41 22 71 50 61 12 42 60 94 64 79 69 45 96 65 67 90 38 43 35 4 29 89 19 75 80 15 81 95 72 13 68 48 84 82 27 87 97 57 85 73 49 56 32 53 91 63 17 98 44 30 36 21 40 23 5 86 2 25 77 99 10 100 62 18 74 92 70 46 66 39 11 26 8 14 33 7 6 3 93 16 78 59 51 83 37 34 31 20 55 58 88 
100 66 45 3 94 35 93 100 47 32 52 56 23 46 72 11 53 49 7 65 48 63 6 85 5 61 10 29 37 2 71 16 28 88 78 58 12 19 68 8 89 4 95 79 96 60 30 99 25 20 70 73 86 13 83 17 98 38 76 69 81 57 59 55 82 1 40 51 31 33 74 41 90 43 42 18 75 15 36 26 97 22 91 50 14 9 64 27 44 67 77 24 39 80 87 84 21 34 92 54 62 
100 87 79 100 86 65 45 11 75 80 81 31 42 18 10 55 9 53 73 57 54 94 50 76 20 3 40 59 15 12 69 52 72 91 17 56 84 48 77 85 47 96 61 68 74 30 78 89 6 97 29 4 70 64 25 43 22 16 93 90 67 13 39 49 1 27 8 95 21 88 7 71 83 82 28 62 26 23 37 41 44 24 46 2 5 58 38 98 33 60 66 14 92 35 51 63 99 34 36 32 19 
100 33 38 4 9 34 45 98 72 19 15 23 24 10 61 65 51 81 95 60 57 30 54 11 12 78 85 68 90 42 79 66 93 6 49 89 18 37 67 56 16 76 35 83 59 75 47 31 80 99 13 14 17 73 5 82 7 63 74 77 29 55 86 71 25 53 44 1 36 8 26 84 92 2 46 40 22 70 52 3 91 96 39 97 100 27 94 32 48 64 41 43 20 50 87 62 88 21 69 58 28 
100 96 56 4 30 2 79 98 48 75 43 82 14 32 11 13 71 17 40 100 25 92 44 7 87 57 34 91 77 81 37 42 38 69 27 1 70 61 60 78 6 50 53 18 55 93 65 49 29 35 15 88 58 3 80 23 76 97 21 28 67 62 90 33 41 63 59 31 39 51 10 26 46 9 54 12 20 19 83 86 45 94 95 8 16 24 47 22 84 99 85 36 72 52 89 64 68 66 5 74 73 
100 79 13 44 78 12 65 94 70 26 17 67 11 68 54 56 87 98 85 58 25 8 92 16 62 18 39 55 76 40 9 37 53 80 95 38 50 31 83 46 48 57 5 49 47 35 41 100 51 6 10 71 59 60 97 77 33 91 86 4 64 42 74 19 24 52 63 90 30 81 7 99 32 2 73 43 88 15 20 72 89 22 23 28 14 84 93 36 66 29 61 69 34 96 82 1 27 3 45 21 75 
100 84 47 75 45 48 14 66 71 53 34 35 15 55 20 72 94 42 21 27 43 30 16 40 36 62 13 100 90 88 18 80 5 83 50 37 56 26 38 51 69 58 29 23 52 97 3 81 70 68 33 46 17 25 86 2 65 92 87 57 59 44 19 89 8 73 28 31 60 9 32 93 91 24 78 77 63 4 54 95 67 6 64 61 85 7 22 1 76 79 12 39 10 41 11 98 82 96 99 74 49 
100 22 84 36 77 72 6 95 32 24 78 46 37 97 70 47 68 7 21 14 81 26 2 48 80 45 73 53 98 75 16 25 54 65 92 99 66 69 1 28 5 3 31 13 27 44 90 12 40 85 88 34 96 50 18 91 59 100 42 87 63 79 38 74 93 33 62 23 67 94 58 57 52 20 55 29 49 56 41 10 76 51 9 64 83 15 61 35 39 82 86 60 71 17 4 8 30 19 11 43 89 
100 74 35 29 7 98 10 44 23 85 90 4 65 76 3 58 24 12 31 71 38 37 57 96 84 72 77 70 78 36 49 54 88 91 62 86 34 55 82 80 64 93 43 26 21 2 47 46 11 79 41 81 15 17 6 60 59 89 63 92 14 95 52 40 48 100 32 75 39 50 33 20 27 13 18 69 30 9 53 16 68 28 97 51 73 22 56 87 25 42 83 61 8 67 45 19 99 1 5 94 66 
100 21 91 92 93 82 60 1 23 49 51 69 78 67 44 6 76 100 40 54 48 5 47 86 64 97 26 39 28 77 33 57 70 61 35 95 11 20 88 4 74 56 79 45 34 36 14 15 96 12 37 42 65 38 41 9 27 80 81 99 19 62 3 84 13 46 87 31 85 83 18 53 71 29 25 24 7 50 8 98 58 89 90 66 10 73 72 22 32 43 16 55 52 63 68 94 75 17 59 2 30 
100 98 17 46 93 59 65 74 34 75 11 76 99 35 90 100 54 96 84 77 78 91 16 73 63 1 97 23 37 62 92 9 20 82 15 86 57 52 27 12 10 95 19 66 31 30 70 40 14 94 5 50 4 22 68 8 13 6 81 21 51 69 41 83 49 47 42 7 29 39 67 45 26 87 55 33 72 32 80 88 56 44 53 36 58 38 71 79 43 18 89 28 64 60 3 2 48 61 25 85 24 
100 47 43 27 61 87 53 30 64 29 69 57 88 20 39 67 96 42 19 6 74 46 49 40 54 35 77 59 85 25 99 51 95 21 24 2 58 80 82 41 100 11 55 76 18 45 13 33 3 86 62 98 36 89 12 28 73 9 7 94 10 60 97 91 63 50 38 66 71 92 14 1 75 56 68 81 22 37 48 52 31 84 26 8 15 17 79 23 93 16 32 72 65 4 70 34 90 78 44 83 5 
100 62 21 73 14 80 63 35 57 12 25 34 41 97 74 78 48 17 81 54 61 87 50 30 8 11 18 22 5 28 99 31 83 88 33 38 89 93 66 36 67 51 46 95 24 82 65 26 64 58 100 70 44 92 42 43 84 1 7 72 60 29 77 2 71 52 47 37 53 32 96 79 94 40 6 69 68 20 90 16 85 15 55 9 27 98 49 13 56 3 23 39 76 75 4 91 45 59 19 86 10 
100 89 42 61 43 44 47 55 74 76 20 64 75 35 69 19 96 33 5 86 46 21 40 59 29 9 51 94 41 95 66 93 97 32 98 80 4 100 52 1 23 31 8 14 72 22 38 25 26 13 78 82 62 85 3 30 15 27 65 81 39 45 60 11 7 73 28 99 68 6 91 84 49 50 63 56 48 16 10 37 54 88 2 77 36 17 92 79 71 87 83 34 12 18 24 90 58 70 53 67 57 
100 10 73 60 43 52 55 19 44 100 48 87 3 20 14 94 36 1 29 75 49 72 90 99 21 59 26 50 24 2 31 6 17 95 71 54 41 8 38 79 62 9 18 63 85 27 46 39 91 56 35 84 98 16 74 86 78 96 4 22 12 97 65 81 68 80 5 82 33 53 51 70 34 92 15 61 69 13 64 28 67 83 7 11 30 89 25 45 32 40 76 37 77 93 42 66 58 47 57 88 23 
100 75 26 25 68 60 51 31 63 34 10 37 3 78 7 46 97 33 50 53 40 84 11 21 93 86 69 32 23 58 45 1 81 41 96 13 82 89 27 35 2 85 16 6 29 100 9 71 36 14 64 22 52 30 8 57 43 42 66 20 72 59 95 91 15 49 38 92 24 17 39 74 87 19 76 55 67 12 56 88 94 18 5 73 28 79 77 4 61 62 83 98 47 54 90 44 65 70 80 48 99 
100 10 92 45 40 33 84 76 24 8 30 9 56 86 69 81 67 37 66 57 53 59 58 70 51 89 68 90 77 23 25 64 17 80 47 65 6 20 35 5 49 54 27 50 82 52 21 42 48 72 26 7 71 43 97 22 63 29 91 13 74 75 36 39 83 19 14 79 46 3 99 12 2 55 28 73 41 4 15 85 31 18 1 94 88 95 98 32 34 44 11 61 87 38 93 16 100 62 78 96 60 
100 85 11 50 66 15 33 69 46 61 67 7 24 53 59 44 91 27 45 93 2 17 99 23 4 40 19 70 77 98 68 52 30 79 5 22 100 60 78 10 28 37 82 96 81 75 51 54 38 71 34 89 29 57 14 36 95 3 64 39 47 58 41 80 8 72 9 31 26 49 62 92 73 1 42 21 48 65 35 94 12 87 86 25 84 56 16 55 83 18 6 63 76 74 97 88 90 20 32 43 13 
100 32 69 33 46 75 63 86 97 47 30 3 89 72 10 64 13 42 43 52 5 48 51 8 84 87 26 31 44 11 99 80 66 6 91 74 14 61 95 34 40 59 36 88 92 17 81 2 82 65 56 19 94 23 37 83 96 67 7 9 35 70 60 12 25 54 79 27 21 73 50 18 93 41 90 28 77 98 62 39 29 53 58 68 1 22 85 45 38 15 49 76 20 78 55 4 100 24 16 57 71 
100 75 87 1 12 27 61 44 30 48 76 6 40 38 3 65 24 84 36 73 23 82 51 11 32 45 85 64 96 80 18 63 94 57 71 17 59 58 92 28 35 91 42 97 41 81 54 13 49 95 2 53 33 8 46 52 10 26 69 74 90 21 14 100 15 47 70 34 86 98 88 16 62 20 5 93 31 39 72 79 66 68 77 78 89 60 7 29 19 37 43 9 4 67 55 83 99 22 50 56 25 
100 22 54 13 97 77 6 33 94 93 83 45 18 72 30 32 1 76 28 25 46 86 60 100 53 67 40 16 59 84 57 99 11 7 85 66 3 68 29 52 17 35 89 88 14 31 15 61 43 56 19 39 20 49 21 55 63 69 41 91 51 87 79 75 50 64 92 73 12 65 36 2 8 9 27 44 90 71 5 58 98 38 62 82 4 24 70 26 10 47 42 95 78 96 80 48 23 37 74 81 34 
100 2 38 93 32 71 75 64 5 18 12 39 7 82 95 35 49 20 92 41 69 9 1 21 40 15 56 48 68 34 86 29 59 26 25 99 24 62 10 98 72 57 42 37 87 46 74 77 14 100 63 43 45 23 78 31 33 55 19 3 52 65 4 54 90 36 97 83 66 84 61 79 6 51 13 94 67 88 11 44 50 89 91 16 27 81 8 73 47 60 17 22 53 85 28 58 70 80 30 96 76 
100 54 19 75 45 100 35 87 12 65 61 89 22 77 56 68 20 28 88 38 97 43 25 15 24 9 7 83 69 53 51 8 52 10 44 95 57 55 71 98 72 23 99 50 29 81 14 37 58 59 2 1 36 73 42 90 33 34 17 60 70 66 96 5 47 3 40 4 92 91 31 85 82 76 13 67 48 94 21 26 93 46 27 79 63 16 62 6 41 18 39 30 86 49 32 78 80 64 84 11 74 
100 24 1 28 81 89 78 2 9 75 55 69 37 32 62 31 13 82 66 43 8 47 49 56 50 58 99 79 26 86 20 40 68 12 14 87 73 64 80 52 63 85 61 77 39 15 27 29 23 21 67 16 25 33 94 51 4 35 30 84 90 46 59 93 22 88 18 42 57 95 92 60 19 41 17 100 76 54 36 71 7 34 3 72 65 48 70 74 6 11 98 83 97 45 10 44 5 96 38 53 91 
100 99 7 77 57 39 73 86 20 34 32 61 48 79 59 75 37 58 68 11 18 88 82 16 65 1 89 15 49 25 36 70 45 30 53 6 28 4 85 43 52 50 23 60 95 94 40 12 51 69 72 3 24 54 81 38 64 71 42 22 10 26 19 80 67 47 13 91 5 66 90 83 74 27 56 97 76 100 46 17 8 93 96 35 55 92 29 44 78 2 31 21 33 14 9 84 62 87 98 41 63 
100 22 11 27 79 37 66 49 34 14 59 50 64 55 47 42 1 62 40 91 73 44 68 100 21 84 28 46 76 52 13 65 78 30 12 85 32 38 36 72 51 89 29 74 10 41 20 71 56 90 15 4 61 16 53 86 81 98 82 69 57 94 60 6 70 26 63 54 43 58 24 19 99 77 35 31 25 5 95 87 39 93 92 33 45 23 80 7 17 96 75 97 2 67 9 3 48 18 88 83 8 
100 65 90 78 100 34 40 60 91 11 87 31 3 50 93 18 13 17 32 99 19 77 62 82 37 83 54 70 28 88 29 53 36 98 12 51 23 14 43 63 10 15 75 24 22 30 71 80 33 76 9 74 38 27 58 16 67 39 94 92 72 7 61 26 52 4 1 21 2 81 5 84 8 85 86 55 42 44 46 35 47 59 45 64 73 97 66 95 49 69 79 68 6 41 56 89 25 96 20 48 57 
100 24 27 47 89 34 8 51 77 65 7 38 20 75 15 6 100 16 37 41 26 4 86 62 40 12 55 5 67 3 84 52 1 2 79 44 98 80 87 91 21 58 29 96 74 42 10 36 94 23 54 99 56 31 30 83 64 11 53 50 95 13 63 82 46 78 14 68 92 43 70 33 81 59 45 9 22 88 90 39 25 69 17 48 97 57 18 49 72 61 85 28 76 35 60 32 66 93 19 71 73 
100 72 93 13 17 85 90 9 74 89 12 8 73 82 26 44 47 16 28 3 45 68 79 70 95 96 15 19 71 49 2 65 4 24 69 58 46 61 52 20 25 21 38 67 7 40 98 14 48 78 94 23 27 11 75 53 57 29 51 62 63 54 30 99 84 83 81 56 5 87 10 55 60 41 59 35 50 22 1 37 31 100 91 64 42 88 39 36 77 32 6 18 80 76 92 33 43 34 97 86 66 
100 47 94 84 99 25 96 67 82 97 44 16 70 32 65 37 22 15 71 9 17 90 54 87 19 48 30 42 95 85 4 81 40 6 49 88 28 59 62 27 68 12 18 66 93 10 77 55 50 52 46 45 24 83 43 51 41 3 76 91 86 63 74 78 2 23 69 75 1 26 61 92 8 39 53 21 13 60 35 73 100 33 31 29 5 36 72 80 38 58 34 20 98 89 14 56 64 57 79 7 11 
100 97 63 27 87 2 65 9 40 72 29 60 26 11 64 62 70 44 41 91 54 82 84 52 3 36 8 31 38 88 45 100 37 67 7 16 24 74 50 83 99 39 46 98 5 56 15 48 77 47 68 94 78 59 75 42 33 28 49 89 30 73 80 69 55 81 86 85 57 34 71 1 4 19 32 90 12 21 43 6 76 20 66 17 25 10 18 79 58 95 35 92 61 51 23 96 53 14 93 22 13 
100 98 90 74 52 45 2 88 25 81 100 64 34 77 27 96 20 39 11 26 47 15 95 16 12 22 4 5 49 78 87 83 36 17 40 44 92 32 80 68 62 97 7 8 73 58 35 79 70 61 67 50 76 59 75 89 18 82 53 41 66 99 30 65 29 93 71 31 24 69 6 3 33 13 94 43 85 23 84 63 19 55 48 46 42 21 14 9 51 91 1 37 54 72 28 86 38 10 56 57 60 
100 91 67 66 86 59 65 63 30 78 72 48 97 58 16 85 43 62 71 80 10 6 54 53 22 61 19 3 36 47 73 88 25 96 77 8 2 35 45 52 94 11 24 55 92 74 56 70 20 7 13 27 5 90 38 26 14 32 29 33 81 42 46 98 23 37 69 99 41 40 9 50 1 51 68 83 75 82 21 15 89 28 100 17 34 60 84 12 49 93 95 64 31 44 87 4 79 57 39 76 18 
100 39 98 18 52 63 89 59 86 61 40 9 93 3 53 70 72 66 76 35 99 21 65 58 42 2 90 74 38 95 97 10 77 12 55 31 71 88 41 19 83 44 32 75 92 15 36 23 8 4 62 17 47 49 96 45 20 100 54 1 22 57 11 16 24 82 30 14 7 68 78 6 67 81 29 48 33 84 91 60 43 64 79 80 5 34 25 26 27 13 46 69 51 56 28 85 94 37 87 50 73 
100 35 93 54 99 36 20 45 25 97 38 23 100 46 89 19 65 71 29 76 26 2 73 55 3 8 42 5 9 52 56 58 80 33 92 67 62 10 90 43 4 94 6 72 74 14 51 81 18 49 79 15 1 59 95 96 12 31 84 78 82 28 75 41 86 7 48 98 30 17 69 34 13 63 66 68 32 77 24 21 60 37 88 91 44 64 16 40 87 50 70 47 27 57 83 11 39 53 85 61 22 
100 67 97 99 43 42 88 33 69 92 59 21 31 64 22 62 82 52 48 38 75 83 80 68 81 95 5 85 41 73 55 29 16 60 74 34 28 35 53 32 79 4 30 78 90 98 45 57 12 7 54 61 23 87 9 51 96 15 27 86 36 89 1 66 19 84 39 76 65 93 49 3 70 50 44 46 18 56 17 25 37 14 11 71 13 8 6 94 47 63 58 40 24 20 2 91 100 77 26 10 72 
100 66 40 52 5 56 94 35 75 67 9 53 71 42 26 84 2 68 99 39 28 78 98 4 92 27 50 21 89 46 33 29 54 49 10 80 31 48 69 97 17 47 18 74 23 58 81 16 15 64 55 45 77 24 44 43 65 25 8 12 90 91 59 70 73 30 3 11 63 34 82 57 41 7 95 60 83 61 14 72 100 32 37 86 38 1 85 87 13 20 88 19 79 6 51 76 96 36 93 22 62 
100 12 15 2 6 92 59 7 100 91 74 97 85 96 48 4 36 40 79 1 54 88 29 24 68 66 94 84 98 8 86 50 56 61 38 46 17 19 63 55 51 22 75 26 69 27 23 70 93 80 14 39 52 45 35 43 41 58 83 67 90 99 31 5 34 25 77 20 95 71 28 65 11 16 62 33 49 76 73 21 82 3 64 78 57 9 47 87 81 53 72 89 42 10 13 18 30 44 60 37 32 
100 88 49 51 69 32 63 81 82 66 26 61 74 38 33 97 48 45 3 92 40 95 1 79 4 35 17 15 29 44 22 75 11 86 52 83 18 87 53 76 12 91 72 46 73 2 30 70 7 57 55 43 64 89 62 28 71 84 77 13 14 96 25 36 90 68 99 37 78 58 100 94 19 80 41 47 42 27 56 67 20 59 8 85 60 6 34 54 5 50 93 98 24 10 21 16 39 65 31 23 9 
100 86 88 100 93 59 53 69 8 43 4 87 84 23 55 26 65 92 90 63 75 81 48 70 54 31 95 80 46 3 91 12 76 24 33 45 74 20 94 22 47 58 49 27 77 78 89 83 29 25 15 36 34 37 5 14 52 57 1 39 73 99 97 17 21 11 6 2 79 16 82 98 44 18 60 32 66 56 61 68 13 10 96 72 7 9 38 40 64 42 85 67 51 50 35 30 71 19 41 62 28 
100 52 32 23 34 56 11 38 19 20 44 58 83 85 65 31 63 77 99 8 68 100 22 4 18 42 69 29 13 84 27 28 93 64 66 78 82 39 96 59 79 98 37 51 60 46 70 95 1 45 50 87 62 80 57 36 94 41 7 25 21 54 40 90 47 91 6 86 92 76 35 49 97 10 15 16 26 48 71 14 75 88 74 12 30 17 53 73 9 33 55 3 67 43 61 72 89 81 24 5 2 
100 11 25 16 34 49 54 26 29 83 85 24 18 22 44 74 27 14 71 91 43 52 30 32 96 76 17 37 86 31 21 9 70 98 35 7 23 42 57 82 97 13 61 100 1 66 84 53 78 12 28 45 90 19 73 4 47 10 62 20 93 59 72 89 40 5 79 2 87 88 38 41 63 92 94 99 48 80 75 58 39 8 81 3 68 65 64 95 67 46 60 6 36 55 69 33 77 15 50 56 51 
100 27 57 17 40 2 43 16 87 91 88 8 33 92 55 72 100 51 21 36 60 22 97 94 66 3 15 48 31 30 28 68 5 47 54 1 53 78 35 10 32 69 37 89 84 70 98 74 65 9 63 79 18 58 45 6 44 13 52 85 77 46 14 20 39 86 83 26 38 19 24 23 67 42 95 7 90 80 61 41 93 96 81 50 75 62 11 25 12 4 59 64 76 29 73 71 56 99 34 82 49 
100 41 68 91 70 87 64 66 79 4 71 33 6 42 34 40 2 74 51 96 43 83 86 81 88 8 92 85 32 9 29 53 31 69 50 60 45 58 76 22 18 98 63 82 14 84 3 11 44 16 35 56 67 54 12 80 75 46 20 21 62 24 1 17 25 10 23 48 94 26 37 7 5 100 61 65 95 55 47 89 38 59 57 36 90 27 13 30 19 28 97 78 72 73 39 93 99 15 77 52 49 
100 37 91 86 54 80 99 44 30 28 8 70 66 17 38 35 100 49 83 14 7 60 3 33 90 51 63 69 92 4 73 82 68 34 84 25 1 78 77 41 71 31 62 50 87 56 20 21 43 74 88 24 98 12 9 53 23 67 59 18 36 19 96 72 79 40 57 81 46 95 85 39 52 61 26 47 27 93 5 16 15 11 45 58 64 2 22 42 89 76 32 13 55 97 48 94 10 29 75 65 6 
100 24 36 21 99 4 51 67 52 64 80 8 66 30 57 2 1 96 49 31 6 46 44 20 97 94 32 86 55 60 18 45 69 91 7 48 5 72 37 77 19 74 39 3 53 50 54 90 27 9 89 12 88 34 11 70 43 78 17 41 33 10 28 92 23 61 65 15 35 85 29 87 68 71 26 56 81 42 79 83 22 16 82 93 14 98 38 13 100 63 47 58 84 76 75 62 73 40 95 25 59 
100 98 38 89 92 91 96 39 7 12 24 2 82 59 37 5 17 85 74 52 25 15 83 35 71 77 23 40 76 4 9 58 53 86 95 61 3 33 18 55 20 88 44 48 21 100 14 45 57 94 26 97 22 79 42 99 87 65 29 93 63 68 34 36 46 66 81 28 70 67 51 6 72 8 30 16 31 49 73 75 11 69 13 78 10 41 19 60 56 64 84 1 27 50 54 62 43 80 90 47 32 
100 22 55 26 71 54 2 52 34 38 64 89 100 85 17 65 30 73 21 11 31 20 72 7 67 75 97 4 84 49 60 79 98 19 14 93 39 92 68 37 95 13 10 53 81 70 96 8 83 61 6 51 40 82 94 88 16 1 48 46 50 87 63 76 25 9 28 44 66 78 18 47 91 12 74 62 43 57 42 35 41 32 24 27 69 3 86 29 99 15 36 90 77 23 45 80 5 33 56 59 58 
100 27 84 95 48 22 19 59 91 66 69 93 34 12 97 43 45 9 44 82 83 63 2 20 31 71 51 1 32 56 94 85 39 6 77 46 52 96 73 98 28 47 11 87 24 35 64 30 60 65 38 80 26 16 54 88 40 18 49 90 10 41 53 13 61 37 42 57 72 36 25 8 15 78 23 50 62 68 5 81 14 67 70 99 89 4 74 75 76 29 86 55 100 7 92 79 58 3 21 17 33 
100 3 10 90 24 81 12 14 47 98 36 23 4 34 99 67 32 79 1 22 87 94 85 48 91 84 92 63 62 71 86 33 41 26 66 100 69 53 5 13 29 9 59 6 57 39 16 17 7 25 89 80 44 42 46 55 20 65 60 73 38 45 68 93 75 61 96 70 37 28 56 78 77 30 40 49 27 8 19 64 11 2 54 51 31 72 18 21 74 15 97 88 95 52 35 50 76 58 83 43 82 
100 95 4 32 62 79 29 74 63 53 43 92 12 9 90 22 94 37 10 60 35 84 49 8 45 98 66 24 86 30 23 19 73 52 46 93 97 96 16 26 27 28 15 61 99 34 88 39 67 68 100 58 47 65 17 59 76 55 87 41 78 64 44 83 20 89 91 18 13 80 5 54 56 21 50 48 36 11 81 6 77 71 69 1 3 57 25 85 40 31 51 72 70 82 38 33 75 42 2 14 7 
100 21 27 31 96 15 55 50 85 20 18 32 93 48 3 100 45 83 37 59 36 11 99 24 79 6 13 14 77 62 91 46 9 90 65 34 25 19 66 81 70 68 86 2 5 1 43 97 23 60 35 67 30 95 53 69 56 64 16 84 10 80 12 49 61 38 88 22 28 40 74 52 87 76 71 26 73 72 57 42 89 7 17 58 63 75 33 29 47 92 82 44 39 8 51 94 78 4 98 54 41 
100 72 26 55 66 91 3 74 70 35 20 49 54 69 59 56 38 88 53 29 47 86 2 40 33 24 94 75 4 6 67 90 41 97 63 7 81 80 46 37 89 99 18 31 34 11 13 48 15 77 68 83 36 21 8 85 17 65 78 71 19 82 9 42 60 14 87 30 44 50 52 93 27 84 5 1 73 45 98 32 92 43 79 12 51 16 61 100 39 64 57 22 62 23 58 95 28 10 76 25 96 
100 81 85 83 90 48 73 68 84 43 15 60 12 50 39 11 46 2 45 18 3 70 56 51 13 40 41 34 5 71 29 95 87 8 69 100 54 26 1 47 16 65 4 42 86 79 62 52 76 55 33 9 31 21 89 72 7 94 36 80 91 28 6 59 58 66 27 98 44 30 74 93 82 17 49 77 20 37 25 24 64 96 92 35 88 78 14 23 99 19 53 57 63 38 22 67 97 10 61 32 75 
100 92 49 89 10 44 42 64 66 51 5 60 57 88 73 56 25 8 37 23 59 63 67 28 91 39 46 43 17 2 3 38 7 75 58 27 100 81 12 53 33 13 21 30 74 79 94 20 84 31 15 54 80 45 50 93 90 78 99 9 34 85 52 86 55 19 29 83 14 69 32 72 62 68 82 76 16 41 4 35 97 11 87 95 96 71 77 70 48 36 65 61 18 1 47 40 98 24 6 26 22 
100 41 82 7 95 38 20 72 68 78 9 40 3 61 23 47 50 54 22 13 80 17 37 51 18 79 15 30 43 59 98 44 8 31 12 42 28 32 24 75 58 83 71 85 89 45 90 77 39 97 94 67 62 69 46 73 84 60 5 29 53 16 48 81 26 87 92 35 27 76 64 36 2 6 14 91 66 63 70 55 99 21 52 4 100 33 34 86 49 19 65 11 25 93 57 10 1 56 96 74 88 
100 5 91 15 49 3 50 78 62 95 24 80 55 92 29 12 63 19 4 7 70 45 42 13 53 2 93 99 64 58 41 27 66 40 43 90 23 67 31 56 69 97 48 76 22 11 86 21 20 38 8 73 98 35 16 47 10 77 75 83 68 79 14 28 6 96 44 51 61 54 84 25 72 30 36 88 100 1 87 85 52 60 94 39 57 34 17 33 74 32 18 46 59 82 26 81 89 9 65 71 37 
100 5 24 35 37 46 45 78 65 7 60 59 66 71 18 34 32 14 75 85 10 90 40 3 69 16 12 29 39 11 15 19 100 67 6 91 33 79 88 23 86 50 64 99 74 72 98 68 55 81 21 25 83 38 84 49 30 1 58 44 76 73 22 56 77 47 27 9 20 52 57 87 96 80 92 4 36 43 82 26 42 41 28 94 48 63 62 97 51 93 95 8 2 89 53 70 31 13 54 61 17 
100 60 36 90 8 31 76 63 33 21 2 80 64 23 27 77 6 83 42 65 61 93 69 13 37 66 29 7 12 59 34 9 45 4 5 92 19 71 84 74 78 53 98 91 25 94 70 11 22 72 30 57 41 97 1 43 39 48 40 55 58 38 82 46 86 96 17 32 52 10 26 3 51 49 88 87 62 28 85 15 68 14 24 89 100 54 50 16 73 79 20 56 18 75 67 81 95 47 44 35 99 
100 100 63 7 24 45 10 50 88 29 86 20 78 57 71 81 61 5 55 68 59 33 42 56 32 37 4 54 2 35 34 90 23 62 96 3 66 43 58 14 40 27 31 99 11 28 12 93 39 76 98 1 25 52 8 84 95 89 60 51 41 67 74 21 17 65 22 44 47 64 79 13 82 26 85 87 38 97 72 15 70 83 92 18 16 77 94 9 73 53 91 6 46 80 19 48 69 30 75 36 49 
100 64 4 47 44 19 15 95 68 17 54 32 61 84 100 8 96 39 31 30 55 79 72 52 3 69 38 81 9 27 26 36 40 75 41 93 46 77 13 88 18 20 73 70 83 78 86 11 33 58 56 67 45 60 42 1 99 24 35 89 65 62 98 5 94 6 76 90 14 37 85 49 91 71 48 50 2 16 23 74 66 87 28 29 43 63 25 22 51 21 53 10 34 80 59 57 82 92 97 7 12 
100 70 32 84 85 24 60 38 54 44 90 48 68 57 77 4 71 63 43 14 3 59 82 15 27 58 93 17 30 16 52 83 79 87 96 28 99 22 11 46 55 88 20 42 100 12 74 75 33 2 40 69 47 34 51 31 5 61 80 1 19 7 10 9 18 53 78 81 67 95 92 50 86 49 6 66 13 62 35 56 45 8 23 91 97 98 65 29 26 41 89 76 72 94 25 64 21 39 37 36 73 
100 69 46 72 54 80 39 8 66 84 95 34 28 1 56 98 38 4 37 86 31 99 42 27 22 21 40 23 89 97 44 17 100 3 45 7 10 57 18 68 33 96 32 16 13 61 47 20 81 78 5 82 11 88 76 41 53 62 74 36 70 71 92 12 19 75 48 87 50 26 63 85 79 93 60 64 94 6 73 52 29 15 14 83 55 58 2 24 25 9 91 59 49 90 30 67 35 65 51 77 43 
100 39 11 6 30 50 72 94 49 38 91 18 13 42 100 68 56 22 24 77 40 78 61 74 25 41 16 92 19 71 59 27 98 86 69 33 47 87 45 52 81 85 15 67 4 44 51 32 60 54 90 64 66 23 28 9 76 7 58 82 89 14 12 88 55 97 5 93 70 26 3 35 84 79 57 73 1 63 75 36 17 83 95 80 2 34 31 8 10 46 20 21 53 37 96 65 62 48 29 99 43 
100 85 20 43 99 39 82 67 89 81 59 51 62 61 56 93 98 29 18 27 100 5 63 11 47 77 91 73 54 40 53 84 49 70 60 4 44 46 79 35 95 88 97 55 94 80 57 21 34 71 31 33 76 7 14 42 32 24 66 30 12 96 45 74 22 48 36 8 26 78 41 9 10 6 69 58 25 68 75 3 65 2 28 17 90 87 15 13 52 16 92 83 38 64 72 23 19 37 1 86 50 
100 17 33 62 2 46 50 66 60 14 83 61 74 9 19 15 79 35 26 20 72 65 42 30 48 64 67 52 44 6 22 31 45 5 97 92 71 38 68 32 69 76 94 3 28 82 57 87 47 56 13 18 39 89 98 86 99 75 100 81 41 63 95 96 23 27 53 91 93 24 8 34 58 36 29 40 49 51 70 21 25 85 1 10 43 80 7 90 11 16 88 84 78 4 12 37 54 59 77 55 73 
100 8 2 99 41 33 86 36 67 15 70 85 45 3 81 90 80 100 84 68 20 44 76 74 5 13 54 4 16 92 57 24 75 12 1 26 34 88 87 94 6 55 11 32 27 39 78 25 31 18 50 51 22 58 9 97 49 48 79 30 38 63 14 46 29 61 71 95 7 98 77 40 64 91 65 47 62 43 10 60 42 35 66 82 21 96 56 69 37 89 53 17 23 28 19 52 73 93 59 72 83 
100 76 88 80 24 33 68 78 81 13 60 64 65 86 97 19 37 45 59 91 84 83 42 87 48 51 54 4 56 44 2 53 10 62 99 90 35 72 1 69 93 57 40 30 32 27 17 43 96 73 22 16 94 98 70 8 67 11 18 71 47 63 77 41 85 46 20 52 7 28 39 89 34 95 21 15 61 6 79 29 100 82 66 50 14 58 38 26 9 3 49 23 12 55 36 25 74 31 5 75 92 
100 3 2 29 40 87 47 96 19 70 78 14 94 79 16 46 24 72 58 37 21 15 91 4 69 38 60 57 12 55 65 22 86 11 52 49 42 39 28 95 9 64 89 8 63 73 10 56 71 92 93 97 88 100 13 85 45 34 33 81 98 75 35 41 32 66 27 90 26 54 67 99 5 68 36 59 25 31 1 82 44 51 80 76 7 53 20 83 50 48 77 23 17 61 74 62 30 43 84 18 6 
100 51 84 82 87 21 39 22 99 67 98 28 5 100 25 7 17 46 79 20 96 86 26 1 36 48 33 65 13 47 55 75 80 10 66 78 38 3 53 16 19 45 32 37 30 70 58 14 23 24 40 74 94 92 76 64 89 35 41 88 93 77 71 69 4 95 83 6 60 56 29 44 91 97 73 50 57 27 61 42 49 9 54 68 15 72 59 34 81 52 31 85 2 12 90 11 8 62 18 63 43 
100 32 18 37 3 28 22 82 55 56 70 68 66 49 79 57 72 87 75 43 11 47 74 90 40 99 41 54 77 100 98 84 94 73 39 25 7 63 1 50 38 9 89 76 44 45 21 53 61 86 10 69 64 15 34 4 42 83 5 13 81 14 88 31 23 33 67 51 20 2 80 60 48 71 65 30 46 8 29 59 91 16 17 6 85 19 26 78 96 24 62 12 58 35 93 27 95 92 52 36 97 
100 13 55 89 65 67 15 4 94 86 12 56 29 6 81 20 73 99 22 39 11 79 23 44 60 52 40 32 35 90 46 76 92 26 49 87 62 84 42 78 28 69 88 72 27 37 96 24 31 43 10 95 14 17 74 38 93 70 47 54 80 64 18 82 50 68 25 9 3 59 2 97 85 100 1 48 51 19 98 5 75 36 30 53 83 58 61 33 34 41 71 77 7 45 57 8 63 16 66 91 21 
100 10 46 28 2 85 3 21 89 68 84 61 30 23 4 66 26 38 14 17 70 6 19 95 82 36 59 94 71 90 87 43 50 22 63 83 69 45 18 49 77 97 1 51 100 34 31 40 92 12 44 47 60 39 81 24 73 9 76 52 91 98 37 72 57 32 13 5 8 33 64 25 55 75 62 58 20 93 99 54 42 67 27 7 35 29 15 48 11 74 41 79 86 96 88 56 16 78 80 53 65 
100 6 80 83 4 92 95 81 58 32 21 5 82 84 8 19 2 7 36 59 34 37 33 50 40 64 98 3 12 11 51 55 89 68 41 93 39 78 56 42 67 69 45 73 30 97 77 24 74 61 22 35 86 38 48 65 1 71 76 96 23 49 94 14 90 20 53 60 9 13 99 88 57 70 62 66 25 87 100 72 85 27 79 29 15 47 63 91 17 52 44 28 10 54 18 75 26 43 46 31 16 
100 35 78 29 26 67 58 89 44 20 50 1 94 8 34 93 13 23 19 53 77 16 56 97 72 46 70 32 9 69 75 27 31 71 86 51 57 6 85 62 95 14 76 92 63 17 43 96 21 79 39 45 22 28 48 54 36 41 4 90 52 24 73 64 2 37 3 33 82 61 60 18 66 11 47 55 65 74 7 88 100 15 42 25 49 40 10 81 91 30 59 12 80 38 87 99 5 84 83 98 68 
100 88 60 62 94 56 59 19 50 87 93 17 72 34 69 58 76 46 77 32 64 31 23 96 40 45 79 22 39 84 73 5 71 54 30 2 16 14 86 57 78 55 92 68 80 52 70 15 11 38 25 51 36 1 29 82 28 89 20 4 6 9 48 3 26 85 53 63 42 10 13 18 8 67 97 81 47 83 74 43 7 61 33 91 24 75 90 21 44 12 35 49 66 41 98 27 37 65 100 99 95 
100 30 81 74 27 44 98 19 3 83 68 10 63 11 35 36 55 40 52 78 39 73 93 29 100 56 33 75 64 84 90 32 4 49 96 41 69 80 61 70 17 38 99 71 14 82 18 54 1 87 79 60 45 23 48 7 89 76 66 51 86 97 77 88 12 26 13 8 31 46 47 9 57 6 28 92 37 95 15 62 22 58 94 50 2 34 72 16 25 67 91 21 53 5 20 43 59 24 65 85 42 
100 45 85 30 79 39 61 2 60 88 27 92 64 26 55 29 8 77 49 70 94 65 21 89 13 50 73 48 17 81 35 3 20 100 15 7 63 12 87 72 93 78 91 57 42 28 41 33 40 67 37 44 51 32 36 14 10 23 5 90 24 19 62 6 66 52 53 69 4 58 22 34 1 97 46 74 68 99 83 11 82 80 38 95 86 56 47 59 84 76 98 9 75 25 18 54 31 71 16 96 43 
100 9 67 6 70 13 56 72 38 4 100 46 93 91 23 89 42 45 33 78 81 30 21 28 24 5 71 74 94 14 58 19 37 35 12 60 11 31 44 84 16 96 53 34 80 2 86 18 50 77 99 83 98 82 47 20 26 68 92 43 97 17 76 41 87 48 88 64 95 51 85 90 7 54 69 52 79 22 66 8 1 59 27 55 36 40 10 29 61 57 62 39 75 49 15 3 65 63 32 25 73 
100 58 2 51 72 46 42 7 1 27 40 22 87 97 86 83 69 85 37 12 53 24 89 10 93 60 99 13 25 91 88 67 95 11 16 9 23 48 59 32 39 77 47 20 3 81 14 18 50 26 82 55 56 90 79 68 17 75 38 34 84 78 45 6 64 92 49 19 4 29 65 35 62 61 8 44 76 73 57 70 100 15 43 52 63 98 94 54 80 28 74 71 41 66 30 36 33 31 5 96 21 
100 11 31 33 89 97 5 16 92 90 91 78 26 83 54 8 75 51 17 62 14 30 79 29 87 94 82 15 73 99 63 98 76 58 7 61 6 96 59 50 24 44 100 43 68 85 74 77 18 72 37 48 4 42 84 21 22 64 9 23 35 10 12 34 53 27 40 49 65 56 66 19 86 57 88 95 25 3 69 60 47 46 81 71 36 45 67 32 41 80 1 20 39 93 28 38 55 13 2 70 52 
