100
100 19 54 16 73 57 84 33 39 75 88 2 36 81 59 66 83 67 70 51 31 60 25 79 69 71 87 99 96 23 22 89 63 46 53 7 90 62 17 30 44 21 43 47 93 68 49 27 26 85 28 6 98 34 76 35 38 52 50 10 97 91 100 86 29 12 4 82 55 41 20 61 80 3 14 42 5 8 9 72 32 24 11 92 58 56 74 94 78 18 95 40 45 48 1 77 37 64 15 13 65 
100 47 30 6 16 8 78 15 91 19 67 23 36 60 74 87 100 29 79 56 2 27 63 76 69 26 39 28 88 11 48 58 42 89 65 62 77 70 18 61 7 50 55 12 32 64 51 95 72 1 22 54 35 86 45 13 71 41 84 83 21 98 5 90 49 92 9 20 34 40 75 3 4 57 99 17 73 38 85 97 24 25 33 44 93 37 31 14 80 52 82 53 66 81 94 43 10 59 68 96 46 
100 48 74 16 35 41 34 37 79 94 56 80 5 60 17 62 36 43 58 91 9 87 28 90 61 4 78 64 72 68 11 19 1 93 82 26 100 81 83 84 73 97 22 52 18 89 66 33 54 51 77 2 3 23 30 63 67 96 53 70 57 40 88 10 21 15 86 39 12 85 98 59 29 95 32 7 49 27 24 31 92 69 99 6 42 55 65 14 50 45 75 76 25 71 38 13 8 20 46 47 44 
100 95 32 86 94 91 19 24 79 75 20 49 23 71 69 81 46 6 55 50 37 90 74 96 77 54 88 27 29 47 87 30 18 31 11 16 78 15 8 2 40 61 25 34 73 51 14 38 63 21 67 100 80 57 26 48 64 41 98 89 5 10 12 42 13 33 28 60 22 85 9 39 76 3 58 59 4 7 82 92 53 44 43 17 84 62 52 83 45 93 1 97 65 68 35 56 36 99 72 70 66 
100 88 44 66 97 32 38 92 54 16 57 45 93 94 42 40 31 49 55 74 95 50 56 99 15 83 6 75 11 71 52 13 69 4 67 14 85 43 22 63 82 59 36 46 37 25 89 29 34 7 62 26 100 12 2 35 98 70 78 90 41 76 53 51 73 9 21 17 91 33 47 61 1 27 10 72 79 64 77 48 87 20 96 30 3 23 58 86 84 24 39 80 19 60 81 68 65 5 28 8 18 
100 6 52 73 97 56 46 83 16 30 38 90 80 92 10 42 47 35 37 85 95 77 66 33 48 91 51 63 57 15 65 68 69 89 7 75 11 23 70 40 93 14 27 74 25 39 84 50 13 21 41 2 45 78 22 9 19 100 71 86 59 1 31 88 17 26 62 82 18 81 53 87 24 79 99 32 98 36 94 12 4 34 64 61 49 3 20 44 76 43 67 96 60 28 29 8 72 54 58 5 55 
100 10 4 66 31 88 37 86 35 99 96 63 2 27 26 24 53 76 44 12 92 47 7 21 75 69 17 15 3 73 77 57 41 91 43 45 78 16 22 49 46 65 80 28 60 61 1 38 90 23 54 74 8 6 81 42 85 70 68 5 13 72 84 89 50 40 19 98 48 52 62 51 94 55 100 18 59 29 82 9 39 83 25 67 71 14 20 58 32 36 97 56 11 87 33 95 34 93 79 30 64 
100 69 97 83 80 2 90 30 77 71 93 9 72 86 94 18 95 1 70 48 66 60 33 74 67 19 6 21 58 89 53 34 28 10 22 50 96 32 37 75 38 76 5 42 52 7 20 46 51 62 49 40 78 26 29 11 44 88 39 35 84 43 81 17 45 68 55 23 15 79 3 65 100 16 47 73 36 61 13 64 27 92 98 99 87 82 54 4 25 91 63 85 14 8 31 56 59 12 57 41 24 
100 24 20 6 57 3 12 33 93 15 25 27 81 39 67 19 60 21 37 42 70 51 53 63 82 11 41 40 31 43 76 74 64 28 83 22 80 65 34 9 79 38 56 92 87 62 46 35 71 86 10 26 32 29 30 58 4 55 96 84 16 52 45 2 54 49 73 61 77 88 94 50 100 18 48 69 7 47 23 78 95 14 90 91 36 85 68 44 59 13 97 75 98 17 5 66 72 99 1 8 89 
100 94 46 98 71 35 75 53 95 55 68 63 99 43 2 78 64 37 91 74 62 42 88 57 18 61 26 9 87 19 76 60 20 93 79 81 4 25 7 49 96 48 66 10 72 92 22 41 34 38 5 36 73 12 23 65 40 50 58 16 77 14 90 67 69 3 45 86 11 28 21 80 44 59 32 24 8 47 70 85 97 6 17 33 29 82 52 13 30 56 27 89 83 100 51 54 84 15 1 39 31 
100 79 50 53 21 29 99 9 13 59 87 100 47 5 66 41 98 93 54 46 77 60 4 22 88 14 23 45 30 32 96 91 92 31 65 72 68 17 75 10 61 8 15 89 55 57 80 12 64 20 90 52 67 83 38 86 71 6 82 2 19 94 73 11 16 18 1 95 78 27 37 42 25 7 35 51 43 58 39 44 40 48 34 97 76 85 36 24 26 69 62 3 56 33 81 49 28 84 63 70 74 
100 6 67 53 85 24 34 81 90 59 12 38 25 15 4 74 60 78 76 94 49 83 13 66 97 93 16 18 23 46 10 43 99 77 73 36 39 86 71 56 1 63 69 2 27 32 62 48 9 82 96 19 8 28 45 58 51 95 37 68 44 50 3 21 22 42 70 26 54 17 65 40 7 57 84 92 91 79 33 87 41 88 31 98 5 100 80 14 35 72 29 47 89 52 11 75 61 20 30 55 64 
100 61 97 63 87 51 90 36 80 82 100 73 25 56 70 59 85 62 33 10 48 34 27 2 30 92 40 47 4 37 12 39 78 98 64 13 68 45 1 79 24 5 91 89 8 71 31 26 28 41 19 43 9 95 35 17 83 21 22 77 46 16 67 29 18 53 76 74 66 65 57 52 55 72 86 60 49 23 6 11 94 69 58 44 7 15 93 3 99 81 84 88 50 75 96 20 54 42 38 32 14 
100 25 66 14 19 56 100 75 91 60 16 54 64 73 59 13 9 89 51 46 26 7 93 52 6 23 50 18 85 88 17 81 77 79 78 87 69 39 8 3 40 86 61 65 82 43 29 83 32 31 95 37 20 35 70 33 2 1 21 96 36 72 71 98 15 53 44 48 12 68 5 4 28 58 57 84 67 92 74 41 80 94 34 49 47 38 90 42 55 10 30 99 97 62 63 11 22 76 24 27 45 
100 26 69 42 81 68 63 78 49 3 23 80 38 83 51 79 59 9 13 7 98 93 61 76 64 58 33 74 11 6 14 65 50 77 44 36 57 88 24 89 35 53 2 16 27 75 25 60 94 40 22 73 1 15 21 71 45 82 31 96 86 29 32 52 30 66 48 4 20 47 10 28 91 100 67 85 37 5 55 19 46 97 43 90 8 92 72 39 95 12 84 34 17 62 99 56 54 87 70 41 18 
100 99 84 21 1 41 66 79 28 9 50 97 47 91 55 96 10 6 94 93 16 36 17 58 62 52 51 86 34 71 77 43 49 22 75 44 29 26 73 80 53 85 46 42 59 81 56 88 30 3 33 82 61 4 64 38 57 100 90 67 23 68 63 60 40 18 83 35 89 27 31 69 2 78 76 11 14 13 25 74 87 54 15 98 95 45 72 20 32 8 37 7 65 5 70 92 12 39 19 48 24 
100 81 100 50 24 45 59 44 18 1 96 82 69 91 74 55 94 33 35 46 3 20 63 9 16 41 71 32 83 89 58 65 84 19 28 14 27 48 26 13 8 99 54 38 47 37 76 22 29 92 64 42 68 70 5 34 17 77 97 90 36 39 52 11 7 49 75 98 60 88 86 51 4 95 66 85 53 10 87 31 40 73 80 61 21 56 62 67 79 93 43 57 2 23 78 15 25 30 6 12 72 
100 65 58 73 83 81 50 95 10 88 36 30 34 15 99 45 16 63 14 24 41 44 33 19 56 38 59 28 78 4 49 94 79 7 100 90 26 96 22 18 1 54 67 12 3 51 97 8 72 6 70 71 92 89 82 68 47 40 11 17 25 66 9 42 2 87 57 75 27 5 64 48 21 46 60 85 91 43 35 39 55 37 69 23 52 77 80 98 53 13 61 93 84 32 20 62 86 29 31 76 74 
100 28 95 14 37 13 100 78 64 70 52 32 96 75 84 62 87 92 57 34 88 1 69 44 10 85 93 53 73 67 8 27 19 49 38 54 72 56 4 18 90 71 41 43 16 46 23 65 7 20 58 12 63 26 33 39 51 21 61 15 80 98 29 2 94 17 3 9 89 60 66 83 47 6 86 45 35 25 30 81 77 82 76 48 50 55 99 74 5 42 11 36 22 97 79 68 40 31 59 91 24 
100 62 30 4 81 2 57 64 5 51 29 66 67 94 68 36 65 21 11 39 100 91 45 23 13 16 14 80 69 28 35 71 32 75 38 37 48 25 96 34 92 1 24 87 49 33 93 41 55 43 15 59 95 52 19 70 54 40 56 88 31 6 44 42 89 9 17 97 3 22 18 90 73 47 98 76 99 85 12 86 77 53 84 27 63 83 26 58 82 78 79 74 60 20 7 61 72 8 46 10 50 
100 96 24 31 73 86 77 51 15 42 4 93 85 40 94 100 66 18 21 33 20 38 13 7 71 72 69 98 68 52 19 16 34 35 59 32 82 92 29 12 56 79 81 91 67 90 44 28 37 43 65 99 87 76 23 30 53 57 63 1 74 39 97 64 80 60 55 50 25 89 22 70 5 9 3 58 27 48 54 2 83 75 62 45 46 36 47 6 10 14 84 95 41 26 88 49 8 17 11 61 78 
100 56 82 15 70 52 4 87 17 83 53 81 68 43 73 99 65 75 25 26 37 67 85 45 58 71 96 1 35 84 98 44 63 54 11 49 91 39 40 24 7 88 69 60 77 34 18 9 36 32 93 5 80 100 76 50 22 6 55 16 2 59 57 48 78 66 31 33 23 95 92 61 28 10 79 86 64 12 74 42 14 3 27 21 89 51 72 46 20 62 30 19 29 41 47 38 94 13 90 8 97 
100 33 54 84 100 19 52 35 7 56 70 36 20 3 55 15 18 50 59 79 80 32 75 40 37 4 30 99 48 62 44 85 14 42 94 34 38 25 17 13 29 23 66 61 47 86 46 78 49 1 21 9 81 65 10 91 5 63 72 69 64 24 31 96 74 89 60 95 53 82 83 67 93 6 87 11 51 90 16 45 8 97 2 57 12 27 92 58 28 76 43 73 68 22 41 26 77 98 39 88 71 
100 13 47 75 41 55 77 21 15 18 74 53 83 6 61 40 10 54 97 76 31 88 64 33 4 91 17 68 22 82 28 9 26 94 8 72 3 2 34 42 1 32 50 85 63 100 24 37 66 39 56 44 36 11 79 73 58 71 5 60 78 65 30 51 59 49 43 19 89 93 57 35 14 38 52 80 84 98 67 48 46 99 20 96 92 62 90 25 69 87 12 95 7 81 23 86 29 16 45 27 70 
100 19 75 24 66 28 78 48 35 77 1 32 36 5 22 73 46 10 99 30 95 11 40 37 15 26 98 43 62 60 47 34 49 92 93 88 86 13 8 7 17 65 52 31 79 51 9 42 89 69 53 61 27 84 81 94 18 21 14 50 23 25 71 58 97 59 68 70 63 82 20 85 90 4 45 29 72 41 3 56 80 96 33 39 64 38 55 54 91 74 83 57 12 76 16 6 100 67 87 44 2 
100 57 42 25 65 72 41 18 67 71 53 48 92 5 97 82 46 84 87 91 99 15 39 74 13 60 75 98 83 76 54 3 37 64 26 23 31 62 12 33 90 68 6 16 100 38 63 19 17 20 45 4 73 70 10 55 58 77 32 61 8 44 22 50 96 51 59 78 69 40 29 11 66 81 1 35 93 47 21 24 2 86 34 28 36 43 79 89 30 95 94 7 85 49 9 56 88 27 52 80 14 
100 99 67 73 85 29 68 98 12 25 18 64 3 13 53 41 92 90 96 4 7 39 43 91 20 5 9 15 66 76 78 88 95 21 38 17 77 6 28 79 35 58 34 84 37 63 19 55 83 60 11 22 72 46 47 87 45 36 27 70 62 31 42 97 30 75 44 24 16 32 93 80 54 51 14 71 89 2 100 82 69 65 50 26 33 40 52 57 48 81 59 23 10 94 8 61 49 56 86 74 1 
100 6 74 40 60 70 26 3 14 89 82 95 71 47 1 67 35 28 48 69 91 25 19 62 23 97 94 92 66 21 77 86 20 73 16 78 57 30 65 84 46 85 13 96 7 29 98 36 79 93 100 49 45 12 56 90 2 42 63 22 39 31 4 81 17 18 87 41 58 61 52 24 76 88 33 44 53 43 8 75 10 32 80 54 5 50 15 9 37 83 38 59 11 51 72 34 99 68 64 27 55 
100 93 11 90 52 94 84 41 49 10 15 73 63 24 79 30 14 77 70 9 92 26 1 13 32 42 60 86 54 4 43 95 50 72 98 88 75 40 99 65 74 17 78 67 37 27 19 53 61 80 66 64 59 31 58 3 71 21 57 96 39 29 34 6 2 36 28 48 83 76 69 18 85 47 12 8 100 62 91 87 23 56 16 82 44 7 20 97 45 22 55 51 33 35 89 68 46 25 5 81 38 
100 13 71 72 92 20 22 41 85 77 30 43 10 12 49 11 51 99 1 59 8 25 90 24 15 60 54 5 26 73 9 87 27 86 7 84 78 100 63 62 32 69 68 67 58 23 4 66 75 28 6 89 31 42 35 64 16 95 65 44 36 70 74 55 98 79 81 93 38 94 2 52 88 53 3 48 46 17 33 82 47 45 50 61 18 96 56 80 57 19 14 76 39 37 97 40 21 91 29 34 83 
100 59 10 31 20 65 50 1 98 36 78 15 19 62 73 12 55 72 71 81 92 79 16 100 82 35 85 18 45 88 30 2 33 52 94 56 64 14 11 51 89 57 25 22 3 41 46 87 7 5 58 91 6 68 9 95 13 97 70 61 69 24 53 42 96 17 23 93 83 21 84 54 60 74 77 48 90 86 99 67 8 75 26 28 4 76 43 32 80 63 40 44 29 47 37 38 39 34 66 27 49 
100 78 12 33 22 45 13 97 98 79 7 4 66 41 6 74 27 99 67 25 42 91 30 40 2 3 47 82 95 85 59 87 62 54 64 94 93 34 16 35 14 68 63 52 65 75 26 51 80 92 17 15 32 38 89 31 39 1 28 36 18 88 61 11 57 9 73 100 77 49 20 96 8 23 10 37 90 21 24 19 58 55 44 76 81 70 48 53 46 71 83 84 56 86 69 29 60 43 72 5 50 
100 97 48 20 65 72 76 29 82 63 54 58 6 89 26 67 2 44 62 86 28 14 36 19 33 68 94 45 64 81 95 57 85 9 12 77 34 22 73 56 43 18 16 96 71 4 59 3 41 23 91 31 99 21 38 40 51 30 83 37 78 32 25 35 11 17 13 7 98 69 92 80 100 84 87 47 46 60 93 74 8 10 42 5 75 24 1 61 70 88 53 50 49 66 52 27 39 15 90 55 79 
100 47 77 2 62 51 28 65 13 48 50 36 86 49 39 30 67 84 83 15 6 82 99 55 52 93 71 16 17 90 89 57 23 37 29 81 92 70 69 53 61 34 9 94 1 74 35 56 27 24 66 45 42 76 64 68 72 12 95 97 73 38 31 22 14 4 58 59 78 79 98 26 7 88 41 80 60 54 3 40 96 20 46 44 11 91 19 75 100 43 5 10 32 33 25 18 21 8 63 87 85 
100 83 51 84 50 73 27 77 1 93 42 6 29 16 70 78 82 59 40 61 67 72 62 34 49 81 17 22 31 30 99 79 37 44 55 96 46 53 25 97 45 24 38 69 74 65 57 19 76 11 98 88 64 15 20 80 87 9 43 4 60 85 92 13 71 94 36 33 75 12 32 10 35 39 89 8 23 58 56 90 86 14 18 28 41 47 3 7 5 52 26 2 66 48 91 95 100 68 63 54 21 
100 60 9 82 69 98 3 57 47 52 39 67 26 59 50 95 74 77 91 28 6 90 16 38 89 84 53 62 24 18 51 96 61 22 46 75 97 48 49 63 25 14 19 2 41 13 78 87 34 4 66 65 8 83 45 35 33 70 40 55 54 68 42 73 31 12 85 58 99 1 100 92 72 43 81 21 94 10 29 56 37 32 5 36 11 20 86 23 44 93 7 71 88 15 17 80 76 30 64 27 79 
100 87 83 62 24 35 30 59 76 86 25 79 91 2 9 13 89 5 31 92 12 67 14 49 21 55 60 11 70 57 58 81 40 65 75 84 20 47 50 54 43 29 100 73 77 34 93 7 64 69 94 45 97 8 33 27 46 95 18 71 78 41 17 61 80 19 6 42 56 90 36 4 96 72 48 85 28 63 15 82 16 66 68 3 38 74 53 1 88 23 52 98 32 39 22 10 51 99 37 44 26 
100 66 77 4 63 15 78 61 51 70 30 74 81 64 46 40 10 32 22 71 87 79 33 53 16 29 75 93 86 54 60 26 83 90 11 18 17 25 14 2 62 39 35 28 20 38 1 67 5 98 6 42 48 59 23 55 45 34 94 9 49 21 50 8 91 43 57 44 82 56 47 65 100 92 3 95 24 19 12 41 72 36 80 97 99 76 27 96 89 73 85 68 88 7 31 13 69 84 37 58 52 
100 14 22 26 92 8 65 94 41 44 73 32 39 1 61 52 13 45 51 16 27 79 48 60 42 98 4 55 17 66 31 85 43 40 37 67 5 90 35 50 6 69 25 58 46 23 82 30 89 20 62 72 76 75 64 15 53 87 95 86 28 38 96 7 74 83 21 34 12 49 81 24 71 11 54 88 47 100 56 70 93 36 68 29 78 99 84 91 2 59 97 3 77 63 80 57 10 33 18 19 9 
100 67 70 19 95 51 58 82 4 64 79 92 43 32 68 89 96 73 11 38 29 13 53 77 55 26 31 6 39 9 42 99 56 100 16 52 14 37 60 97 66 34 62 93 25 81 87 24 20 46 76 45 65 27 17 33 15 2 86 12 94 90 48 49 50 63 78 88 57 47 36 3 8 98 61 41 71 30 83 23 74 80 44 10 28 21 5 91 40 54 1 75 85 69 72 22 59 35 84 7 18 
100 52 15 23 8 68 48 76 86 10 20 78 100 4 70 18 84 60 25 16 88 2 29 90 3 39 58 54 75 96 5 73 35 62 61 50 65 85 97 80 31 22 89 72 53 24 64 26 92 43 91 77 27 46 14 40 55 63 99 34 79 44 42 83 7 37 56 11 94 36 74 98 47 21 9 95 45 38 30 32 17 28 41 87 81 93 6 71 33 82 57 1 59 13 49 67 19 12 69 51 66 
100 94 52 41 27 30 73 53 92 12 70 77 63 89 81 29 46 98 26 16 18 28 85 88 64 19 80 91 56 4 7 59 34 37 74 20 72 24 99 76 6 71 87 10 17 96 54 5 62 23 15 31 9 51 90 36 86 3 8 65 93 84 75 14 69 2 79 57 21 1 95 55 22 39 40 50 44 11 32 45 61 13 78 66 25 60 33 100 35 83 67 68 48 49 82 47 58 97 43 42 38 
100 36 71 13 50 76 46 63 29 11 65 7 10 81 28 5 15 21 92 19 99 20 62 42 94 82 45 27 49 68 51 61 57 100 4 37 48 79 78 66 54 87 83 73 31 47 22 58 25 53 75 67 41 59 33 30 32 84 56 17 24 14 35 72 26 2 44 38 98 34 23 18 91 52 90 1 69 43 8 80 9 89 60 55 40 3 96 88 95 70 86 64 6 39 93 77 74 97 16 85 12 
100 97 44 60 72 92 40 83 7 51 89 59 95 99 52 36 25 86 48 61 84 9 16 98 21 53 15 70 96 22 47 2 4 35 58 93 85 17 74 49 71 87 76 45 34 20 8 3 64 42 56 1 88 68 11 94 39 28 55 73 10 41 66 43 13 57 75 78 79 26 23 63 82 37 80 67 65 5 32 14 90 62 77 38 91 33 54 81 30 69 24 18 29 31 50 46 12 19 27 100 6 
100 88 41 13 64 68 76 33 31 78 58 94 1 65 8 87 17 20 24 49 55 47 95 22 74 2 52 92 53 27 6 60 57 4 37 100 50 23 21 29 48 51 35 9 70 30 72 54 10 63 90 5 56 18 89 44 43 16 3 25 19 91 85 67 40 80 15 77 14 83 69 81 84 86 11 62 36 97 79 96 12 46 99 98 73 28 45 66 32 7 42 39 82 34 93 71 38 75 26 61 59 
100 51 34 29 63 52 25 71 92 62 27 37 32 1 38 30 66 69 28 67 90 26 53 89 82 19 73 39 15 88 40 2 59 77 48 83 3 21 41 80 84 6 72 10 78 9 64 75 43 45 61 55 22 56 12 86 95 23 17 36 68 49 16 100 76 79 91 31 7 47 11 70 33 44 65 60 58 57 97 35 14 18 96 94 98 20 54 42 5 13 24 93 74 46 4 8 81 85 99 50 87 
100 87 18 74 5 91 4 90 27 6 59 73 12 81 88 45 54 50 35 14 46 78 51 62 26 31 57 70 99 63 60 92 42 95 23 24 40 10 71 97 85 11 7 76 41 64 84 93 96 44 56 82 39 80 68 29 25 16 19 37 21 61 86 49 55 32 17 69 8 34 100 3 65 98 53 48 9 67 2 38 22 79 83 89 66 15 75 58 13 33 20 1 47 77 28 36 72 94 30 43 52 
100 19 80 43 50 32 28 47 71 86 82 26 31 23 87 24 75 93 10 68 6 27 91 45 73 40 96 9 36 18 53 22 16 44 92 37 100 90 3 95 64 11 60 14 76 25 30 51 33 21 88 67 34 70 69 57 35 39 29 74 81 4 42 98 85 41 20 2 1 46 5 78 99 8 12 49 77 56 94 48 54 63 61 84 79 83 13 15 65 55 58 38 66 62 17 59 52 7 97 89 72 
100 42 23 10 51 100 58 65 44 81 1 29 16 25 62 8 66 30 68 75 6 24 86 48 88 35 99 77 11 38 54 61 92 46 13 87 64 76 22 59 71 69 45 33 57 80 3 47 5 96 4 26 39 41 74 91 83 28 98 31 52 18 27 67 90 36 93 55 40 78 85 73 9 53 84 50 70 7 32 14 95 2 12 60 56 97 21 49 15 94 72 37 20 82 63 34 19 79 89 17 43 
100 68 72 44 66 71 51 50 84 64 87 26 100 13 14 28 35 48 63 62 29 99 34 12 52 69 70 81 1 19 78 23 18 30 95 10 65 76 90 58 5 86 54 11 22 57 79 25 83 45 82 41 37 49 74 55 33 59 98 97 67 2 31 16 9 53 24 73 47 7 43 89 17 8 56 4 40 60 61 36 6 32 80 91 85 3 75 21 94 20 15 42 93 38 46 96 77 39 92 27 88 
100 100 13 14 8 81 2 94 28 19 31 98 29 56 78 80 27 71 38 47 5 92 82 69 22 39 76 88 42 79 15 24 20 65 86 17 63 32 74 37 34 33 16 99 67 30 6 72 59 43 49 51 68 87 58 46 64 97 83 7 45 77 26 95 18 66 48 54 93 60 53 12 35 50 70 23 4 89 62 21 9 91 75 96 55 52 84 44 10 25 40 85 73 57 3 1 41 90 36 61 11 
100 14 71 72 57 40 62 26 51 13 38 66 10 2 87 50 76 92 83 94 59 89 16 37 68 99 64 27 69 35 95 81 4 45 52 70 60 9 17 61 80 42 97 41 36 19 74 11 43 48 3 24 90 25 30 33 1 84 8 23 21 73 67 96 85 91 100 15 58 78 39 55 44 47 5 86 22 63 46 56 49 12 18 54 82 6 32 75 53 34 29 79 7 88 31 28 98 77 20 93 65 
100 36 41 86 91 24 62 25 15 77 8 92 30 61 47 1 63 14 23 98 46 78 90 71 21 99 28 75 39 84 49 67 43 53 22 10 65 18 59 11 13 87 96 33 55 2 34 45 31 76 72 32 88 95 64 12 85 68 51 20 66 73 89 9 80 17 29 19 100 6 74 56 69 50 35 82 93 38 70 83 54 48 44 7 97 40 37 79 27 3 26 52 58 94 4 16 60 57 5 81 42 
100 41 68 78 8 77 83 46 33 52 80 20 70 51 39 50 75 73 54 26 49 57 38 12 40 15 16 32 4 62 66 94 10 82 74 42 22 17 76 71 25 58 88 56 81 87 30 84 44 79 24 93 90 7 21 2 63 60 47 28 19 18 43 9 5 65 64 97 61 29 69 72 67 13 53 59 91 35 6 3 55 31 85 89 36 1 27 98 14 23 37 34 45 86 100 96 99 92 11 48 95 
100 62 33 91 2 11 87 77 24 37 34 30 45 26 40 79 84 96 25 32 38 97 53 65 86 80 75 29 71 63 23 4 41 92 14 5 89 73 64 19 93 13 22 58 36 15 10 52 43 88 28 99 18 20 46 68 6 66 78 98 42 94 12 9 81 67 95 76 85 70 39 56 83 27 44 74 54 72 16 51 48 49 17 59 47 100 8 69 21 90 7 61 35 31 82 55 3 57 50 1 60 
100 47 25 40 63 75 4 14 58 71 10 16 53 55 93 45 23 28 30 99 37 3 97 81 83 72 84 85 19 87 60 38 76 18 61 66 5 65 77 43 17 31 26 89 13 29 82 54 92 11 52 20 7 100 44 41 70 50 62 98 59 34 86 33 69 96 79 67 88 8 73 12 21 39 74 46 91 57 22 35 80 68 2 32 36 9 90 27 95 64 56 15 78 94 42 51 6 49 24 48 1 
100 38 81 59 76 64 34 28 83 6 60 21 2 53 52 20 12 13 90 43 100 7 58 3 42 31 92 87 17 45 26 80 4 74 14 96 77 44 65 94 41 61 36 15 62 99 11 51 22 98 95 57 68 54 55 79 88 16 18 19 78 47 86 27 75 89 23 50 29 70 9 93 8 56 84 63 32 24 46 69 35 71 66 67 82 91 39 85 48 1 25 49 40 73 30 37 10 72 5 33 97 
100 79 45 25 26 70 72 17 96 81 29 2 85 100 7 36 63 77 16 78 22 46 98 87 99 97 55 88 53 18 33 69 20 91 40 1 21 84 74 37 12 8 66 57 19 60 82 35 73 58 3 42 11 93 39 10 92 86 32 67 76 65 56 64 61 52 47 80 6 23 24 9 41 89 43 34 4 51 62 30 28 49 15 94 83 5 75 95 48 13 68 38 59 50 71 27 31 54 14 90 44 
100 17 61 88 55 98 51 86 4 54 87 82 71 40 29 50 2 72 100 37 42 15 23 49 65 58 93 5 97 30 46 33 39 70 75 26 47 67 32 9 53 64 16 66 78 27 95 74 85 36 13 96 62 59 38 52 25 91 24 10 11 60 79 14 76 35 68 6 92 22 63 57 77 81 28 1 18 69 43 48 99 80 45 73 7 12 31 3 8 21 94 44 20 90 83 84 89 56 19 34 41 
100 60 79 15 13 25 37 84 68 74 2 9 94 63 54 41 50 4 23 29 97 58 90 21 100 61 6 16 46 33 35 62 72 34 96 98 88 36 70 57 81 11 82 32 95 69 12 75 39 8 44 18 71 3 22 53 92 67 42 7 85 77 56 87 73 66 64 86 49 93 45 99 83 55 52 47 38 17 14 59 76 80 78 19 40 31 65 26 89 91 1 24 43 10 48 5 28 27 20 30 51 
100 2 59 64 4 7 54 14 19 89 15 16 21 24 74 66 86 29 42 93 30 50 91 58 17 6 67 94 76 88 11 45 23 63 36 39 72 5 82 49 33 97 70 12 95 37 38 83 8 47 100 71 1 25 69 75 28 52 78 57 92 80 51 34 27 68 60 56 62 46 40 44 26 98 53 20 55 48 81 3 35 79 22 9 73 10 99 84 41 77 96 13 87 85 65 43 90 18 61 32 31 
100 1 14 41 62 32 54 20 85 46 3 58 79 31 92 11 24 29 17 2 95 57 36 38 16 98 76 71 23 65 87 82 13 68 60 7 37 43 77 34 66 49 81 86 39 83 61 35 5 84 50 90 89 22 56 6 78 96 8 15 12 75 69 27 10 99 88 47 33 73 30 63 19 44 100 40 25 53 4 28 55 72 51 97 93 45 18 48 80 26 9 59 74 67 91 70 52 21 64 94 42 
100 44 89 68 74 27 88 30 21 77 83 64 6 47 41 86 5 19 59 3 11 24 9 73 85 72 95 54 12 78 65 58 25 8 17 99 49 37 4 48 23 26 46 81 60 29 20 45 10 7 2 16 34 15 50 66 35 55 1 56 87 70 36 39 51 61 31 38 28 32 40 43 57 76 63 18 97 75 14 52 53 96 93 22 82 80 69 90 94 92 33 98 91 71 79 13 62 67 84 100 42 
100 100 18 52 40 70 74 34 93 15 14 25 71 97 78 20 4 38 50 8 44 3 24 77 91 30 90 32 83 5 9 88 95 54 85 82 89 62 98 53 63 68 64 99 27 81 29 23 51 17 72 19 69 94 87 31 67 2 22 46 92 47 13 96 61 58 10 11 43 35 86 12 48 41 57 49 36 84 79 60 55 42 66 28 45 39 75 80 7 33 37 6 59 21 76 1 16 73 65 56 26 
100 43 78 71 24 45 8 81 69 59 36 22 49 5 67 13 74 61 87 50 10 54 38 6 95 57 97 12 53 35 56 48 92 9 66 89 40 72 3 84 2 93 99 65 33 68 17 51 90 79 16 21 91 55 86 31 28 34 27 63 70 98 41 83 19 26 77 14 96 20 76 23 11 73 64 62 18 88 85 44 7 32 30 37 82 80 39 46 15 58 75 25 42 4 1 52 29 94 60 47 100 
100 97 78 5 9 40 8 10 58 89 16 99 73 37 83 50 36 38 68 35 12 45 19 63 92 80 98 72 4 61 76 79 43 21 96 64 3 53 39 20 6 71 41 15 18 100 55 95 14 84 91 42 52 66 47 32 11 93 13 77 74 60 85 31 57 24 65 23 22 49 27 29 7 46 30 81 88 70 67 56 75 48 90 94 51 28 82 33 25 2 34 17 62 54 26 44 69 1 59 86 87 
100 84 64 99 15 39 77 72 17 71 12 92 55 91 90 86 73 48 30 97 76 26 2 7 47 14 28 96 44 18 74 88 56 35 23 40 5 93 89 51 10 42 45 21 69 33 81 60 94 59 29 6 87 4 83 53 8 1 13 65 68 80 16 85 100 46 57 19 95 34 38 27 67 78 75 37 43 98 82 36 63 50 24 52 11 20 9 25 66 61 32 31 49 62 58 22 54 41 79 70 3 
100 71 78 76 99 37 31 18 54 81 47 5 51 8 53 45 50 22 80 65 43 59 36 25 24 88 100 64 73 28 21 15 16 23 93 3 33 87 39 26 12 19 97 75 85 38 91 20 30 67 63 96 90 98 42 57 95 86 79 40 46 7 2 62 6 69 49 10 92 29 72 66 34 61 35 4 56 58 44 74 9 60 52 48 1 83 32 70 11 27 84 82 77 13 14 55 17 41 89 94 68 
100 10 6 83 92 35 15 46 89 73 90 51 82 13 4 27 39 81 99 2 5 29 8 23 37 63 96 52 69 64 59 26 66 55 75 17 21 67 30 25 36 50 3 32 43 12 40 86 9 60 18 94 14 85 45 87 54 56 41 16 33 70 24 79 11 19 20 34 57 77 42 88 38 97 71 62 7 68 100 53 78 61 76 72 31 74 28 1 44 48 58 49 93 95 84 80 22 98 91 47 65 
100 54 80 49 99 84 46 1 91 81 34 69 94 61 51 14 26 53 87 90 13 37 7 6 60 20 78 47 33 64 16 17 88 93 65 70 40 22 96 45 71 43 30 42 52 89 100 79 18 25 57 48 86 98 68 39 75 44 92 36 8 41 58 27 2 76 35 12 73 66 11 50 29 77 95 4 59 83 5 28 23 55 38 31 63 97 19 82 62 56 21 10 3 32 24 72 15 9 67 74 85 
100 7 99 24 2 42 32 39 48 82 54 22 50 88 49 76 81 68 27 21 75 52 94 72 46 71 8 6 87 100 13 57 14 77 63 26 90 20 23 89 1 67 66 65 45 36 44 18 62 33 78 30 31 58 55 60 29 70 97 5 25 10 61 19 51 95 28 9 11 80 74 12 79 69 16 92 3 85 84 73 64 98 47 96 43 59 37 4 15 83 56 38 93 53 40 86 34 17 91 41 35 
100 71 10 80 14 52 77 54 12 68 23 43 29 99 41 88 13 27 96 72 59 57 40 42 25 70 39 58 22 75 20 11 4 19 31 94 97 15 37 78 62 49 44 83 64 26 33 50 82 98 36 87 56 21 69 17 8 6 90 92 95 46 89 5 67 2 93 55 100 85 7 73 61 47 76 38 28 81 32 16 1 34 79 30 66 45 3 63 60 9 51 24 18 35 53 65 86 91 74 84 48 
100 57 58 90 43 14 51 84 64 21 17 99 100 69 16 66 37 42 71 96 8 67 61 3 18 82 27 13 30 41 72 91 48 29 9 56 74 49 53 20 1 23 2 40 89 65 73 95 6 80 15 86 92 60 94 52 68 93 33 11 31 63 45 98 36 35 83 85 79 5 10 46 70 24 26 22 76 4 25 50 7 59 47 19 54 78 28 62 44 88 55 32 77 38 34 97 81 75 39 12 87 
100 14 89 87 63 33 48 56 53 86 93 22 58 41 21 70 28 47 45 90 74 66 31 2 42 79 99 49 50 32 16 75 91 27 24 19 81 10 96 98 7 35 69 43 51 44 88 18 55 97 52 72 71 64 77 25 78 95 57 3 65 73 40 9 85 67 20 100 68 23 4 94 62 36 54 38 8 34 82 46 39 26 15 92 12 11 84 80 59 76 83 61 5 37 13 17 29 30 1 60 6 
100 94 19 41 75 87 8 53 96 95 2 58 13 22 49 31 56 20 50 48 28 77 15 68 66 64 47 21 78 39 61 82 44 63 91 52 9 40 83 38 76 45 12 100 1 7 65 16 33 35 23 74 67 88 34 80 4 11 71 27 72 97 32 55 73 37 42 99 59 62 46 89 92 57 3 26 86 85 17 30 84 60 93 24 70 79 18 14 81 69 54 90 25 10 43 5 36 98 29 6 51 
100 10 33 5 38 39 58 78 98 59 22 87 14 61 20 41 57 91 54 2 70 53 75 35 60 9 67 89 6 30 28 80 84 100 16 69 11 90 49 63 47 31 68 40 71 24 88 37 92 26 62 45 82 74 50 13 65 29 55 79 85 94 8 95 4 99 44 56 66 36 52 43 46 42 3 21 48 83 17 97 76 25 72 7 77 64 23 18 81 96 1 51 27 32 86 93 34 12 19 15 73 
100 24 29 95 41 25 86 79 14 30 53 75 49 64 13 45 10 15 12 74 88 99 97 11 46 4 63 16 6 37 94 58 43 7 73 87 89 62 38 84 81 31 71 3 48 9 1 52 92 42 98 66 36 20 57 5 96 23 60 22 85 76 70 44 21 51 40 80 19 83 65 56 100 32 26 61 54 47 82 18 77 17 59 72 78 55 67 34 33 35 39 8 93 68 91 28 2 50 90 27 69 
100 38 62 84 51 43 55 70 58 95 77 2 19 59 76 8 17 67 68 93 53 40 22 14 12 6 34 86 44 35 27 3 41 39 46 11 99 45 30 60 89 54 15 47 23 31 100 75 29 49 72 28 69 71 73 92 82 50 36 4 96 13 25 21 20 18 64 98 80 87 5 90 26 56 1 79 81 78 85 48 61 57 63 37 66 9 7 88 91 16 10 33 94 42 65 74 52 97 32 83 24 
100 66 99 17 24 71 42 81 51 44 48 74 43 13 70 64 85 47 6 89 88 28 22 69 23 9 41 32 38 79 87 68 16 78 53 35 65 15 37 95 36 56 12 46 11 59 82 21 63 57 90 93 91 55 14 96 25 10 50 62 80 7 100 73 76 49 54 2 3 31 33 75 29 60 20 52 83 40 5 45 18 97 19 77 27 67 39 58 92 72 84 4 61 94 8 1 30 26 86 34 98 
100 3 8 67 1 10 42 85 18 21 89 35 59 16 5 23 84 68 83 27 93 70 82 43 78 80 52 30 54 45 7 55 13 47 92 20 61 76 44 87 63 49 79 77 98 51 91 11 6 71 25 31 40 4 64 72 58 66 17 56 81 14 94 22 86 74 96 69 100 34 95 15 41 97 57 33 24 19 36 37 29 75 2 12 46 62 73 90 28 48 99 88 50 53 38 9 60 26 39 65 32 
100 37 26 34 81 3 73 74 13 52 10 98 22 12 86 7 45 71 23 63 83 55 58 6 39 41 31 80 42 69 25 28 82 100 4 24 36 51 30 88 21 43 44 79 70 91 60 20 1 48 65 54 56 59 76 75 49 87 8 72 57 11 62 93 27 29 89 2 15 66 96 38 90 85 32 53 92 61 19 5 95 84 33 16 94 40 17 47 35 97 18 99 68 77 78 50 14 64 46 9 67 
100 52 23 18 45 93 34 36 4 61 81 8 7 26 95 100 53 47 55 87 33 2 37 16 24 21 6 84 31 98 56 96 29 54 50 10 57 92 99 17 38 86 14 80 66 44 79 12 58 20 19 41 22 90 62 13 32 11 43 94 60 30 51 39 65 15 72 3 76 73 5 88 78 89 9 85 28 83 59 64 82 68 42 25 40 27 49 77 48 71 46 91 67 75 74 97 63 35 69 70 1 
100 2 5 93 4 88 71 8 27 92 40 9 79 69 99 16 63 61 90 37 67 57 65 85 48 20 52 31 47 26 45 51 80 49 6 15 24 82 42 54 43 25 97 68 38 41 19 12 60 76 77 30 73 10 23 13 59 34 46 29 87 84 70 18 11 7 33 95 50 35 21 94 44 74 64 56 36 81 58 96 39 53 89 1 91 100 62 3 32 98 78 66 22 86 28 14 17 75 72 55 83 
100 5 11 75 12 76 86 10 3 25 78 37 100 46 82 2 98 50 96 68 15 56 19 57 93 32 69 33 41 87 52 48 83 16 72 26 24 95 9 58 4 38 60 45 84 81 89 91 21 73 59 40 34 39 99 51 1 23 85 65 94 49 74 70 20 92 54 55 64 61 71 44 97 79 8 53 18 31 63 27 66 28 42 29 36 35 43 80 6 30 22 88 14 67 7 90 17 77 47 62 13 
100 44 87 28 90 4 36 42 30 72 16 17 98 73 12 6 97 11 69 19 31 49 24 54 32 20 34 62 95 68 13 5 77 96 50 25 7 83 89 70 3 27 46 52 9 67 82 58 80 45 84 26 93 63 99 71 60 64 57 39 21 43 8 78 2 35 56 59 40 15 61 81 33 76 91 65 66 100 41 75 79 22 38 14 86 74 92 85 53 51 88 10 47 23 18 48 29 55 37 1 94 
100 32 51 61 8 60 42 47 93 65 20 44 54 27 52 64 79 45 17 7 34 71 82 21 58 96 18 37 81 30 84 38 97 56 28 43 88 48 90 26 6 67 16 99 13 9 50 31 40 94 49 66 85 78 62 23 10 76 24 63 14 73 4 75 29 39 46 2 3 91 72 89 70 57 35 74 86 5 69 12 15 36 77 68 41 25 1 59 11 80 83 100 55 87 92 19 33 95 53 22 98 
100 86 6 48 44 68 60 96 84 10 76 66 89 92 63 55 58 46 75 91 13 73 4 24 29 33 53 94 41 8 83 97 30 19 32 15 56 64 52 26 43 40 34 38 28 50 98 70 14 62 72 77 37 7 88 87 42 61 80 74 49 17 25 9 36 21 11 71 39 1 27 79 57 31 93 45 18 85 22 2 16 90 81 51 47 82 23 78 65 99 5 20 3 95 35 59 100 69 54 67 12 
100 96 1 63 79 82 59 8 15 69 30 99 51 86 28 64 31 85 91 27 38 62 83 89 20 24 25 97 32 81 43 56 95 60 36 58 67 26 57 90 12 47 11 46 94 75 42 9 78 21 33 3 50 19 16 87 7 98 45 100 39 18 22 17 73 54 23 29 77 10 37 49 74 52 55 92 44 48 4 68 35 40 6 41 14 65 71 70 53 13 76 72 5 84 93 61 34 2 80 66 88 
100 27 44 2 39 29 25 66 67 80 52 86 5 45 89 33 83 24 19 96 42 63 10 48 58 37 73 1 3 74 99 18 11 28 49 6 75 100 14 81 20 36 4 26 97 55 69 56 90 77 82 68 92 16 53 13 34 72 15 7 50 9 88 22 32 31 84 41 21 8 78 51 38 71 61 35 30 95 64 79 40 85 65 47 46 57 43 94 23 54 60 62 87 76 17 70 93 59 98 91 12 
100 26 61 36 84 78 32 73 17 44 57 59 52 90 60 80 7 33 8 5 97 62 41 65 46 71 82 24 68 70 42 69 56 88 49 34 98 6 92 93 2 4 20 1 64 19 11 72 25 75 35 66 16 48 23 12 29 89 77 3 87 94 9 27 39 40 53 83 37 79 58 95 76 50 22 99 63 54 43 55 67 45 51 21 86 10 74 38 14 13 81 18 100 28 85 96 91 30 15 31 47 
100 42 30 37 84 50 3 76 41 29 65 49 43 53 25 8 54 14 99 1 35 32 89 87 31 20 39 23 63 51 26 68 78 33 46 9 27 69 96 97 40 52 6 38 17 92 59 44 5 70 75 34 72 100 62 10 56 79 58 61 47 67 12 55 86 4 45 19 66 95 22 82 64 13 90 94 98 57 21 83 18 11 93 60 24 88 15 73 85 71 91 74 48 28 77 16 2 80 81 36 7 
100 88 99 22 17 2 53 51 58 7 38 40 15 76 23 46 48 8 77 75 44 61 68 81 45 97 62 16 71 70 64 36 98 14 82 79 65 92 29 6 54 83 34 63 66 18 42 47 60 80 26 3 20 57 59 32 85 9 69 30 28 27 72 94 55 100 4 13 21 95 73 93 24 43 12 84 35 96 37 50 52 86 11 91 33 25 41 5 78 90 89 56 87 31 39 67 49 10 1 19 74 
100 19 78 10 76 74 59 42 26 32 23 97 43 30 72 71 93 8 54 14 37 100 77 87 16 39 57 5 48 92 47 38 25 70 66 64 45 31 17 79 6 21 7 88 33 60 56 62 82 69 83 13 98 63 50 2 80 36 81 28 46 24 4 95 53 52 65 84 29 22 12 11 49 75 73 90 41 15 35 40 44 67 27 58 34 94 61 20 91 68 1 86 96 9 3 51 89 99 85 55 18 
100 47 32 26 28 61 25 84 10 15 21 46 99 31 57 71 20 41 9 91 13 1 17 5 79 72 62 51 34 53 29 55 77 98 38 75 83 59 97 74 14 85 78 52 90 66 40 54 2 67 82 36 23 49 88 12 7 30 73 86 89 39 92 64 63 4 42 37 22 69 18 6 8 76 93 60 81 100 44 95 16 33 68 35 48 45 11 94 58 27 3 43 50 19 70 24 56 87 96 80 65 
100 73 99 49 71 8 7 75 20 26 47 10 90 15 2 81 92 27 33 39 54 38 32 51 40 72 4 62 44 11 35 6 50 43 63 37 68 1 53 87 77 61 58 48 83 23 31 79 24 14 60 98 82 17 16 29 41 55 21 69 18 19 25 28 13 5 22 100 64 65 86 78 57 52 85 88 66 74 97 45 76 80 34 46 91 56 84 95 70 3 94 89 9 30 93 42 67 12 96 59 36 
100 30 34 79 99 5 37 28 48 9 74 77 64 52 40 45 59 33 69 89 29 11 57 91 4 18 58 67 93 84 23 41 90 86 31 17 27 73 68 70 53 61 72 13 14 100 78 7 46 8 81 38 85 56 63 21 6 49 50 20 24 12 42 3 2 94 39 82 75 97 43 96 22 25 71 47 76 88 10 35 83 1 62 36 15 92 95 32 19 98 60 26 55 65 44 66 54 16 87 51 80 
100 73 31 18 54 42 85 74 90 56 15 45 89 68 7 92 50 88 17 91 72 86 9 12 24 28 63 11 94 70 39 48 20 60 38 59 3 57 84 19 37 95 2 44 99 30 53 82 41 77 67 96 79 66 64 76 32 14 5 43 4 69 98 10 35 21 34 81 61 62 1 80 100 87 47 36 27 58 29 46 52 97 33 25 93 23 55 65 51 71 13 8 75 22 16 83 78 49 6 40 26 
100 21 87 30 83 56 46 57 91 33 64 62 55 85 34 28 12 84 100 67 47 26 49 44 80 99 48 29 3 10 36 90 50 1 81 2 75 51 63 24 5 96 65 77 41 18 32 78 23 66 72 79 58 52 60 13 45 74 20 69 37 73 38 68 82 25 11 27 54 95 89 61 92 35 53 43 98 6 70 16 14 19 59 71 93 40 94 17 86 22 76 88 15 7 31 39 9 8 4 97 42 
100 62 100 96 78 45 76 94 25 47 1 66 2 6 34 4 83 61 16 55 82 60 12 3 37 63 33 38 67 21 11 39 43 44 97 75 29 48 90 5 46 98 91 41 64 32 79 65 80 18 68 9 86 13 89 59 56 99 50 14 36 42 81 28 85 92 95 15 77 53 73 87 51 71 88 57 70 23 40 30 31 27 49 19 93 58 35 7 74 20 26 84 22 8 24 10 54 52 69 72 17 
100 30 65 51 99 25 72 75 73 58 4 80 13 12 93 62 31 71 1 9 10 85 86 7 35 38 37 28 79 2 15 76 91 18 69 17 84 50 42 67 92 90 82 3 64 11 44 96 47 61 57 21 36 81 98 53 14 5 46 40 68 88 94 78 97 29 63 87 20 95 66 24 6 8 100 34 45 74 33 77 59 49 89 32 27 23 41 52 19 39 56 55 54 43 70 48 26 22 60 83 16 
100 1 91 21 61 10 51 16 59 93 76 54 17 23 68 85 35 5 42 75 33 22 19 3 41 66 40 88 28 97 18 4 47 95 52 37 32 63 13 12 84 36 34 92 14 53 46 83 44 100 25 65 79 45 96 50 11 24 38 2 31 72 73 86 49 90 7 56 55 94 78 89 57 74 69 82 58 67 87 99 77 20 71 15 62 80 64 81 6 27 70 39 98 60 29 48 9 43 30 26 8 
100 97 12 14 85 22 82 49 5 18 55 99 77 13 66 84 8 88 35 83 78 62 95 31 6 29 54 86 48 96 89 26 1 11 80 17 4 65 32 75 56 74 15 63 34 16 30 69 72 23 42 3 76 20 21 93 64 90 43 38 36 45 50 73 47 46 71 19 58 41 40 61 2 10 44 68 37 87 7 100 51 27 24 98 81 60 79 67 94 92 33 39 28 70 91 9 57 25 53 52 59 
100 31 58 27 68 4 76 78 46 83 44 61 77 75 43 26 70 93 18 24 20 37 67 51 39 74 30 5 62 19 91 50 98 6 88 8 48 99 29 81 38 53 55 71 7 65 63 66 52 60 54 94 97 85 28 35 72 90 82 15 42 45 32 21 10 9 25 12 36 16 84 73 23 89 22 100 11 79 86 49 14 3 33 64 34 17 47 57 69 56 80 95 2 87 40 13 96 92 59 1 41 
100 59 11 4 73 2 72 82 15 86 10 84 99 74 60 54 48 44 98 26 56 75 23 66 8 1 6 20 32 85 34 43 14 92 33 31 25 95 12 30 88 38 53 57 17 94 58 93 47 83 35 36 37 27 28 19 39 96 91 77 71 29 90 79 21 55 76 100 81 18 62 64 80 51 16 50 5 63 24 46 41 65 87 89 22 67 3 13 45 42 49 7 9 70 52 97 68 40 61 78 69 
100 7 58 40 27 11 88 34 89 3 96 20 63 87 8 92 56 64 53 42 22 13 84 54 41 55 37 38 75 77 33 69 90 67 71 32 47 68 35 16 44 86 6 65 46 31 15 5 4 51 82 18 98 1 80 95 29 73 30 94 43 52 45 2 57 49 97 61 12 83 72 9 28 50 23 91 21 100 66 10 25 85 99 70 76 93 62 74 60 26 48 36 79 59 39 78 24 19 14 17 81 
100 78 49 82 1 36 58 32 13 97 12 98 23 44 94 61 54 50 96 74 93 92 38 26 72 33 66 43 60 21 20 22 17 75 30 90 57 8 48 18 62 34 16 84 51 6 56 70 28 19 67 2 91 100 24 86 65 80 73 27 76 71 7 35 37 64 95 87 77 25 40 81 5 83 89 4 52 53 3 11 55 10 9 88 45 69 59 46 47 29 15 79 99 63 42 39 31 85 68 41 14 
100 11 70 7 48 32 46 42 31 55 77 4 96 51 17 5 75 92 86 52 54 29 44 20 19 40 80 13 28 49 23 59 65 79 43 67 58 39 12 93 41 91 18 45 56 27 35 81 69 33 60 24 50 16 71 94 90 100 57 62 21 34 30 37 26 22 99 47 74 15 3 2 73 66 36 82 72 64 38 25 97 85 89 87 8 84 9 63 14 88 53 61 76 83 1 98 95 10 68 6 78 
100 40 8 50 23 10 11 88 71 17 75 56 12 55 33 64 43 51 63 5 85 13 16 47 89 73 37 92 65 32 70 91 14 20 98 54 2 66 72 49 34 35 99 69 3 59 77 87 76 62 15 27 46 96 67 83 78 30 39 97 48 6 61 81 25 38 84 24 93 53 86 68 60 9 36 45 58 79 52 21 44 28 18 29 94 4 7 100 26 31 42 95 19 90 41 74 57 22 82 80 1 
100 63 95 74 26 24 83 32 5 50 84 57 51 92 13 19 9 71 42 54 25 12 38 16 44 89 49 72 40 82 68 46 59 1 3 53 99 93 91 60 48 55 77 75 62 56 4 81 85 17 15 39 67 94 35 97 65 27 10 21 86 73 43 36 18 23 69 29 78 2 96 37 14 28 22 76 11 80 87 34 33 88 8 64 61 66 58 41 79 6 47 98 100 45 31 30 52 7 70 20 90 
100 92 44 52 1 15 62 86 81 61 35 21 67 22 91 75 37 38 48 58 25 85 56 99 24 11 49 65 82 9 36 89 32 31 28 29 96 71 42 78 27 47 70 84 74 59 2 33 94 77 73 17 13 90 7 95 41 60 87 5 18 23 12 69 14 8 30 79 53 64 98 68 4 55 97 76 6 26 16 43 54 50 63 57 39 83 80 20 72 93 88 66 46 40 45 19 10 51 34 3 100 
100 5 39 59 100 80 94 71 53 97 12 33 2 72 86 74 87 82 13 88 77 6 67 37 17 3 31 42 8 55 85 76 14 48 34 25 63 95 20 91 62 1 24 60 96 81 73 68 43 10 9 56 28 36 70 4 21 52 49 78 50 79 99 7 41 44 16 65 75 61 92 35 64 26 84 40 15 32 11 57 18 29 93 83 23 46 66 27 58 89 54 98 90 69 45 19 30 47 51 38 22 
100 54 97 73 71 31 17 95 75 86 10 89 78 8 69 65 58 9 56 92 84 61 68 93 6 13 23 53 40 46 59 37 36 19 98 80 33 24 55 100 44 34 64 96 47 88 20 18 91 15 1 29 11 62 22 28 12 87 39 66 2 49 82 43 77 50 27 3 42 35 94 74 67 79 72 16 14 83 76 60 21 38 48 25 70 85 26 99 51 45 52 4 57 63 7 32 81 5 90 41 30 
100 74 11 95 31 23 71 9 69 66 12 81 47 61 18 99 14 5 76 35 96 21 84 45 82 91 43 97 60 58 8 70 52 39 10 16 63 73 46 56 22 98 100 38 55 41 67 42 27 7 92 77 78 79 86 3 24 34 80 53 54 37 68 4 93 20 72 25 83 49 19 64 94 15 48 36 65 30 59 26 51 75 13 57 2 40 28 33 85 32 87 90 17 62 1 88 6 44 89 50 29 
100 36 31 68 52 23 65 100 18 49 56 40 75 54 13 4 79 59 10 96 39 45 38 66 85 53 64 55 57 81 20 70 42 74 95 73 7 35 2 78 28 3 62 26 21 89 91 8 22 88 51 41 12 69 14 17 24 83 61 37 67 1 58 87 46 84 90 6 71 77 80 94 76 15 16 72 30 34 11 97 44 9 47 32 33 43 19 25 98 63 93 5 27 60 86 92 48 50 99 82 29 
100 59 35 38 14 6 92 98 21 10 60 12 13 3 78 57 75 49 36 45 94 27 33 76 22 81 41 30 65 24 95 90 4 40 23 74 86 39 88 48 87 42 73 83 69 84 8 77 62 89 18 53 67 80 68 17 16 100 1 91 93 28 63 37 56 31 5 79 66 64 7 25 54 32 52 55 97 11 44 2 34 70 99 61 96 15 19 58 85 72 26 50 29 9 47 46 20 43 51 71 82 
100 46 65 44 10 64 42 87 58 7 82 60 76 5 68 19 62 24 100 84 31 9 49 85 1 71 61 33 54 37 88 21 91 47 28 35 96 50 69 45 29 78 25 43 48 6 30 22 27 63 3 15 73 97 2 56 20 40 81 53 26 16 98 66 92 14 72 39 95 4 57 38 83 11 67 70 74 17 55 13 8 86 18 80 32 79 34 59 52 75 93 12 41 99 51 90 94 77 36 23 89 
100 78 10 25 16 24 33 28 49 7 34 57 19 39 100 31 58 27 70 60 20 77 63 79 54 45 92 46 23 5 3 17 30 36 76 43 21 1 38 26 71 42 61 98 93 80 14 67 12 59 97 99 68 4 64 13 91 9 22 56 52 96 50 35 11 6 51 82 53 95 87 65 48 2 73 69 74 88 90 55 86 41 94 84 32 72 83 40 18 47 37 75 44 81 8 66 89 15 62 85 29 
100 61 70 51 21 67 13 6 43 35 98 57 14 24 64 7 36 45 26 38 27 100 53 97 89 25 66 42 40 2 37 58 23 11 47 18 33 91 46 41 77 55 82 73 63 65 74 8 1 56 93 28 49 52 17 30 86 44 29 95 20 48 90 15 31 59 80 10 54 68 96 9 88 5 22 4 99 69 76 32 94 84 50 92 34 83 81 78 87 19 75 60 3 62 79 85 39 16 12 71 72 
100 98 54 2 63 86 18 7 41 59 60 68 96 32 31 35 81 50 24 14 83 71 99 19 65 39 45 53 8 42 92 73 84 93 75 16 85 27 78 87 20 69 52 25 30 79 4 44 58 11 10 94 90 22 12 49 77 82 37 28 6 61 97 80 91 34 17 76 5 26 74 13 21 1 47 56 88 66 9 67 57 29 48 100 55 70 51 43 46 15 62 64 3 95 36 72 33 38 23 89 40 
100 70 69 57 3 32 67 20 2 63 59 25 58 28 82 47 61 30 99 48 83 85 68 35 29 14 71 64 87 92 21 66 74 78 91 81 98 86 77 5 94 11 13 96 24 31 95 22 84 73 36 79 19 44 46 23 89 1 15 39 90 88 33 56 16 43 76 40 10 52 53 80 26 34 7 17 51 97 93 12 55 62 18 37 38 41 50 49 8 72 100 65 6 45 27 9 4 75 60 42 54 
100 55 47 77 38 81 86 88 23 99 40 100 43 94 16 18 29 13 72 96 61 56 15 68 71 4 41 78 22 44 7 89 33 24 10 59 45 46 35 11 67 1 92 3 87 53 39 19 26 31 66 95 83 5 69 49 51 75 98 8 74 90 32 20 93 76 73 42 9 79 91 63 2 17 25 65 6 12 57 52 82 28 85 21 60 54 70 14 62 30 34 64 58 50 48 36 84 37 80 27 97 
100 9 85 75 61 57 60 72 83 16 26 2 15 62 56 50 18 70 46 64 49 81 88 73 48 54 21 25 10 59 39 94 31 93 84 28 11 86 53 44 24 96 82 4 97 74 35 36 90 100 47 37 20 87 13 98 68 38 58 17 29 92 32 43 63 52 78 91 19 77 89 71 55 3 41 23 7 14 42 76 34 80 33 69 65 30 1 66 95 67 51 6 5 27 40 8 12 79 99 22 45 
100 23 92 33 68 45 69 13 59 56 50 35 49 73 61 75 94 34 47 82 99 27 60 31 72 83 17 90 70 37 71 3 93 100 20 81 4 19 48 51 78 67 16 46 65 80 6 32 85 24 84 12 38 66 43 44 86 96 40 87 41 55 36 53 95 88 62 97 76 11 42 28 54 63 14 10 58 57 1 98 22 8 2 52 39 91 7 64 25 89 5 26 77 79 21 15 29 18 74 30 9 
100 67 90 53 65 10 32 36 22 96 99 40 66 72 61 48 45 95 73 76 43 31 16 9 13 97 11 19 62 75 23 82 8 64 24 29 50 93 74 92 21 58 98 2 69 28 18 7 77 5 86 68 17 44 35 15 56 81 59 26 39 78 30 94 85 46 38 14 1 84 88 34 60 20 52 37 63 33 41 83 87 49 12 42 57 51 91 25 70 54 47 71 79 4 27 89 3 6 80 55 100 
100 96 12 93 55 47 94 85 97 49 54 31 2 14 78 72 37 34 63 60 56 44 75 19 6 43 22 88 86 61 80 35 28 76 98 52 30 10 11 50 51 3 62 24 83 92 91 89 71 67 90 25 53 15 5 33 27 99 95 39 1 40 4 13 77 58 26 66 29 57 84 74 48 9 38 41 23 45 42 21 18 7 16 79 100 20 87 73 36 69 64 81 68 59 8 17 70 82 46 65 32 
100 100 97 4 55 66 90 1 85 17 22 15 18 36 69 45 95 2 92 70 12 83 32 65 88 46 37 39 68 53 82 21 47 43 9 73 14 52 5 56 30 78 93 41 27 35 79 96 99 44 8 71 49 75 13 76 87 26 20 24 48 3 81 29 31 6 33 62 50 63 25 64 23 77 98 86 11 91 67 34 72 10 40 89 51 16 28 7 80 60 94 59 61 84 54 57 74 38 58 19 42 
100 42 16 45 38 77 71 67 56 30 86 25 23 39 36 48 55 100 51 22 60 64 83 59 35 91 80 12 10 37 70 8 81 74 95 43 94 2 50 29 34 69 63 62 26 52 93 5 46 65 89 82 13 72 54 78 17 99 32 76 97 11 4 79 7 84 24 18 61 44 20 9 1 27 49 98 87 88 85 21 14 90 33 53 15 66 47 40 57 58 92 75 28 3 96 41 68 19 6 73 31 
100 2 44 32 33 71 91 72 34 37 90 77 16 68 29 69 96 88 28 56 39 100 97 24 86 18 11 48 62 10 13 76 55 78 1 27 83 45 42 47 12 82 7 65 15 52 41 70 5 19 49 46 53 23 74 75 8 36 17 85 30 79 60 21 98 9 20 43 50 95 99 38 3 81 22 6 35 87 73 93 14 58 54 59 26 25 57 63 64 51 61 80 66 94 67 31 92 84 40 89 4 
100 93 9 65 78 14 97 32 92 72 67 54 21 48 51 58 49 35 29 47 12 40 96 52 86 16 39 15 19 74 37 59 75 11 5 94 80 95 98 68 100 1 4 61 23 99 44 87 62 28 45 89 83 60 22 64 70 76 6 26 57 91 25 50 33 18 79 66 8 10 13 77 3 31 42 85 2 30 24 73 88 17 71 7 69 41 36 34 55 20 81 43 63 53 84 38 90 27 46 82 56 
100 77 42 61 58 99 70 1 51 84 45 14 100 79 90 34 50 71 88 13 73 86 78 46 26 8 72 49 4 36 37 29 6 67 23 31 19 44 11 56 69 15 7 2 22 9 60 82 41 18 63 75 68 33 59 21 94 95 32 97 66 27 5 24 43 10 89 91 17 85 25 62 48 64 30 38 87 76 39 3 81 83 12 55 93 74 20 54 35 47 57 40 98 80 53 16 65 28 96 92 52 
100 51 43 34 54 65 12 9 56 6 66 73 26 97 36 33 70 90 44 32 1 62 80 35 93 28 40 64 38 89 22 49 31 98 10 78 2 20 59 55 53 21 11 18 79 39 99 57 72 5 100 82 76 7 74 50 16 47 46 84 8 63 88 30 27 92 81 83 75 87 42 25 69 23 4 91 77 68 48 15 14 95 19 96 86 60 52 17 24 29 71 3 61 67 13 45 37 85 58 41 94 
100 56 88 17 9 43 49 68 60 69 4 97 57 66 63 15 75 99 10 58 7 77 26 83 76 95 50 13 79 27 64 84 3 37 6 65 93 73 53 72 59 85 14 11 45 2 35 94 71 47 24 82 42 70 87 62 19 98 46 96 61 18 20 32 16 80 52 25 86 81 51 36 67 39 1 41 31 33 30 91 54 89 5 28 90 38 21 8 55 78 12 92 44 40 29 23 48 34 22 74 100 
100 52 33 47 68 15 53 36 49 31 79 22 39 96 55 83 84 30 40 82 32 93 28 14 99 21 81 7 2 44 92 43 89 37 41 5 72 4 87 78 8 3 66 65 46 71 61 1 56 18 24 29 77 90 70 12 11 60 16 62 58 100 75 17 51 63 76 80 25 73 57 94 34 42 88 98 95 86 27 97 69 38 10 26 13 59 54 91 64 67 50 48 9 20 23 74 19 6 35 45 85 
100 95 28 82 65 59 14 91 26 93 83 86 98 85 23 4 2 72 9 66 42 32 19 56 40 73 51 48 60 75 24 8 16 10 74 99 94 18 15 39 84 1 64 46 53 34 55 29 3 79 58 52 45 49 78 44 47 50 33 38 100 76 62 6 71 54 11 31 61 21 7 87 36 57 67 37 80 22 70 17 90 89 41 5 43 69 13 20 27 96 68 30 77 12 97 92 88 81 25 63 35 
100 93 9 37 80 87 34 58 99 29 54 78 74 83 42 20 60 66 25 31 96 44 38 55 32 21 89 52 79 81 88 50 27 24 69 43 45 19 28 72 73 13 92 85 95 46 35 71 16 86 97 91 14 30 39 68 11 6 17 36 40 3 41 90 53 100 1 67 84 33 57 62 77 51 70 5 23 18 48 15 22 8 75 65 94 76 47 82 49 10 4 7 2 59 64 26 56 12 98 63 61 
100 29 62 19 44 16 94 52 56 100 96 41 95 32 9 76 58 15 48 28 55 72 8 81 98 3 69 37 91 43 12 82 83 36 10 88 73 30 59 86 11 5 38 23 1 53 79 90 97 46 77 6 31 14 71 18 42 25 33 24 7 39 78 89 68 57 20 35 87 54 4 75 17 50 93 66 85 34 13 74 21 22 70 45 26 27 49 47 61 51 60 84 80 64 40 92 67 99 2 63 65 
100 20 83 81 82 57 19 21 67 7 5 18 25 4 23 63 52 97 64 50 86 3 94 33 55 14 91 70 30 1 46 80 87 79 10 51 22 53 27 40 24 100 72 43 58 39 96 84 85 73 54 61 36 48 35 6 71 37 38 42 17 95 47 16 31 62 8 2 60 89 69 12 11 41 99 29 98 26 28 49 68 90 32 88 93 65 44 92 76 45 77 59 78 56 74 66 34 15 75 9 13 
100 47 54 26 90 23 66 77 73 40 64 88 60 35 100 59 28 51 2 48 27 91 98 70 58 43 97 6 65 75 46 74 24 68 69 7 42 33 44 14 1 50 22 92 12 21 31 82 9 76 81 84 30 5 62 18 32 11 39 71 96 52 87 15 72 4 63 20 45 19 78 95 37 80 13 79 49 89 86 53 67 41 34 16 38 29 85 99 94 61 93 25 3 55 36 10 57 17 83 8 56 
100 22 70 79 23 26 91 64 66 98 41 67 86 63 95 84 92 5 94 56 81 55 11 3 30 54 4 44 97 46 78 47 90 37 24 93 62 43 25 34 36 53 75 88 57 29 12 7 85 99 100 18 1 2 17 42 52 15 68 60 49 38 16 96 69 14 33 59 77 8 72 50 87 76 10 71 31 65 27 45 74 20 21 89 28 32 13 80 19 39 82 61 83 58 9 6 48 51 35 73 40 
100 47 9 80 36 37 64 5 94 71 98 45 44 11 42 7 68 46 33 21 82 58 15 23 57 4 81 66 39 51 96 87 55 50 1 30 43 13 18 2 29 35 69 89 38 56 73 52 67 77 74 97 41 99 59 24 16 60 63 85 53 8 28 3 20 49 12 62 26 95 88 61 83 72 10 90 34 48 86 70 19 75 78 27 14 92 25 100 17 54 84 6 31 65 32 91 40 22 79 76 93 
100 26 30 10 89 69 53 35 87 4 18 88 92 95 19 90 15 83 96 16 3 25 98 78 42 82 60 68 55 21 79 47 58 65 74 9 34 49 29 57 12 73 50 64 52 63 41 45 93 56 44 28 11 40 97 51 38 91 85 33 17 81 2 31 61 71 76 100 37 67 14 86 1 48 22 8 59 66 70 24 27 54 13 36 77 84 23 6 99 62 94 7 43 75 46 72 5 80 20 39 32 
100 60 38 62 34 22 12 67 80 19 70 57 77 71 89 11 5 87 86 16 26 24 59 68 91 92 64 7 51 88 37 25 58 100 3 82 14 94 2 54 81 27 36 98 9 74 83 76 49 33 72 47 17 35 79 90 52 21 84 20 44 31 6 48 56 99 28 61 43 39 50 30 32 4 41 13 40 1 75 42 29 78 93 23 10 69 46 55 8 85 63 97 66 96 45 15 73 95 18 53 65 
100 18 34 64 36 28 58 24 35 19 62 7 92 71 33 12 85 27 78 29 94 43 86 84 90 23 16 14 38 5 32 3 48 73 21 44 89 77 95 10 54 1 37 4 75 25 79 40 26 49 45 39 61 52 56 87 68 76 31 65 74 50 51 46 11 13 93 42 81 98 82 66 60 9 2 47 91 55 100 59 20 17 8 41 63 99 88 67 70 57 72 80 6 69 97 53 22 15 83 30 96 
100 67 77 34 68 18 12 49 71 8 14 44 97 79 88 85 62 75 45 99 78 29 25 7 19 52 69 100 87 43 55 89 24 22 91 93 26 51 39 5 47 61 72 11 70 20 10 74 54 28 42 84 4 86 58 64 95 83 17 16 21 82 37 60 92 57 13 48 27 6 66 15 65 9 41 33 32 73 46 56 80 36 63 40 1 2 98 38 96 81 76 3 59 23 50 35 53 31 90 94 30 
100 4 30 8 10 83 77 29 71 73 85 9 38 43 27 78 54 88 14 34 62 81 40 7 35 94 91 52 36 80 95 87 31 93 18 1 53 65 82 20 86 92 59 60 26 44 50 98 13 56 76 23 63 90 51 32 96 21 55 67 5 24 68 6 22 33 28 74 61 57 17 3 45 100 37 72 46 66 64 2 39 47 79 11 75 69 15 97 48 99 49 19 16 70 42 12 41 58 25 84 89 
100 66 29 39 65 45 47 37 10 89 77 68 31 71 73 54 42 40 75 33 20 30 50 36 63 55 84 27 43 24 17 56 97 67 38 81 69 35 87 5 7 4 22 74 26 1 58 23 61 96 13 41 51 8 46 99 80 64 49 92 91 28 3 48 52 62 19 2 79 53 12 83 16 59 60 6 76 100 85 34 11 18 82 93 14 94 25 70 86 72 32 88 21 90 44 95 78 98 15 57 9 
100 46 85 57 24 28 10 16 60 70 42 78 19 9 87 31 55 41 11 5 32 20 7 96 49 25 73 48 92 63 13 99 34 86 3 37 89 14 76 12 39 98 44 43 29 51 21 54 90 94 8 93 100 61 15 23 74 97 17 22 75 62 71 38 58 30 81 50 4 59 68 6 47 35 91 56 45 84 80 95 72 1 65 79 26 82 52 64 66 33 77 69 53 67 40 27 2 18 88 36 83 
100 41 51 17 86 4 82 29 22 75 87 77 49 14 59 5 46 95 73 18 68 56 25 65 45 31 23 93 8 76 99 16 7 34 100 71 13 79 24 1 2 36 35 94 61 6 21 37 47 19 50 81 12 9 66 91 60 40 54 62 57 63 30 55 69 3 58 74 43 78 83 96 80 97 90 33 32 39 20 92 38 28 88 27 26 98 10 42 11 64 89 53 52 85 72 84 67 70 48 15 44 
100 57 55 99 95 10 43 36 24 1 78 13 9 23 94 54 14 85 8 68 61 89 50 44 6 17 25 47 37 60 11 92 35 49 76 51 93 73 59 46 62 84 22 33 53 27 7 39 66 29 48 40 91 28 15 32 67 38 58 72 82 26 98 75 96 4 71 12 79 42 65 80 30 20 16 86 88 45 5 56 21 97 70 63 81 41 18 2 64 3 83 31 19 34 87 69 100 90 52 74 77 
100 46 94 63 89 28 56 22 43 2 25 45 13 36 30 37 100 81 77 3 55 65 16 52 11 91 98 80 71 12 95 78 27 87 60 99 86 17 38 4 57 15 54 50 47 21 24 90 35 97 29 59 5 8 42 96 41 18 19 84 66 79 33 68 70 9 74 51 76 32 85 67 1 92 64 6 73 14 7 23 39 10 75 69 40 53 20 88 48 83 72 44 93 31 62 26 49 61 82 58 34 
100 57 60 10 27 18 87 37 16 96 71 66 3 58 78 50 77 49 34 42 17 21 62 11 55 82 35 86 73 1 90 40 79 32 89 12 80 22 91 6 100 61 85 43 31 5 20 84 26 53 92 74 54 95 24 48 45 75 28 67 93 15 52 76 46 94 38 97 7 59 9 41 2 23 36 81 33 29 65 51 25 72 39 99 64 68 83 30 98 14 69 63 56 19 4 70 44 8 88 13 47 
100 36 59 84 70 41 13 74 58 40 30 64 8 71 100 37 54 79 80 50 87 85 53 39 42 51 98 96 75 15 52 55 56 60 44 43 7 24 3 73 83 46 89 81 27 23 32 65 34 91 49 35 28 47 12 93 14 45 5 95 25 26 21 62 69 92 31 94 77 11 9 4 66 57 29 1 88 90 99 18 16 19 48 68 10 67 72 86 2 6 82 97 17 22 61 38 20 78 76 63 33 
100 13 65 71 64 87 43 98 17 60 12 37 68 53 94 47 35 82 56 44 84 29 73 21 96 25 34 3 69 40 31 58 99 55 91 52 38 70 66 92 85 24 28 18 95 41 83 63 23 57 76 19 14 80 4 88 93 36 32 50 15 8 62 42 49 26 86 46 10 11 54 51 20 45 33 67 89 5 81 7 22 30 79 9 6 97 74 2 16 48 27 77 59 75 1 61 90 72 39 78 100 
100 55 59 74 71 28 83 66 72 82 45 49 70 41 36 43 2 21 32 87 93 81 62 17 40 33 92 68 7 5 39 79 75 94 31 14 29 9 8 52 60 91 18 11 73 64 13 69 57 47 26 77 56 96 22 4 85 15 23 20 98 78 67 86 61 76 25 53 34 10 95 24 89 27 90 6 37 48 46 97 63 1 44 16 51 3 35 65 54 84 80 100 99 19 50 12 58 88 30 38 42 
100 88 39 86 73 4 10 42 78 35 62 52 85 23 56 67 92 47 21 37 84 81 45 30 91 94 8 68 38 82 74 1 83 59 54 72 79 20 19 75 2 49 76 32 96 98 6 5 29 63 27 26 43 3 14 36 77 64 22 34 7 25 60 99 48 90 53 44 46 41 17 55 40 70 100 28 11 80 58 93 16 66 89 95 69 24 87 12 33 31 51 97 13 15 57 50 9 71 18 61 65 
100 95 2 86 58 68 35 57 14 56 43 13 6 90 8 31 55 21 76 17 33 40 94 63 38 100 42 39 48 64 3 59 32 50 1 60 49 28 27 71 19 93 52 53 10 84 62 82 81 5 79 70 11 7 80 78 65 9 91 96 30 24 44 77 54 18 51 73 25 83 34 15 29 46 61 67 20 88 66 98 74 12 97 37 89 41 72 26 4 92 87 23 45 75 85 36 99 47 16 69 22 
100 22 25 3 72 15 45 84 100 47 79 88 78 55 97 52 89 21 56 57 5 28 86 77 37 17 61 67 99 18 71 68 39 24 58 34 27 62 92 81 63 36 50 9 60 44 33 40 46 76 69 26 14 32 94 51 12 20 74 65 80 85 29 19 31 53 96 64 16 49 43 2 66 8 7 91 23 42 98 87 54 95 73 4 13 35 90 93 41 1 6 75 70 11 48 30 10 82 59 83 38 
100 21 98 34 48 65 81 37 97 57 7 13 73 59 96 90 88 40 29 52 68 62 76 5 42 54 84 12 78 23 22 83 80 27 94 8 11 45 16 26 18 64 70 55 100 79 30 63 32 86 28 1 72 38 51 82 14 47 50 41 95 10 74 33 77 67 99 6 89 91 2 4 31 71 46 66 3 49 17 24 92 36 60 53 19 93 75 69 39 87 9 20 56 43 44 25 61 58 85 35 15 
100 48 32 16 91 29 20 28 39 60 18 43 27 19 69 35 84 54 2 3 36 78 40 59 100 71 8 93 85 30 25 86 47 76 23 33 21 17 41 51 83 68 52 92 87 58 67 26 13 5 45 88 31 63 65 56 22 42 44 99 62 34 96 37 38 82 46 4 64 24 74 7 11 10 90 89 49 72 81 77 55 15 80 14 1 6 97 9 79 94 57 75 95 66 73 98 12 61 50 70 53 
100 36 18 78 53 16 75 46 26 51 96 82 89 33 72 52 61 100 6 8 73 2 42 99 37 69 80 17 40 47 93 43 91 14 13 54 83 87 34 19 70 11 77 98 95 63 64 35 45 15 55 74 44 57 90 21 24 97 27 94 10 39 28 22 38 81 29 65 86 5 58 4 50 32 49 1 67 68 84 31 20 76 3 12 66 7 71 88 62 92 85 59 9 41 60 48 79 25 23 30 56 
100 9 31 54 26 69 84 28 73 99 29 50 25 42 36 82 55 62 20 21 18 23 11 56 96 74 64 46 43 4 2 39 78 30 63 5 7 98 6 89 57 87 38 35 79 32 81 75 53 68 80 61 49 90 76 15 22 92 33 85 16 86 37 8 67 19 17 60 72 27 66 3 83 91 65 44 52 34 1 88 12 10 97 14 77 47 59 93 70 51 41 71 94 24 58 40 13 95 48 45 100 
100 33 6 1 44 14 86 55 76 94 43 28 50 15 59 18 77 82 41 34 30 62 13 2 57 67 87 96 10 84 74 17 91 75 99 88 89 25 27 23 78 31 5 51 21 58 52 97 90 63 39 22 85 80 73 20 29 93 61 71 36 79 95 8 60 46 53 56 69 72 98 66 49 40 38 26 64 7 35 65 37 12 54 68 83 9 3 45 4 100 16 11 24 42 81 19 70 32 48 92 47 
100 92 6 74 4 83 29 27 20 95 18 19 34 70 52 81 84 38 67 25 16 40 99 59 62 2 76 10 72 57 11 14 98 21 9 66 78 45 90 61 63 32 7 37 85 56 100 46 69 97 26 50 41 43 96 88 5 1 82 55 86 93 42 94 77 48 80 35 31 12 75 3 71 87 30 89 24 58 65 54 8 64 68 13 60 91 44 28 15 36 47 51 17 23 73 53 39 79 49 33 22 
100 73 90 55 9 74 26 59 1 62 50 98 16 18 56 49 95 61 43 53 8 71 77 93 23 22 36 63 82 31 54 60 48 44 2 80 4 13 51 99 10 37 15 58 35 28 46 14 25 96 94 84 41 33 42 72 69 91 79 85 24 11 5 89 57 12 67 65 92 68 86 19 7 97 87 21 32 30 64 83 20 34 3 81 76 45 75 88 17 70 27 100 78 29 38 66 40 6 47 39 52 
100 38 87 63 99 30 53 66 97 24 27 85 58 91 14 75 23 41 22 43 8 10 98 67 74 94 18 54 37 17 73 57 89 34 84 20 4 46 26 49 79 21 29 3 62 48 47 42 88 32 83 31 65 15 60 92 13 25 76 51 40 2 68 90 72 56 70 96 55 77 100 93 33 45 59 80 7 81 5 95 69 28 9 64 11 6 36 35 50 39 78 12 82 1 71 19 61 52 16 44 86 
100 81 13 30 3 96 72 50 75 19 85 60 18 31 23 10 1 67 69 86 89 42 84 48 73 36 37 82 91 77 74 71 94 100 66 39 80 21 57 5 35 70 40 26 16 14 53 47 46 54 17 2 20 15 88 41 44 43 12 24 93 63 79 45 49 34 92 56 22 98 32 83 25 99 29 64 9 78 7 51 95 76 4 58 33 27 52 59 87 65 8 11 62 68 38 28 6 55 90 97 61 
100 93 30 46 72 2 67 34 94 99 91 16 5 50 10 21 11 92 3 43 81 17 23 54 76 29 78 41 74 38 26 96 37 25 44 70 64 86 42 6 65 62 27 95 13 84 71 1 97 35 98 24 82 52 32 68 83 49 15 9 77 73 61 79 47 88 4 40 87 12 36 59 48 39 7 80 22 66 53 75 19 45 90 51 33 20 14 89 18 28 31 63 100 57 58 69 85 60 8 55 56 
100 4 83 60 26 42 89 46 70 45 56 62 32 49 50 82 86 30 57 67 66 17 34 55 72 7 69 78 10 38 63 71 59 27 12 97 3 24 6 35 11 61 96 43 94 79 76 87 95 1 93 80 54 91 64 99 47 16 88 75 5 33 28 68 22 21 25 73 13 51 48 77 65 18 85 40 100 37 20 53 19 74 14 92 58 84 90 98 23 41 36 81 44 52 15 2 31 39 29 9 8 
100 79 83 57 19 35 34 87 28 47 56 8 72 17 69 25 67 31 52 88 89 50 75 84 51 54 24 36 61 20 33 10 40 45 11 16 5 39 53 62 27 66 86 95 42 1 46 43 38 73 18 80 76 71 7 97 74 58 4 26 14 85 82 37 100 98 55 65 30 92 48 70 29 32 44 15 6 77 93 90 2 64 94 63 22 99 59 78 91 49 81 68 23 9 12 3 60 21 13 41 96 
100 82 83 87 66 60 10 90 17 5 94 32 63 76 81 85 22 8 34 6 39 7 68 62 48 44 56 31 86 69 84 28 41 14 65 98 50 36 96 92 59 2 23 27 80 58 11 78 3 74 46 43 38 19 18 54 20 77 79 4 37 95 24 100 12 57 45 70 42 1 52 16 13 75 49 25 29 67 53 64 26 40 89 99 51 73 30 55 15 91 72 47 93 9 33 97 61 88 71 35 21 
100 78 89 86 6 40 52 95 21 77 82 85 30 44 98 71 9 51 62 55 57 7 29 37 24 63 79 96 38 18 74 99 14 42 68 13 84 53 50 73 90 10 67 39 23 36 35 33 76 70 41 59 93 47 3 27 83 5 91 61 94 88 4 65 75 81 2 60 54 66 46 1 72 92 22 69 28 97 19 80 100 87 58 20 48 56 34 11 16 8 31 43 45 32 25 12 26 15 64 49 17 
100 88 68 77 47 71 36 87 84 64 18 31 58 96 22 51 59 43 10 20 8 63 17 45 98 70 39 6 74 38 23 28 83 65 53 73 25 67 12 33 60 99 34 91 95 86 76 94 82 75 27 80 89 2 62 92 41 61 16 44 40 93 48 100 24 56 52 37 85 7 13 69 97 66 35 19 90 21 49 9 55 11 15 42 1 46 79 50 26 3 81 5 4 30 54 14 72 32 57 78 29 
100 63 23 67 61 60 47 4 82 52 36 74 92 56 81 13 46 51 86 87 72 28 26 34 58 53 1 90 43 30 40 76 68 65 45 44 50 70 95 77 5 97 98 94 100 73 48 8 37 96 27 66 15 71 9 22 25 2 38 84 79 49 31 10 19 7 78 33 41 91 32 89 14 80 93 62 6 69 17 39 24 3 59 18 88 21 83 29 42 64 55 99 20 16 12 54 11 35 85 75 57 
100 80 84 4 57 78 70 36 6 59 89 67 40 35 37 41 48 20 79 90 69 16 73 39 76 32 14 45 8 63 46 77 9 43 10 60 18 97 53 72 29 58 85 21 19 2 96 22 52 5 56 26 15 11 51 3 87 30 44 66 99 65 93 74 7 49 88 24 55 98 81 17 23 25 86 61 95 27 75 94 28 13 34 71 31 68 64 54 100 50 91 82 42 1 12 62 47 83 33 92 38 
100 40 61 44 100 77 65 2 63 17 21 93 59 33 82 67 58 27 29 84 30 5 95 57 90 80 88 87 25 46 13 42 98 86 48 24 66 7 69 15 35 94 22 81 20 43 6 91 52 71 31 23 19 79 49 97 78 92 36 26 38 28 12 64 74 45 11 51 8 68 50 70 85 55 60 76 34 72 9 14 16 1 37 41 3 62 32 53 75 89 96 54 73 39 4 99 10 56 18 83 47 
100 50 98 53 6 83 31 68 71 84 62 17 85 90 66 14 80 11 75 56 34 38 44 82 92 12 96 79 28 78 29 97 22 86 87 25 61 77 3 51 89 18 43 5 57 65 1 19 76 20 35 41 15 13 26 46 100 58 48 7 8 63 67 37 45 33 93 10 47 23 81 9 52 69 24 54 39 16 49 73 74 95 60 42 70 36 55 99 94 32 64 21 88 91 59 72 40 2 4 27 30 
100 16 47 53 56 58 91 77 65 19 4 73 59 84 6 78 29 13 20 52 35 60 44 94 86 98 62 43 75 89 7 61 3 63 55 40 39 49 71 12 36 76 41 93 14 22 68 25 28 83 79 42 50 69 88 81 70 74 67 34 45 21 27 26 15 95 87 9 23 46 18 31 96 54 64 17 82 1 37 48 38 11 66 8 92 100 32 24 10 57 5 51 85 97 30 72 2 99 33 80 90 
100 3 46 17 32 8 10 54 18 85 58 37 22 49 86 16 11 89 84 42 56 65 4 30 48 75 45 71 72 91 98 69 19 39 41 93 76 92 52 59 38 83 1 20 55 13 50 68 62 25 78 26 9 77 60 57 80 5 47 24 96 2 70 28 79 88 21 51 66 33 7 36 43 97 82 14 40 61 31 63 35 73 12 90 44 95 23 81 27 29 34 15 74 53 94 64 100 67 99 6 87 
100 97 84 98 54 45 41 9 76 18 17 87 69 20 40 16 59 73 70 3 77 99 95 89 44 21 74 58 91 71 49 4 7 1 47 37 48 57 26 66 88 29 64 85 63 24 60 96 30 25 43 2 92 80 33 15 75 32 94 12 34 11 6 36 39 79 61 93 90 62 72 14 52 19 46 82 55 50 22 10 65 38 8 56 5 81 13 67 27 53 100 51 83 42 28 68 78 86 35 23 31 
100 89 51 93 17 12 76 83 52 39 73 35 55 63 31 7 42 8 4 29 81 99 45 15 25 85 68 46 6 14 100 70 48 54 2 28 72 87 27 78 23 94 86 91 30 66 20 11 59 5 56 1 77 65 36 75 88 9 38 19 69 21 34 47 10 67 60 84 57 16 24 49 3 90 61 62 32 44 41 53 64 33 58 80 13 26 50 74 95 79 98 18 22 40 96 37 71 43 97 92 82 
100 45 94 63 29 2 89 99 61 39 95 79 31 38 88 12 40 21 42 51 35 8 9 64 23 67 92 14 41 3 18 87 22 53 75 86 54 7 5 81 37 34 91 70 26 71 17 69 30 98 20 19 72 65 50 77 48 27 82 80 10 24 74 100 32 55 43 73 76 52 58 90 15 93 85 25 62 56 78 6 47 60 11 96 1 28 97 33 84 13 16 49 36 57 68 44 46 4 83 59 66 
100 67 8 34 3 13 31 4 24 44 70 55 30 66 62 47 51 61 71 15 92 52 78 36 97 46 39 96 82 69 75 59 41 90 2 91 56 93 38 22 40 53 79 25 28 10 50 37 21 45 100 88 74 35 43 19 54 73 6 95 60 26 12 86 17 65 77 42 94 7 83 58 33 1 85 98 5 20 63 14 99 81 76 49 80 11 16 9 48 84 23 32 18 87 57 89 64 29 27 68 72 
100 25 100 21 51 31 23 88 62 3 70 79 38 97 8 56 90 35 30 52 73 68 15 93 80 91 66 22 49 67 13 78 20 44 85 89 4 99 39 18 5 29 75 64 98 34 7 47 12 16 87 48 24 43 17 1 40 69 28 83 58 57 19 46 86 53 74 2 9 10 33 92 32 45 60 76 61 65 11 37 27 95 14 26 72 77 50 59 41 96 81 94 71 55 6 63 54 82 84 42 36 
100 52 97 13 87 100 24 45 30 19 12 84 71 63 56 59 1 16 26 33 48 61 88 47 53 21 20 54 35 96 2 34 98 25 4 72 3 69 62 78 17 10 76 37 90 14 11 73 82 38 7 50 57 8 31 93 51 6 15 68 92 42 75 60 44 65 36 94 40 95 77 55 79 41 58 5 67 27 23 39 28 49 29 83 86 66 81 85 32 18 64 46 70 74 9 22 80 99 89 91 43 
100 20 81 76 68 56 10 40 86 23 88 96 71 62 34 64 60 9 5 97 78 92 95 38 11 24 47 82 84 15 85 25 66 4 22 27 50 61 3 69 75 41 59 52 14 36 91 57 90 100 43 31 26 94 45 48 42 54 74 73 87 19 30 12 72 79 18 67 70 29 93 37 7 16 80 65 13 63 89 17 51 44 58 55 2 1 77 6 98 53 49 8 39 83 46 35 33 21 32 28 99 
100 13 34 39 38 4 55 19 24 47 17 59 42 93 64 22 83 77 11 53 20 99 6 27 100 92 14 71 18 90 7 51 66 52 74 21 96 50 63 29 97 2 10 68 33 76 30 25 81 84 94 5 95 1 48 49 37 16 44 70 72 9 88 89 73 91 35 46 98 65 43 78 87 23 31 75 26 79 3 45 69 32 56 61 36 40 8 54 62 80 82 12 60 57 15 58 28 67 41 86 85 
100 51 65 47 82 91 3 8 89 37 96 90 12 74 100 99 27 59 34 21 39 88 60 57 58 30 25 43 72 66 32 52 36 11 33 95 13 31 4 50 14 16 62 9 78 20 45 77 87 28 26 46 70 64 42 69 97 24 19 84 18 73 54 38 23 94 1 35 29 10 75 22 93 48 41 61 6 44 40 63 53 67 7 85 68 56 15 17 2 80 49 76 98 71 86 55 83 81 79 92 5 
100 14 34 42 79 86 8 12 6 87 63 54 96 92 40 71 49 9 94 65 74 5 25 76 68 1 24 16 84 58 3 100 59 62 43 73 13 21 90 98 91 56 18 2 78 99 64 93 30 32 88 4 7 26 97 53 37 38 48 81 19 35 85 22 29 60 15 45 55 10 47 36 82 70 23 75 89 39 50 46 80 41 11 20 27 69 17 66 57 67 44 51 52 72 95 61 28 31 33 83 77 
100 19 67 91 87 44 69 21 59 40 90 46 20 75 98 70 72 83 14 41 22 27 54 57 61 37 26 29 94 18 76 97 100 4 93 88 28 64 52 49 66 96 71 42 80 25 58 85 60 78 24 16 68 45 34 47 74 48 11 3 8 30 81 82 6 7 99 5 62 63 55 35 53 31 1 15 89 32 39 2 50 38 33 77 13 79 43 9 73 51 65 10 95 12 92 23 17 84 36 56 86 
100 76 65 36 43 94 27 58 67 37 52 89 71 7 3 50 74 79 34 31 16 39 99 56 82 75 28 73 38 44 81 13 22 96 15 5 90 100 72 54 48 40 19 69 45 18 24 12 53 21 30 49 46 59 98 92 9 84 6 23 64 17 42 1 25 55 11 95 32 85 8 14 26 63 33 80 78 10 68 97 83 87 51 86 60 62 57 4 2 47 35 61 70 88 41 20 93 91 77 29 66 
100 34 33 78 89 45 83 51 72 25 95 87 2 21 93 85 48 59 86 42 49 46 84 28 90 99 26 16 98 71 79 14 32 38 60 81 92 47 43 8 80 27 35 19 55 73 17 77 56 20 97 12 18 58 29 11 36 7 3 52 5 100 24 75 41 22 64 63 13 57 70 1 91 31 15 65 61 62 67 37 88 44 82 54 30 39 9 94 96 74 4 68 53 10 76 40 69 6 23 66 50 
100 66 48 93 23 20 94 63 47 78 32 71 98 11 62 2 6 8 67 7 68 24 61 76 42 17 35 14 13 91 80 31 41 57 64 95 4 82 74 86 38 59 85 22 29 69 77 46 26 100 9 36 96 18 70 53 92 83 33 50 84 58 27 10 60 97 44 40 90 45 49 15 37 52 21 51 1 28 16 73 55 79 34 87 88 72 30 5 65 81 99 43 75 12 25 54 56 39 89 3 19 
100 23 27 19 85 63 59 96 94 69 8 90 83 21 43 1 20 100 60 17 57 46 15 76 28 50 54 64 58 9 92 93 13 40 22 81 67 82 68 32 51 45 99 71 98 31 4 41 52 65 34 73 79 3 35 62 18 66 49 84 25 11 10 44 48 38 5 37 2 36 88 53 39 75 74 29 24 89 87 7 56 6 61 80 42 86 47 30 70 33 77 16 55 12 95 14 72 91 78 26 97 
100 73 42 19 9 39 92 50 21 100 34 75 25 65 78 70 90 63 48 52 7 96 46 59 18 49 23 57 85 35 84 47 58 53 81 79 40 89 54 41 16 15 38 69 86 6 74 17 82 61 4 36 83 68 30 67 28 98 87 44 64 99 62 29 11 5 10 93 31 32 80 77 20 3 1 60 26 76 88 8 56 55 27 2 97 22 95 24 12 43 51 91 37 45 94 13 14 71 72 66 33 
100 44 65 18 82 19 6 41 66 8 87 43 20 81 16 25 92 85 80 55 68 78 3 97 7 79 74 5 73 76 42 23 75 96 28 31 10 71 90 54 83 22 56 49 59 34 29 63 93 14 91 37 58 53 48 72 60 39 95 51 47 88 13 57 24 33 4 46 70 35 61 45 15 69 2 98 9 1 64 40 100 21 50 32 38 89 27 17 52 12 26 67 84 62 30 77 36 86 99 94 11 
100 62 42 7 84 86 46 43 1 85 33 17 61 81 38 10 45 67 5 21 55 87 77 89 80 50 41 9 82 11 65 59 20 95 40 66 29 60 4 52 56 8 83 64 32 35 44 69 3 78 75 53 93 92 47 34 15 99 57 25 100 51 6 48 19 36 13 72 68 24 23 70 73 49 54 76 27 26 30 90 88 96 79 18 22 39 97 91 28 37 63 58 14 16 31 71 12 2 74 98 94 
100 81 86 3 75 54 51 93 33 61 58 82 6 20 83 62 36 24 11 98 42 99 79 70 43 66 27 22 90 37 78 31 23 26 68 38 94 65 76 97 4 56 16 21 64 88 95 63 13 53 67 17 34 28 48 50 80 89 57 2 8 100 73 55 52 59 71 40 72 84 41 10 85 35 29 92 91 7 32 18 77 30 1 45 96 39 9 25 69 49 74 44 14 47 19 46 87 5 12 60 15 
100 18 46 59 65 68 96 29 91 90 17 49 41 73 97 35 42 38 40 74 19 50 66 10 92 53 15 4 14 93 34 2 71 85 44 16 9 94 63 100 98 37 7 82 81 83 77 69 31 3 67 54 33 36 56 52 61 57 5 79 48 32 27 30 8 22 47 87 11 86 58 43 6 13 24 39 78 99 28 60 95 20 51 84 88 12 23 55 80 70 21 45 76 75 62 26 25 64 1 72 89 
100 19 31 83 28 36 48 54 59 38 66 49 95 87 98 73 17 14 25 70 69 37 39 86 33 81 29 2 47 1 24 26 85 71 100 60 20 9 21 45 64 44 90 7 22 89 55 56 4 12 74 82 78 8 41 62 40 84 18 76 3 34 92 75 94 13 88 30 80 50 52 63 99 61 15 68 51 72 53 65 79 6 27 57 35 91 10 5 43 97 23 42 93 58 96 67 32 11 77 16 46 
100 91 47 59 90 14 61 29 69 98 33 22 76 27 100 40 63 38 50 64 80 15 43 62 68 6 84 25 2 94 28 93 31 1 19 57 71 17 49 4 72 79 95 86 23 20 21 51 44 54 35 48 65 87 85 46 82 83 39 73 77 41 30 60 24 5 96 13 58 45 34 70 74 10 16 3 7 78 88 67 81 75 26 11 66 18 36 89 52 32 9 12 55 37 53 42 8 97 92 56 99 
