100
100 54 21 43 47 64 59 97 13 61 99 23 57 69 37 66 89 85 33 6 87 65 41 15 73 90 49 42 7 22 56 2 38 32 24 8 11 12 58 68 29 96 83 98 46 55 71 80 39 60 35 63 74 26 95 30 9 82 18 5 1 70 40 86 16 36 84 44 10 93 17 94 88 28 100 27 78 25 76 48 53 92 19 34 91 81 31 52 51 14 67 4 72 45 3 50 77 20 62 79 75 
100 53 71 30 44 91 81 96 61 21 89 29 60 17 3 82 19 27 43 20 93 74 51 32 39 88 14 78 84 13 76 95 36 86 8 15 1 24 12 79 2 98 41 72 49 18 77 99 11 46 5 42 59 62 25 7 90 50 57 22 38 73 56 83 70 16 4 100 69 28 9 45 10 66 47 35 75 85 63 97 87 65 26 6 34 31 64 67 58 54 37 94 33 40 55 68 80 23 52 92 48 
100 64 97 74 92 79 83 21 91 95 23 10 90 18 80 7 29 46 73 57 26 35 32 27 70 65 30 40 100 4 81 99 13 88 96 56 50 87 33 66 54 98 60 14 43 31 6 68 38 51 11 85 76 34 2 82 67 12 72 1 36 9 28 39 52 20 69 41 77 62 16 94 48 8 24 45 44 58 53 63 71 89 84 25 37 59 49 55 17 15 86 19 3 75 42 61 93 78 47 22 5 
100 6 39 17 19 29 87 96 51 40 58 56 72 70 59 4 83 64 94 45 30 14 97 21 90 36 43 82 74 65 88 62 11 23 91 10 73 77 66 27 46 69 100 15 25 60 34 78 53 20 84 95 52 57 22 99 24 81 16 54 33 44 93 47 2 49 71 5 26 35 80 67 89 68 48 85 55 61 86 18 3 38 92 13 75 1 41 28 31 37 9 7 79 42 12 63 76 50 32 8 98 
100 79 14 8 90 52 7 17 41 100 24 81 88 4 21 69 25 45 92 47 78 1 63 86 51 58 30 3 83 65 60 27 33 50 12 89 73 53 13 32 48 82 55 46 16 40 23 99 11 28 62 26 43 36 96 18 10 94 31 29 68 15 49 37 75 74 80 95 34 42 59 5 87 72 2 97 9 38 54 85 70 93 39 61 77 67 56 66 19 6 71 98 76 57 35 22 64 44 91 84 20 
100 26 29 46 85 83 65 95 89 6 9 50 45 75 86 55 74 71 3 99 7 19 61 1 82 16 64 87 94 90 22 43 25 40 73 8 15 32 10 70 5 59 93 51 92 2 34 56 78 80 96 24 81 58 54 67 39 52 84 33 17 69 53 38 28 35 66 20 30 14 100 23 12 76 4 97 77 21 18 79 41 48 98 68 88 27 42 57 63 11 60 36 49 47 31 72 91 13 37 44 62 
100 27 74 45 69 90 80 15 32 39 30 93 56 18 94 14 9 34 41 4 58 54 84 28 16 63 3 68 96 17 79 46 83 24 5 76 12 72 37 78 11 2 81 23 61 42 77 88 71 52 20 35 40 70 25 8 100 92 10 82 53 19 73 38 98 67 43 89 29 91 59 64 75 6 44 60 1 47 95 51 86 36 66 50 21 62 49 7 99 33 48 13 55 31 26 57 87 65 97 85 22 
100 46 78 93 28 51 80 23 94 72 82 43 24 77 6 62 4 96 3 21 74 16 84 35 67 33 47 63 58 60 59 88 9 7 68 55 39 8 32 40 27 36 57 69 45 83 70 10 41 65 81 61 29 31 50 76 14 15 5 25 71 2 56 19 54 95 99 37 89 100 38 75 92 90 91 13 26 12 1 86 22 42 73 98 17 53 66 11 87 52 49 44 79 34 20 48 18 97 30 85 64 
100 21 64 46 93 94 17 84 80 36 98 83 61 20 92 87 67 38 13 60 19 2 86 50 28 97 44 25 63 42 76 14 18 55 10 37 22 54 70 35 47 53 99 89 81 95 33 39 90 15 6 9 79 56 23 27 4 7 49 74 72 100 26 73 45 91 51 62 16 3 31 75 59 30 69 77 71 58 24 1 41 5 78 68 96 34 85 40 88 82 43 48 8 52 32 11 65 57 29 12 66 
100 6 39 80 82 88 15 49 77 71 46 37 85 32 98 97 95 86 33 75 10 100 78 79 50 67 19 74 7 43 70 1 13 48 5 96 83 36 25 30 17 62 16 47 93 18 38 12 27 54 29 51 66 92 72 56 31 53 40 11 81 44 23 26 45 65 64 87 91 3 35 59 90 2 55 8 89 84 20 60 68 14 24 21 52 94 58 73 4 99 42 63 28 76 22 34 41 9 61 57 69 
100 37 95 70 21 26 40 84 46 8 92 5 68 23 51 80 74 10 11 50 34 12 76 53 85 54 35 47 27 83 69 41 22 33 72 64 73 81 30 77 52 14 79 36 78 96 49 43 16 2 6 66 45 17 57 7 31 98 55 18 32 19 89 38 28 58 90 88 91 59 48 15 42 62 4 25 39 44 60 67 9 24 56 63 3 13 86 29 65 71 97 99 1 75 93 82 94 100 87 61 20 
100 40 9 87 2 21 18 88 43 79 52 24 38 39 55 20 70 83 61 78 62 77 10 44 93 53 48 33 19 72 69 51 60 89 82 45 58 29 56 49 64 75 74 36 59 68 92 66 37 4 8 1 97 35 99 80 91 13 31 34 65 30 95 50 85 14 25 42 23 26 16 12 81 3 63 84 32 73 54 96 17 5 11 98 86 6 76 46 71 15 100 22 57 90 94 7 47 28 67 27 41 
100 41 72 74 95 46 11 34 86 82 73 28 23 89 9 25 5 6 8 27 24 61 10 7 43 45 93 71 42 66 81 20 21 50 51 68 26 2 77 85 31 79 94 64 40 76 32 44 53 96 19 80 39 65 99 35 97 90 30 16 87 17 57 92 100 33 15 29 83 98 78 14 22 52 36 54 62 55 56 75 12 38 48 70 58 37 13 59 18 63 88 1 47 67 60 91 84 49 3 69 4 
100 58 28 49 14 61 11 7 26 56 63 47 43 41 80 86 79 12 36 34 55 31 22 17 15 69 75 89 60 50 85 90 29 51 27 38 59 72 37 1 73 81 52 68 53 70 35 21 62 13 67 16 39 9 82 44 45 100 19 91 98 95 23 42 94 3 99 25 93 76 97 88 40 74 10 48 8 6 33 71 2 32 18 4 20 96 92 30 5 66 57 78 77 46 64 24 83 87 54 84 65 
100 88 60 48 67 34 27 79 63 92 39 72 3 43 56 89 54 17 40 68 14 80 73 91 16 32 8 26 28 75 30 82 9 71 99 20 46 4 77 10 62 33 52 95 35 6 45 11 65 96 81 29 2 86 59 12 55 49 90 57 70 85 97 50 5 76 19 41 66 98 64 36 1 84 61 23 25 53 94 51 21 100 31 15 83 69 74 58 22 93 38 78 37 42 44 87 18 13 7 24 47 
100 27 42 21 87 70 17 91 14 26 63 98 93 34 75 15 2 38 83 3 79 16 61 66 28 35 9 86 92 64 7 19 62 6 29 78 59 44 73 48 24 60 72 65 41 96 94 4 99 8 20 25 12 37 43 88 51 57 100 82 76 84 45 77 89 30 52 32 47 67 36 97 53 81 85 71 5 68 49 31 54 40 23 95 39 55 11 90 22 1 80 33 46 18 10 56 74 69 58 50 13 
100 23 57 88 31 18 75 20 2 80 10 21 68 8 50 97 91 53 13 42 77 82 73 37 67 3 25 49 40 92 63 61 60 78 56 70 58 45 93 17 41 72 95 64 7 34 27 79 83 48 89 74 55 19 76 62 96 22 84 14 94 32 99 35 26 38 16 59 46 54 69 81 100 6 71 39 33 65 9 98 52 51 87 24 36 30 5 12 85 43 28 1 11 4 90 86 44 66 47 15 29 
100 65 87 94 39 93 92 20 13 96 69 61 51 7 82 16 2 12 58 48 68 100 89 23 41 17 75 55 54 57 9 70 74 24 46 15 31 40 22 18 63 99 37 59 67 47 38 27 33 62 50 77 44 25 42 43 35 95 45 29 76 88 6 85 49 91 5 86 83 97 4 80 71 73 11 52 72 3 1 30 84 81 98 28 32 26 60 34 64 19 78 21 56 90 66 10 36 79 53 8 14 
100 59 67 12 80 33 47 7 17 86 14 34 53 58 35 8 23 88 30 68 18 77 11 43 40 99 19 76 48 4 55 31 62 90 25 63 73 16 84 82 6 52 32 29 97 81 20 36 38 100 87 79 85 5 13 2 46 92 65 94 69 39 74 15 95 72 9 27 57 66 51 98 70 78 96 41 45 24 83 54 93 49 75 22 21 61 37 91 1 56 10 26 3 44 64 50 60 89 42 71 28 
100 18 66 31 47 67 46 64 44 32 76 6 24 83 72 74 70 20 16 10 33 77 35 63 45 49 57 73 9 40 11 65 59 98 54 90 60 99 92 38 17 23 21 87 96 79 71 13 26 34 100 97 85 7 78 2 82 94 36 27 22 15 12 8 62 51 58 5 91 53 41 48 68 84 56 3 29 50 37 14 52 61 42 81 43 75 89 19 93 95 69 28 4 1 80 30 86 25 39 55 88 
100 97 77 98 12 93 67 87 73 65 1 40 68 15 41 45 88 85 23 6 44 35 43 94 11 74 46 7 17 63 38 80 31 55 69 99 79 64 21 59 52 48 22 54 3 83 84 92 36 90 32 24 58 47 8 26 4 18 14 96 53 78 100 50 20 34 16 66 10 30 75 19 27 89 13 25 29 57 33 95 9 86 37 5 62 60 42 71 82 76 51 70 49 28 61 91 72 39 2 56 81 
100 92 47 76 57 5 12 81 87 82 71 65 91 30 10 99 27 77 51 6 95 4 38 80 32 83 67 26 16 35 58 7 31 89 75 15 100 69 8 66 39 36 98 94 96 24 44 86 70 49 59 37 46 73 42 1 72 33 17 93 68 21 61 84 20 13 23 90 2 79 9 74 97 28 29 3 53 14 64 88 50 78 55 25 45 41 54 56 52 60 63 85 19 43 34 40 62 48 22 11 18 
100 77 13 50 78 87 90 21 7 92 19 79 28 63 72 62 99 61 82 64 66 96 85 46 45 26 14 71 32 97 27 48 47 91 69 35 11 54 23 68 4 41 2 39 83 10 1 5 67 12 34 6 30 24 17 37 86 3 42 58 43 73 25 70 31 100 52 20 88 76 16 89 53 57 56 93 84 38 94 40 8 15 22 44 18 60 81 55 98 49 74 75 51 65 36 95 9 80 33 29 59 
100 86 68 48 62 49 4 73 64 38 78 33 47 53 9 94 45 30 13 44 81 39 77 29 97 61 51 18 100 23 1 74 8 69 96 85 72 56 70 80 25 87 7 55 21 82 36 41 2 75 99 83 19 66 11 12 40 93 98 54 46 90 57 20 17 5 95 26 63 92 31 15 76 43 3 34 27 71 28 50 37 42 24 88 14 60 59 52 84 89 65 35 16 10 22 32 91 67 6 58 79 
100 78 37 58 57 82 47 85 72 17 52 89 96 8 83 23 51 80 39 38 69 61 86 7 79 19 35 45 49 62 71 63 32 55 27 3 64 12 54 34 48 59 10 14 97 76 33 13 9 16 92 24 20 36 11 74 100 81 41 88 65 56 22 29 68 26 4 75 93 73 25 46 60 31 67 90 6 53 44 5 43 66 15 50 91 94 70 40 2 30 98 99 21 42 28 84 87 95 77 18 1 
100 27 44 58 72 68 63 41 3 34 79 26 77 62 85 22 91 42 23 35 49 98 82 16 46 95 84 36 37 76 59 24 78 81 50 87 30 89 19 86 33 56 93 75 80 11 13 20 6 47 14 28 48 90 51 4 17 55 66 1 94 5 61 21 10 2 38 45 7 70 97 31 54 9 100 39 65 29 64 8 73 12 67 32 83 99 71 74 60 40 69 43 57 53 88 25 18 15 52 96 92 
100 8 51 4 30 7 14 55 13 56 29 64 22 93 50 43 46 45 94 5 52 23 24 48 3 17 100 91 71 62 37 19 74 44 70 68 16 89 66 26 47 76 6 99 88 87 96 39 57 49 33 10 41 92 63 11 20 54 61 38 9 12 27 78 21 2 35 86 81 85 58 60 98 67 1 42 36 80 32 73 69 40 84 28 31 18 97 25 75 72 79 59 90 82 83 77 53 15 34 65 95 
100 85 91 74 93 77 90 84 34 95 76 98 9 32 41 27 13 36 81 25 29 49 30 14 44 100 82 92 66 88 87 75 94 48 10 46 3 24 16 22 53 83 72 11 39 57 80 89 58 86 8 1 54 51 7 15 71 19 63 61 47 59 5 67 17 60 2 68 73 52 55 99 50 4 31 12 38 62 78 40 35 33 42 21 37 20 28 18 64 26 45 6 69 96 43 97 65 70 56 23 79 
100 17 47 52 100 69 50 65 72 26 70 99 74 81 33 1 3 4 94 27 60 23 14 30 40 79 25 12 84 78 34 68 13 57 2 56 66 8 95 55 82 97 75 16 49 64 63 93 43 73 48 45 11 7 76 77 98 85 53 96 80 5 32 31 24 18 71 29 62 44 88 20 15 86 10 89 67 35 90 28 59 87 19 92 58 46 38 51 54 83 39 6 41 42 36 22 37 61 9 91 21 
100 32 3 67 66 18 10 47 50 93 55 99 79 2 56 25 49 6 40 22 89 13 85 20 58 1 45 90 34 30 29 69 26 43 64 92 95 63 94 88 53 60 35 52 65 80 77 81 70 73 16 42 59 38 76 61 91 36 11 82 28 27 33 7 23 19 68 46 9 75 48 39 100 5 98 21 54 4 74 96 78 37 8 31 17 51 14 57 12 71 41 86 97 62 24 44 83 87 15 72 84 
100 24 25 48 26 12 5 3 11 1 51 17 74 87 70 100 80 58 41 59 98 20 75 79 68 69 27 37 49 46 90 57 65 45 44 42 40 19 88 54 29 84 36 28 55 35 95 21 6 2 7 60 62 63 14 53 97 96 66 38 31 9 85 4 33 82 61 93 10 64 30 52 78 77 86 13 18 50 34 72 89 15 99 39 22 91 16 67 76 43 81 8 56 73 83 71 32 23 47 94 92 
100 98 77 72 82 52 16 6 42 39 84 99 38 35 50 54 33 57 86 10 66 83 41 14 47 9 61 64 96 65 95 70 17 40 21 92 7 91 25 93 32 46 88 15 43 26 78 74 51 80 44 56 73 28 59 69 4 81 3 62 100 85 5 34 48 97 29 76 31 94 13 11 36 18 67 87 55 24 45 37 75 1 20 68 12 89 23 63 71 22 8 60 49 2 19 27 79 58 53 90 30 
100 46 97 9 77 33 51 60 52 44 16 25 100 10 26 2 23 75 29 38 13 45 49 56 40 83 94 55 39 32 50 76 57 19 87 1 36 37 7 20 85 31 27 4 14 5 35 6 47 71 30 78 43 79 82 92 3 84 62 89 74 80 53 58 81 66 70 64 69 28 67 17 34 11 54 73 99 59 24 93 41 48 8 90 91 95 68 61 21 88 72 12 42 96 98 22 65 63 18 15 86 
100 55 54 1 67 47 26 59 39 44 86 35 4 93 18 49 95 37 57 99 10 97 27 16 28 32 11 85 84 94 21 60 25 79 82 92 65 91 15 74 89 58 20 87 41 23 75 64 62 7 12 100 50 8 81 63 34 13 90 2 31 22 3 76 42 98 73 53 36 51 33 83 9 77 38 43 71 56 45 61 30 46 24 80 48 72 14 66 17 96 52 40 19 70 88 29 6 78 69 68 5 
100 19 38 23 80 79 25 41 4 96 57 72 92 3 27 40 8 39 60 50 55 31 77 65 89 73 61 18 5 63 20 6 90 45 56 75 84 52 24 13 22 37 28 94 87 93 43 59 11 49 29 44 16 32 78 62 83 53 67 66 48 71 86 81 15 97 36 82 69 91 54 74 99 10 76 33 2 46 100 64 1 9 47 51 21 12 34 70 68 17 26 30 7 58 85 42 35 88 98 95 14 
100 57 71 4 26 47 97 58 86 60 31 100 73 16 68 39 67 33 78 43 15 64 41 1 14 54 96 92 88 79 12 85 98 19 22 61 65 53 28 18 75 51 94 50 49 38 69 84 45 93 2 7 24 66 34 44 23 72 25 83 52 70 63 3 59 46 56 40 32 95 91 90 55 76 27 8 21 9 13 37 62 6 5 35 89 20 77 99 10 36 42 80 74 87 48 17 30 29 82 81 11 
100 34 43 74 28 37 79 40 61 21 64 8 81 49 36 22 16 2 76 94 33 88 92 95 14 75 67 69 57 31 70 45 18 42 9 56 100 53 1 44 54 63 98 87 65 62 32 55 52 15 51 5 78 47 82 13 99 97 72 4 29 77 85 48 10 96 50 19 90 89 35 68 86 27 58 66 41 38 30 73 93 23 60 84 6 25 71 24 20 91 11 59 17 3 39 83 80 46 12 7 26 
100 57 63 11 84 78 75 45 44 8 72 52 41 49 55 73 13 34 65 38 9 82 32 6 2 95 16 94 89 81 70 98 86 51 61 92 29 39 5 71 59 96 10 58 56 1 20 79 28 43 22 80 12 4 30 18 7 90 87 19 24 27 54 83 48 60 53 93 47 67 100 66 74 64 31 91 33 17 69 42 14 37 23 3 21 25 76 50 88 85 77 68 26 35 97 46 62 99 15 40 36 
100 59 46 40 77 74 30 97 91 94 80 71 64 20 13 90 4 49 85 96 47 82 14 35 88 84 39 99 5 69 92 11 26 21 33 19 73 1 76 93 28 50 18 89 48 70 51 16 24 2 53 10 45 27 7 12 67 41 42 54 55 100 79 57 8 62 86 68 37 36 43 32 81 38 87 72 60 6 29 44 52 31 75 9 17 61 83 63 22 65 34 23 56 95 25 58 98 3 66 15 78 
100 15 66 90 96 34 83 60 4 72 30 28 88 80 63 94 61 92 14 16 69 43 11 25 18 91 87 74 2 84 6 20 27 33 19 50 32 100 54 7 46 82 23 78 55 42 59 52 51 37 31 99 64 12 29 17 45 21 36 24 22 86 41 97 44 48 79 13 10 40 65 89 9 3 38 62 1 71 70 75 39 49 47 26 68 77 53 35 57 85 93 95 98 73 58 81 8 76 67 56 5 
100 61 57 62 51 36 26 69 19 55 2 43 8 17 86 23 3 91 29 5 14 96 13 30 24 9 71 21 27 98 1 92 59 85 39 4 12 100 99 81 16 73 79 64 87 56 10 31 49 25 42 76 82 33 94 40 77 54 34 38 53 50 75 66 78 37 80 67 11 88 83 22 74 35 44 46 84 58 52 60 28 47 41 7 6 48 93 20 65 95 72 15 97 90 18 89 45 70 32 68 63 
100 39 18 92 53 11 10 56 21 79 74 32 3 30 65 72 36 84 6 69 63 13 41 64 59 46 27 62 28 89 54 66 20 85 80 60 97 16 58 88 44 17 43 9 22 57 48 52 15 55 70 81 14 42 40 77 86 73 99 2 12 7 100 24 50 95 51 25 5 33 67 75 35 26 68 71 91 78 76 8 47 37 93 34 31 96 90 19 98 4 1 49 83 61 94 45 23 82 87 38 29 
100 68 4 48 12 57 99 16 35 30 69 72 70 92 91 53 60 46 52 78 34 7 45 56 50 89 62 15 26 82 21 71 86 37 81 9 77 73 14 80 79 87 17 90 5 97 19 44 54 28 58 22 83 65 67 29 43 31 10 36 47 88 8 64 85 25 75 33 11 20 63 23 76 24 39 1 18 2 49 42 74 6 41 27 96 3 32 59 98 95 84 51 38 100 61 66 94 55 93 13 40 
100 44 40 84 24 12 18 48 38 2 58 78 56 37 69 64 72 96 14 36 45 9 10 6 13 28 34 3 91 80 8 83 41 39 86 73 50 20 31 79 92 17 47 22 89 76 82 35 74 97 90 23 33 19 11 43 7 63 87 93 21 99 27 51 81 60 98 71 57 4 15 68 65 26 59 25 61 42 49 94 29 88 53 67 70 1 55 75 62 54 100 30 66 95 52 85 5 32 77 46 16 
100 78 12 83 28 37 40 30 94 31 79 26 35 65 70 95 46 32 39 27 29 38 71 52 11 86 81 69 53 54 48 85 33 15 60 13 9 99 4 56 7 76 98 14 8 55 19 75 80 59 67 5 89 87 42 64 44 97 100 73 10 41 47 63 18 61 58 68 93 77 43 82 96 74 25 88 16 23 20 57 17 72 24 62 6 2 91 51 22 36 84 92 90 50 34 3 21 1 45 49 66 
100 52 26 56 57 46 16 85 49 54 31 93 4 48 65 5 39 14 6 1 7 3 18 63 30 53 81 40 29 10 69 25 17 60 75 35 61 62 100 73 41 50 44 91 9 55 2 12 36 32 20 72 27 23 19 34 70 82 42 86 67 94 38 22 96 99 97 28 64 87 77 8 47 33 59 13 58 90 98 78 37 88 89 84 45 15 92 66 11 24 83 80 95 76 21 79 68 71 74 51 43 
100 10 8 86 58 38 73 61 33 64 36 93 76 72 84 17 42 49 69 29 63 81 53 1 65 74 75 15 9 87 99 20 26 57 51 16 80 28 41 30 39 67 22 7 5 70 77 6 47 31 96 62 66 89 12 85 48 4 18 44 90 68 56 82 97 55 50 46 95 32 19 52 24 25 60 34 40 92 83 54 98 35 59 21 37 3 78 23 88 100 91 79 13 2 43 71 45 94 14 11 27 
100 94 22 2 73 19 23 29 39 44 98 12 75 3 69 47 95 5 34 88 59 16 9 55 96 83 36 77 49 58 100 48 93 37 7 30 80 92 11 70 63 51 86 14 91 60 6 26 38 15 32 46 18 43 42 65 13 62 1 52 81 45 72 84 10 24 89 76 67 97 85 68 79 50 25 99 71 54 57 64 66 20 33 53 87 27 21 8 82 78 41 35 28 90 74 40 56 4 31 61 17 
100 62 81 12 96 56 38 91 54 63 87 8 71 53 28 61 93 26 89 20 2 60 58 21 88 90 59 76 68 31 37 18 77 55 79 40 95 13 9 47 82 41 1 51 48 14 85 49 100 32 99 94 27 7 69 30 52 10 15 80 97 5 11 42 36 92 24 74 83 78 75 16 4 67 19 98 64 72 3 57 45 23 22 84 29 25 86 39 65 44 6 33 50 17 43 70 34 35 73 66 46 
100 80 78 12 23 73 43 5 15 33 14 68 29 18 51 100 50 98 85 36 1 53 71 89 67 19 75 55 52 93 69 17 26 4 58 86 56 63 96 82 62 16 25 27 70 72 41 91 42 2 57 49 11 3 59 97 99 6 20 77 54 46 84 45 47 79 90 30 24 83 60 22 76 8 39 10 95 37 13 94 48 87 40 65 61 66 21 35 64 44 92 32 31 74 34 81 7 9 88 38 28 
100 75 86 32 8 73 97 4 56 38 37 85 17 43 12 44 30 14 81 94 64 48 42 51 55 80 69 7 6 3 88 93 21 41 52 71 63 82 96 59 10 57 29 84 36 53 54 58 78 2 27 70 99 90 31 77 65 34 15 47 62 87 35 23 24 67 95 5 68 76 26 18 40 66 13 28 16 61 83 46 39 25 92 79 72 89 9 45 33 74 1 98 19 11 49 50 20 91 60 100 22 
100 3 71 23 51 7 47 39 83 98 17 48 96 41 37 81 6 89 64 36 92 32 52 87 94 12 15 26 2 29 78 13 16 63 35 34 20 46 40 88 19 33 24 4 56 76 70 93 99 42 58 55 74 57 9 100 90 18 66 21 11 54 68 91 82 77 14 80 97 45 8 67 10 38 50 5 43 79 25 27 44 84 22 53 62 1 30 95 31 65 69 75 28 86 85 60 49 72 59 61 73 
100 98 11 48 34 6 80 72 3 22 45 60 84 5 40 38 9 49 56 89 20 64 100 62 68 73 42 59 15 69 87 29 93 51 8 82 2 97 52 33 83 54 24 58 36 61 35 44 91 65 85 77 70 17 1 76 90 78 75 19 43 18 66 50 16 7 63 47 71 94 96 30 26 32 46 12 88 92 28 21 95 81 57 31 74 67 41 14 4 13 25 53 79 27 99 37 55 86 39 10 23 
100 8 92 19 63 51 90 18 37 21 7 56 65 35 86 41 16 31 9 68 55 48 43 24 15 77 87 2 64 76 25 83 42 100 22 91 29 93 33 11 12 95 6 70 3 46 36 45 80 71 27 94 82 54 88 38 78 97 59 96 17 5 50 57 44 81 58 14 73 62 69 28 79 85 47 84 20 98 74 75 10 26 1 30 49 67 66 72 13 4 89 99 23 52 34 60 53 39 61 40 32 
100 52 70 84 90 55 100 43 3 16 2 66 45 7 98 13 41 72 57 23 73 77 17 53 31 89 29 99 9 25 95 76 65 34 11 22 18 38 32 56 88 80 37 82 1 94 61 14 10 97 67 4 35 5 15 74 62 63 28 20 75 50 8 42 30 96 47 68 39 46 24 83 54 92 12 60 91 79 6 36 59 81 51 78 26 64 58 19 69 93 71 87 85 40 33 44 21 49 48 86 27 
100 57 92 26 2 94 52 35 83 97 96 70 62 67 75 21 59 39 87 51 12 30 49 33 44 56 34 53 5 54 99 19 45 31 74 43 8 48 78 28 82 6 88 72 64 50 22 76 86 47 18 63 80 71 41 23 46 7 84 14 79 98 65 68 81 77 1 58 69 13 3 36 38 73 42 37 29 15 20 4 100 11 93 9 61 90 60 89 25 95 85 16 91 55 24 17 32 10 66 27 40 
100 5 25 45 13 33 65 84 18 17 76 100 10 51 70 95 68 78 81 31 57 56 37 69 94 32 7 20 9 50 23 40 58 60 35 34 89 66 86 48 96 4 61 30 27 97 29 90 67 12 87 21 1 36 11 99 55 62 42 54 91 92 93 22 46 88 38 52 83 63 73 3 26 16 39 85 43 28 75 41 79 44 77 19 71 49 53 24 47 6 59 80 74 82 15 64 14 72 2 98 8 
100 44 57 73 48 92 70 30 88 23 84 66 45 95 54 8 38 78 18 65 62 58 31 49 52 59 77 35 41 67 98 16 64 75 29 32 90 1 50 15 46 11 37 33 51 91 7 28 12 43 3 74 68 34 2 63 93 10 42 14 22 72 87 9 76 89 86 94 19 81 36 55 6 79 61 53 25 40 27 21 69 13 96 60 99 85 80 5 39 83 56 20 100 82 24 47 71 4 26 17 97 
100 4 96 70 27 14 44 30 93 16 94 62 57 82 31 63 3 5 83 22 50 79 25 67 1 56 75 32 54 37 55 100 24 49 80 11 12 8 39 78 46 61 74 33 7 20 76 86 84 9 99 42 35 26 18 58 13 10 21 69 91 43 71 77 87 72 15 64 97 47 90 73 95 59 23 52 36 92 28 60 6 85 53 68 19 29 17 38 66 34 41 81 51 88 65 48 2 89 98 40 45 
100 62 25 46 16 28 18 1 83 53 85 23 38 36 73 95 59 29 67 93 3 43 7 24 26 58 21 82 49 51 40 94 2 33 80 60 78 15 27 22 17 96 5 44 20 54 45 64 11 99 12 89 47 34 42 65 75 57 50 9 55 74 84 68 66 97 4 35 71 69 10 88 13 77 63 70 61 48 72 87 56 41 81 19 52 98 100 76 39 79 8 30 31 14 6 91 32 37 86 92 90 
100 27 59 34 16 7 55 15 81 14 89 76 51 36 79 78 19 82 39 30 25 70 52 67 9 99 2 95 8 84 38 32 66 23 3 94 62 31 11 85 21 77 73 18 50 63 28 20 60 86 87 92 5 56 96 12 47 61 48 53 10 68 43 90 24 49 88 1 57 64 65 29 41 80 6 75 13 74 22 46 93 4 35 91 71 83 33 26 45 58 72 69 54 97 42 17 37 98 40 44 100 
100 21 28 69 83 32 90 96 92 81 62 74 98 65 84 18 41 25 36 31 10 95 43 1 5 23 40 33 97 9 100 54 72 19 6 20 85 8 34 12 87 94 67 59 64 22 35 47 15 51 89 27 4 17 86 63 56 55 79 66 57 50 3 38 46 75 78 26 16 93 76 7 61 2 82 91 77 53 29 42 11 37 71 52 80 60 45 48 13 88 70 68 49 30 73 58 14 99 39 24 44 
100 33 47 50 37 16 64 76 51 5 92 9 22 25 70 40 6 32 53 96 95 69 66 80 46 91 78 17 63 57 73 85 18 39 68 2 43 3 36 74 42 35 86 44 49 38 83 88 54 12 8 52 14 87 30 20 21 4 31 15 11 65 10 77 27 7 58 97 28 45 41 29 56 99 72 62 23 89 81 79 26 48 82 100 94 67 34 93 55 61 84 60 24 98 90 71 13 1 75 19 59 
100 90 58 3 36 97 14 83 92 91 89 55 43 30 16 76 66 63 77 39 1 41 10 74 50 29 17 62 38 53 13 7 9 71 82 23 21 99 65 2 51 73 12 44 40 93 31 54 33 6 67 47 75 94 78 95 57 34 37 59 15 88 25 79 4 32 86 72 11 19 61 20 68 56 8 5 22 60 84 28 81 80 87 35 85 98 46 70 26 42 24 45 100 27 69 64 18 52 48 49 96 
100 36 56 98 25 84 10 18 1 29 39 100 11 93 42 64 20 4 23 70 53 12 30 17 86 24 5 6 65 15 34 55 94 92 58 51 63 77 50 46 76 33 45 37 90 88 35 22 80 60 89 32 26 2 31 95 59 16 44 27 49 67 75 48 28 38 74 7 79 47 66 19 57 69 61 8 81 73 83 97 71 91 78 54 99 62 82 14 41 87 52 40 85 9 43 13 3 68 21 96 72 
100 93 19 32 28 40 2 8 30 20 73 47 79 29 58 63 92 86 69 51 27 57 67 52 37 90 9 83 50 14 49 6 34 15 39 45 17 13 78 94 43 41 25 84 35 68 62 95 98 81 12 10 64 24 88 91 82 76 80 89 55 26 75 22 7 42 46 1 21 4 100 36 87 18 3 56 23 85 96 11 77 33 59 74 44 38 16 99 66 31 61 60 65 72 5 53 71 70 48 54 97 
100 6 27 81 98 94 79 93 24 16 71 85 23 55 88 3 62 63 99 26 12 7 30 83 87 28 82 43 61 59 11 32 78 18 8 44 35 46 92 21 100 80 67 22 45 52 76 38 47 72 13 14 31 25 75 4 89 95 90 17 84 51 9 74 68 41 29 65 15 77 54 48 64 1 86 73 20 69 19 39 70 2 97 58 37 53 33 96 34 60 56 40 10 50 66 42 91 36 49 57 5 
100 83 72 39 11 40 15 10 3 24 98 61 86 53 65 44 8 57 66 92 33 87 2 35 13 32 46 88 77 96 18 31 20 29 94 100 82 28 7 21 1 63 62 95 37 47 58 38 51 97 76 85 93 54 30 73 55 69 52 49 67 99 9 75 43 74 71 81 26 60 68 34 48 4 14 84 25 79 17 5 23 56 12 70 22 19 90 41 42 45 64 91 78 6 36 80 89 16 27 50 59 
100 27 41 14 72 79 86 78 96 42 31 17 21 50 82 8 9 53 18 16 38 48 4 10 30 61 25 100 44 62 69 95 56 20 99 15 57 37 19 88 45 98 97 83 64 32 70 40 28 49 76 33 55 47 94 89 58 66 92 75 67 2 12 54 68 35 5 36 60 51 74 77 80 85 46 90 71 93 52 3 11 43 29 13 87 84 22 91 23 1 59 63 34 73 39 7 26 65 24 81 6 
100 27 48 1 8 93 65 39 79 89 54 19 36 75 77 46 56 35 85 98 51 53 43 92 9 29 71 97 86 25 44 21 38 7 83 22 64 68 26 3 80 45 37 95 61 5 94 33 28 2 90 31 4 76 20 78 57 34 66 24 67 13 70 62 58 49 42 47 99 100 6 15 55 72 73 10 96 81 88 84 23 63 40 32 87 18 12 14 17 16 41 50 59 82 91 69 74 60 52 30 11 
100 24 82 44 69 8 33 12 78 6 100 34 73 84 41 87 55 71 85 83 4 64 39 62 88 35 58 9 31 2 56 1 49 15 27 32 76 91 74 68 53 29 63 81 93 72 92 11 38 30 65 5 17 98 37 70 22 14 16 25 21 45 23 79 86 52 77 60 66 10 59 42 26 89 47 67 43 57 36 80 51 48 94 99 96 28 50 90 97 13 3 61 40 19 75 46 20 95 7 54 18 
100 1 52 40 79 27 36 54 69 25 63 99 92 62 20 68 44 33 14 32 91 84 71 96 11 31 82 9 29 80 4 58 87 88 19 46 98 39 89 75 55 6 51 70 7 13 16 97 10 22 2 47 21 17 50 41 45 28 53 42 49 23 95 74 65 86 60 18 24 57 34 64 100 61 93 3 30 78 43 90 85 26 72 94 12 38 66 59 73 48 8 56 15 37 83 81 76 77 67 35 5 
100 40 27 41 99 7 89 18 26 100 36 70 16 4 76 48 13 59 19 12 93 51 61 22 75 21 34 86 31 23 47 44 57 74 28 67 80 11 25 43 53 17 69 29 72 35 92 88 91 56 49 90 8 30 50 79 24 2 66 54 73 71 96 55 62 39 64 98 60 45 3 6 42 20 78 68 85 58 9 95 52 15 46 77 84 5 63 10 94 82 37 38 97 14 32 81 87 65 83 33 1 
100 82 21 33 68 75 24 57 92 96 29 5 53 13 61 27 36 43 18 90 64 42 11 69 93 20 47 45 15 86 91 49 12 89 95 38 39 25 60 65 62 23 63 37 48 26 22 28 99 100 14 78 34 56 46 31 58 1 10 41 2 50 97 8 80 4 17 35 19 79 76 3 32 9 6 67 52 16 84 54 98 30 70 87 7 66 88 94 77 85 73 74 44 83 51 59 55 81 72 71 40 
100 16 83 48 58 69 24 40 27 42 32 33 6 77 14 100 25 81 51 65 76 52 37 49 20 28 85 89 82 88 30 34 94 44 96 92 70 10 86 41 95 45 59 13 90 98 18 93 7 36 97 56 11 31 60 73 91 57 29 47 43 87 61 35 53 74 1 9 68 46 39 78 12 71 63 75 64 19 80 55 38 99 8 54 26 23 66 2 15 4 79 5 67 22 62 50 84 3 72 21 17 
100 68 32 84 56 37 76 79 44 55 71 47 10 5 90 97 80 65 24 19 25 43 64 66 12 28 78 7 62 83 98 96 26 39 100 14 33 35 81 70 91 69 52 23 15 34 22 93 61 51 95 74 20 29 94 99 6 75 53 86 73 67 46 16 42 2 3 89 87 48 45 85 1 58 63 50 72 77 27 41 36 40 17 8 9 31 49 82 54 88 18 11 59 57 30 92 38 60 21 13 4 
100 49 99 80 5 34 65 100 19 2 51 9 74 71 23 56 38 50 16 76 90 15 35 73 81 39 36 53 63 64 69 42 88 17 12 43 59 97 77 92 60 28 21 47 46 79 20 45 25 44 94 26 18 3 78 11 31 30 4 93 7 58 10 62 27 29 85 91 66 68 82 14 95 96 40 86 72 22 52 24 41 87 83 70 67 61 89 37 54 98 57 48 1 8 55 33 84 75 13 6 32 
100 94 95 52 28 50 55 67 39 44 5 100 86 10 37 87 18 48 24 43 93 85 79 70 2 12 91 34 32 65 27 20 25 36 62 75 63 15 23 3 92 57 56 98 90 71 42 53 14 8 61 64 89 4 11 77 9 58 60 31 6 68 81 47 51 49 30 69 16 96 1 17 97 84 76 46 72 73 38 66 22 80 88 29 41 78 7 45 83 33 19 99 26 13 40 59 35 82 54 21 74 
100 78 24 27 31 52 88 64 100 11 87 3 38 67 68 47 90 80 95 96 55 69 21 74 20 10 73 56 81 25 92 5 12 61 94 9 75 29 85 86 14 44 4 22 33 17 36 72 43 83 13 23 84 30 18 48 8 41 37 66 16 93 1 59 6 89 54 2 91 99 82 58 15 51 71 34 39 62 50 40 77 65 70 98 97 57 32 28 7 49 60 26 63 53 42 35 76 79 45 46 19 
100 63 35 60 30 16 97 53 36 52 57 80 54 15 9 70 5 42 74 47 87 72 21 79 23 8 10 100 82 58 3 46 62 81 39 92 31 75 69 89 38 48 20 49 7 71 56 88 55 6 37 28 41 51 95 24 27 26 12 66 50 25 84 73 90 85 13 18 45 44 93 33 1 99 94 40 19 78 96 77 68 2 86 83 43 14 29 91 59 4 67 98 11 61 32 17 22 64 34 76 65 
100 29 51 37 23 43 87 15 34 19 2 5 10 76 99 24 26 44 18 36 86 41 16 89 38 1 42 50 85 46 71 70 57 13 100 92 62 55 96 9 28 97 75 83 35 64 84 98 94 82 31 52 81 3 7 72 27 40 54 20 17 69 90 68 63 77 14 8 61 59 25 74 47 66 30 67 58 4 80 60 91 79 33 6 93 65 49 11 45 88 21 78 73 39 95 32 22 48 53 12 56 
100 57 12 60 34 52 58 18 70 91 9 24 21 99 51 14 20 84 67 74 15 2 85 100 98 42 89 23 96 6 45 19 11 66 32 68 47 16 56 75 50 49 26 83 95 79 7 53 63 78 81 76 13 87 10 97 36 17 41 73 65 55 46 28 37 59 27 40 22 35 94 62 64 1 80 38 25 93 3 86 88 77 5 90 33 29 4 48 72 92 69 43 31 82 44 54 71 30 8 39 61 
100 16 73 75 23 4 20 36 76 67 18 28 81 63 49 59 50 93 88 41 6 96 80 11 74 21 94 57 37 64 10 17 100 48 29 30 42 61 68 85 2 25 27 89 44 12 86 33 60 8 78 1 47 56 15 52 54 51 19 45 79 26 22 82 14 62 24 91 83 55 32 38 35 39 84 66 65 40 7 3 5 97 46 95 34 69 99 72 87 53 70 71 58 92 98 9 90 31 77 13 43 
100 75 48 9 65 5 41 46 70 92 85 42 1 67 33 78 21 98 91 32 94 96 82 26 73 20 93 24 12 59 88 64 89 51 18 83 72 55 87 47 23 100 7 40 37 35 77 74 66 13 90 34 27 15 57 4 49 43 50 10 6 80 28 99 30 53 45 62 29 86 44 8 95 58 63 36 14 25 3 71 38 68 84 19 2 39 17 60 79 76 69 81 97 11 56 52 61 16 54 31 22 
100 35 7 91 16 72 53 99 36 61 26 14 5 92 82 77 50 85 13 63 94 23 22 65 69 17 97 41 70 67 60 89 18 56 37 78 79 8 32 68 4 33 38 25 48 29 34 71 10 44 81 43 42 83 66 1 52 96 31 40 95 49 45 11 9 59 28 55 21 46 3 87 88 47 15 20 62 76 86 54 74 75 84 58 30 93 6 12 64 73 57 90 19 51 24 98 2 27 80 39 100 
100 48 74 43 40 38 58 75 78 36 16 12 8 96 66 97 9 46 70 90 83 81 94 22 84 6 60 52 67 35 57 25 27 19 59 10 7 61 56 44 11 92 91 53 15 39 18 24 34 63 42 82 13 100 4 99 47 55 86 95 54 30 23 80 62 65 98 1 5 45 77 68 69 31 26 14 79 33 88 93 72 2 87 64 21 29 32 89 85 76 20 50 51 73 37 28 71 3 41 17 49 
100 23 79 78 66 5 59 36 17 92 29 34 77 72 74 20 82 53 55 39 94 75 24 84 18 95 32 37 67 99 30 38 44 26 70 35 50 46 12 11 54 60 21 25 9 100 52 90 96 16 15 31 27 56 40 57 80 71 98 47 1 10 7 91 2 68 61 69 89 58 4 48 63 14 13 88 41 87 86 42 3 81 93 73 33 6 64 19 43 51 76 45 28 97 8 83 65 22 85 49 62 
100 15 61 58 39 40 3 21 66 41 79 88 19 18 82 75 43 68 46 74 98 59 94 22 65 48 32 76 14 30 87 62 64 13 69 12 95 81 6 1 34 100 23 85 20 51 36 71 26 2 37 8 93 45 78 72 16 96 60 91 97 31 70 4 5 53 77 89 17 10 92 55 11 83 67 84 28 47 25 80 52 38 29 35 42 9 63 44 99 73 90 86 54 49 24 50 27 56 7 33 57 
100 56 97 20 21 86 2 43 33 79 58 27 83 10 76 31 17 41 72 18 81 100 50 11 1 69 91 54 53 28 55 57 7 64 15 22 60 24 96 99 85 30 98 62 71 12 75 29 61 3 16 63 32 36 4 94 68 9 14 13 92 67 87 39 26 46 84 70 37 6 74 49 48 51 93 19 66 45 77 44 38 95 40 34 5 52 73 89 42 23 25 78 59 88 8 35 47 80 65 82 90 
100 70 33 17 39 48 77 19 22 94 45 41 18 55 100 54 6 83 12 99 82 46 88 49 7 40 50 24 79 80 71 15 37 95 13 90 8 28 92 5 26 21 85 61 57 91 32 53 4 87 14 34 1 38 74 72 98 20 78 67 93 62 86 51 76 73 3 56 89 60 96 59 2 68 36 65 69 16 43 64 84 81 31 35 75 52 10 47 23 11 9 44 63 58 97 66 29 25 27 42 30 
100 27 95 69 56 38 25 32 72 76 8 1 84 23 17 92 10 91 74 22 86 29 14 44 31 81 4 21 98 36 57 78 100 52 79 75 48 65 77 41 20 19 5 28 64 61 97 16 99 85 30 46 37 54 51 40 59 18 90 66 13 47 43 70 33 71 73 26 87 68 53 45 55 62 67 58 15 80 34 63 24 11 60 2 49 12 96 42 7 39 88 50 89 9 94 6 93 3 83 35 82 
100 59 30 94 78 42 45 48 43 86 8 89 66 99 53 20 95 88 40 41 84 65 21 74 72 96 29 68 61 81 1 52 54 76 33 32 4 71 5 10 35 38 67 92 56 17 97 51 93 79 62 39 49 19 2 9 14 3 24 90 55 12 27 87 22 100 60 69 47 46 58 16 11 26 15 6 34 75 31 50 77 83 18 73 23 57 63 85 80 36 98 91 44 82 7 13 37 70 28 25 64 
100 30 91 2 23 48 55 79 81 33 10 70 63 97 61 44 4 17 90 59 94 80 82 35 88 39 21 47 26 7 99 22 65 85 37 50 96 43 86 12 93 52 20 36 71 31 54 66 72 3 51 34 49 56 73 16 9 89 67 40 15 46 11 18 69 95 24 19 62 13 84 60 75 92 76 77 83 6 25 68 1 74 98 78 8 100 29 32 42 58 5 53 27 87 14 64 45 41 28 57 38 
100 23 76 2 22 63 82 98 39 51 7 58 72 53 6 33 14 61 26 67 28 52 55 59 66 77 75 95 49 68 17 38 20 80 29 25 100 21 42 9 31 11 41 65 32 56 15 71 81 13 50 73 8 60 89 79 88 45 43 48 19 4 30 84 44 90 97 10 86 46 36 18 94 70 83 5 37 34 35 47 96 87 57 78 92 62 99 1 74 3 27 54 12 64 40 91 69 16 93 85 24 
100 99 88 64 95 19 55 13 74 71 18 72 100 48 91 92 62 45 86 34 70 46 47 98 30 38 4 29 80 36 59 3 39 40 79 63 9 97 57 76 23 8 31 52 90 87 50 6 26 66 41 1 75 17 94 82 12 43 58 77 2 15 53 14 84 85 28 49 78 81 67 22 33 60 51 11 65 35 54 24 27 37 56 20 16 61 44 25 5 42 89 73 68 21 96 10 7 93 69 83 32 
100 28 97 71 11 54 69 19 80 87 29 53 86 63 62 30 34 91 14 48 22 66 1 68 2 25 94 18 65 32 41 70 46 16 96 58 23 27 4 39 52 79 61 5 89 37 74 13 82 33 24 57 83 98 95 42 9 20 100 26 76 12 8 36 56 67 49 72 40 92 17 38 31 35 60 59 47 93 84 81 51 64 75 21 44 73 88 77 99 78 55 15 6 10 85 7 43 50 45 3 90 
100 5 86 3 51 55 95 31 19 72 24 50 65 17 2 10 4 44 73 85 8 40 41 89 78 82 14 70 83 57 48 66 98 90 99 87 46 75 80 23 38 7 62 94 45 15 56 37 93 47 64 96 84 39 36 21 18 16 43 91 68 97 88 35 58 33 77 30 60 20 22 6 53 28 79 81 13 12 63 74 25 1 52 29 92 9 61 59 11 67 42 69 27 76 71 26 34 100 54 49 32 
100 19 18 26 62 32 67 65 50 96 35 7 69 80 63 53 29 27 4 76 36 60 8 39 77 97 64 40 66 100 51 41 58 2 93 25 17 9 55 79 52 81 56 34 47 94 43 68 73 92 11 38 83 44 82 95 90 3 14 98 42 6 5 30 70 87 1 21 86 54 28 85 31 45 49 72 48 16 13 12 59 46 24 10 91 61 22 71 57 15 33 88 89 37 84 74 23 20 99 78 75 
100 4 65 16 61 35 52 15 76 34 39 80 71 97 92 7 42 41 89 56 60 33 28 86 85 45 59 36 58 66 88 22 57 23 24 70 20 18 51 8 17 98 48 87 9 5 96 38 83 93 63 73 46 62 100 64 37 29 72 3 2 1 77 53 32 94 91 27 95 13 50 14 25 79 75 99 49 12 30 6 10 47 43 90 68 74 55 82 69 11 21 54 67 44 40 84 31 78 81 26 19 
100 18 70 10 95 40 64 94 74 2 44 38 49 99 88 7 23 32 90 53 24 28 15 1 33 71 14 66 84 76 87 16 73 96 26 22 77 63 78 20 21 9 82 72 37 54 45 85 12 62 81 42 36 30 92 59 43 61 75 34 68 51 79 6 67 58 19 13 29 46 83 47 97 98 57 5 93 27 3 55 56 35 48 69 41 25 11 60 52 86 89 100 80 31 39 65 8 17 4 50 91 
100 25 33 95 9 7 100 65 49 28 57 40 21 23 34 62 96 44 98 70 78 11 41 29 36 64 84 74 6 20 72 16 87 1 4 31 15 99 8 88 22 85 77 17 89 53 35 66 67 61 54 18 5 59 93 82 30 63 68 38 37 43 26 27 51 91 97 94 12 71 86 42 2 47 83 32 50 45 56 48 60 90 58 73 76 14 75 10 92 81 19 55 24 52 3 13 69 79 46 80 39 
100 15 46 35 31 6 94 17 13 90 28 73 78 2 38 11 24 52 48 21 96 82 57 84 98 77 50 51 20 14 41 70 54 33 42 8 62 95 5 32 72 19 80 3 79 92 69 47 55 9 49 93 43 44 86 81 22 39 67 60 71 91 34 18 10 66 68 63 74 37 7 59 97 88 45 99 29 27 56 64 100 12 23 58 36 4 40 85 26 75 25 76 65 16 30 1 53 89 87 83 61 
100 81 25 96 82 72 47 86 70 87 95 65 24 39 55 78 74 40 28 76 100 23 79 16 32 22 53 11 91 45 34 57 77 44 8 31 38 90 21 46 18 63 93 14 19 1 27 98 35 2 97 49 50 54 73 5 84 42 43 80 15 69 3 67 62 30 92 7 60 59 58 48 56 52 51 9 64 68 61 13 71 37 4 29 10 83 75 66 12 85 20 88 99 89 33 26 41 36 94 6 17 
100 81 59 54 95 21 4 20 77 91 33 71 32 66 7 86 14 58 28 2 10 45 96 83 48 73 69 75 11 47 1 15 22 89 34 97 65 93 38 40 92 53 42 80 3 43 44 87 23 16 90 55 64 8 98 100 36 88 29 25 56 17 78 74 79 30 41 50 13 68 37 5 84 19 26 39 70 31 49 57 60 76 12 51 6 82 94 85 46 9 52 61 63 67 72 35 62 18 24 99 27 
100 96 9 16 35 89 55 79 86 91 65 74 47 75 45 81 8 98 38 28 87 21 59 71 51 67 64 94 62 22 68 82 76 56 2 26 25 14 93 3 58 40 95 78 5 80 83 7 61 72 4 49 32 97 34 11 20 27 43 57 60 54 52 19 50 39 6 23 84 90 17 99 31 33 13 92 48 1 100 85 73 29 12 37 77 63 70 42 30 41 24 44 46 18 10 66 69 36 88 53 15 
100 48 78 45 2 84 17 96 8 76 28 69 65 75 50 59 100 42 70 32 94 15 58 3 18 54 86 23 91 9 98 80 99 60 40 52 51 25 12 44 68 72 21 31 88 93 57 4 55 33 16 90 30 63 66 1 62 87 24 89 97 61 29 37 27 67 92 56 5 95 19 73 6 64 35 10 81 46 34 36 22 82 77 39 74 14 7 83 49 53 85 47 41 26 11 79 13 38 43 71 20 
100 19 15 33 100 83 32 49 94 21 85 34 41 54 99 79 43 90 14 37 28 71 91 76 72 22 97 56 86 23 5 16 53 44 35 75 64 66 24 57 36 73 78 74 11 67 3 88 9 52 68 51 25 80 29 58 40 93 2 95 96 30 38 98 18 8 89 1 69 63 6 87 50 92 47 65 27 26 60 48 17 61 13 10 59 4 45 70 20 77 46 81 55 31 7 42 82 84 39 12 62 
100 11 67 64 81 77 99 100 83 74 63 16 60 71 70 53 29 6 52 46 28 1 5 2 38 19 12 78 49 8 90 55 79 43 51 85 21 92 45 72 94 30 41 9 84 96 87 62 27 48 39 18 98 42 36 20 61 58 88 95 32 69 4 37 13 17 44 7 33 75 59 97 24 76 26 10 82 65 80 40 91 22 56 15 57 3 50 23 73 47 93 54 35 86 89 66 31 34 68 25 14 
100 41 50 75 22 72 86 77 25 4 14 2 24 52 84 23 58 1 74 45 90 15 20 44 36 73 88 32 80 63 55 37 98 12 48 6 31 34 9 99 27 21 40 49 53 78 61 11 96 30 60 38 83 66 10 69 28 64 54 29 57 82 51 16 3 59 26 70 92 13 95 35 47 46 67 89 33 71 18 43 76 19 100 97 42 8 17 94 87 5 7 81 68 79 85 91 56 62 65 93 39 
100 87 15 91 89 69 34 45 18 40 33 28 38 60 42 52 7 73 51 59 3 71 9 54 29 24 50 30 12 74 32 37 84 92 94 46 97 47 56 48 76 90 14 93 2 39 53 27 13 72 88 21 5 98 35 70 8 67 63 16 23 82 10 26 77 36 17 31 75 64 20 86 11 81 65 100 79 22 58 68 55 96 1 78 6 43 95 99 61 80 57 49 66 83 44 25 19 4 62 85 41 
100 26 65 1 20 8 58 28 81 72 84 47 9 30 60 29 92 55 85 15 27 87 19 54 73 41 63 59 46 43 91 31 56 90 53 6 11 42 94 66 79 4 14 17 70 22 40 25 74 62 93 75 3 95 44 5 52 80 36 99 71 7 34 51 89 86 96 97 82 76 10 98 33 13 57 50 24 78 2 49 38 100 35 21 39 61 48 69 18 23 12 32 16 64 88 77 67 83 68 37 45 
100 72 90 21 95 23 83 26 41 46 38 5 58 70 94 79 62 80 25 14 87 3 39 65 56 52 44 20 47 85 6 49 11 35 33 99 69 7 60 13 45 29 76 31 34 88 30 93 73 78 75 32 54 15 97 24 16 27 100 96 22 86 17 42 4 59 55 48 81 89 66 74 68 77 12 37 50 63 43 9 1 53 40 10 82 64 91 28 57 92 18 36 8 84 19 2 61 51 71 67 98 
100 59 43 4 87 11 15 41 56 54 40 19 24 45 74 25 81 10 5 65 75 2 32 1 93 50 23 62 58 63 22 96 61 84 70 47 97 89 85 51 100 60 67 9 44 94 82 21 79 73 86 66 80 13 16 49 37 29 95 17 33 69 26 68 76 38 27 71 57 83 52 99 48 7 34 18 91 31 46 42 28 36 77 64 3 90 6 88 14 12 72 55 35 20 39 98 78 92 8 30 53 
100 50 58 31 47 76 66 9 49 12 65 67 88 80 43 33 24 59 62 89 81 5 99 46 18 48 86 98 10 4 26 22 19 63 13 72 29 57 35 54 38 42 75 41 37 96 20 27 95 92 78 82 3 97 36 51 8 55 7 11 45 60 44 83 91 93 71 39 17 69 94 30 21 77 79 87 16 52 1 56 84 32 70 14 73 6 64 28 40 15 2 34 100 25 23 74 53 85 61 90 68 
100 21 94 22 90 98 33 75 85 39 83 57 89 13 11 34 82 24 64 25 46 88 10 31 19 44 70 4 37 5 77 66 65 52 6 45 61 95 63 92 58 67 72 54 93 9 41 87 50 56 8 80 40 17 47 68 81 16 30 73 14 43 53 59 51 97 29 79 86 84 1 15 100 99 18 60 74 26 20 38 3 42 2 71 48 12 69 32 55 96 62 28 91 76 35 23 7 27 36 49 78 
100 32 38 36 22 50 43 56 45 28 58 88 26 51 39 90 20 98 30 60 71 2 27 5 33 15 52 95 86 12 77 78 4 46 97 48 31 3 63 55 81 24 62 57 82 69 9 23 34 67 21 73 7 35 6 37 66 99 91 54 100 85 11 16 8 70 76 74 61 17 53 42 59 65 94 80 44 87 72 68 93 10 1 92 79 19 83 96 40 14 84 75 47 13 25 29 89 41 64 49 18 
100 18 88 47 1 85 59 6 44 2 49 15 8 43 5 11 76 67 56 30 48 83 21 66 70 42 64 12 35 60 41 9 63 95 72 78 37 69 20 36 91 26 52 86 58 98 97 57 27 75 39 65 32 80 17 100 38 23 92 46 74 19 99 10 25 84 81 3 77 31 87 51 7 22 71 24 13 96 73 29 93 54 55 33 40 68 62 28 34 89 82 61 79 45 50 94 16 4 14 53 90 
100 93 3 16 60 42 62 22 31 61 26 80 55 85 29 24 33 8 43 45 44 1 79 49 89 27 23 20 57 74 83 84 66 19 15 99 68 65 69 6 48 81 75 34 63 71 21 4 94 28 32 39 2 9 50 36 73 51 17 97 76 92 12 41 53 56 47 100 78 95 70 46 11 58 67 13 40 10 91 5 90 96 77 87 98 52 30 72 82 25 59 7 35 14 37 54 64 88 38 18 86 
100 67 58 42 9 66 75 81 62 82 70 52 21 11 96 39 59 7 47 100 61 2 20 13 8 91 10 64 87 99 18 63 46 92 85 71 45 30 15 6 60 1 48 80 83 72 95 29 93 40 36 38 32 41 51 37 12 79 26 90 19 25 16 88 23 86 76 14 34 94 65 33 77 97 57 73 69 68 55 35 27 49 3 28 24 31 43 78 4 54 84 74 56 17 50 89 98 5 53 22 44 
100 51 84 4 87 75 70 99 26 73 7 77 3 54 55 83 19 35 10 97 62 95 94 39 56 82 45 58 66 17 53 41 67 49 63 23 98 27 13 61 21 91 43 48 5 29 20 8 16 24 9 40 57 22 74 30 50 36 89 80 65 44 60 47 92 100 33 38 86 85 88 42 93 37 34 72 64 2 14 68 76 6 69 79 28 1 25 15 81 31 18 12 96 11 71 78 46 52 59 32 90 
100 66 15 94 88 61 95 87 80 82 67 70 78 37 100 47 75 68 17 36 96 35 14 11 16 54 46 71 2 89 91 18 29 77 21 40 1 57 64 43 32 22 83 86 97 4 52 23 48 92 19 90 3 12 73 30 9 56 63 27 85 44 42 8 65 41 50 39 49 76 20 25 84 10 93 24 62 5 26 69 74 98 59 60 31 28 53 99 81 6 33 79 58 38 45 7 72 55 34 51 13 
100 76 82 24 26 2 63 7 70 23 19 28 62 98 89 85 95 9 47 48 33 88 87 79 90 11 46 41 51 14 44 64 66 18 27 8 73 30 78 5 22 71 72 77 1 69 15 45 74 56 94 3 59 60 4 20 81 43 86 13 16 34 99 65 42 57 29 39 75 83 38 58 52 12 49 67 91 6 35 92 31 80 21 40 10 97 93 36 55 100 25 17 84 37 53 32 96 68 54 50 61 
100 75 12 27 56 23 74 11 47 37 76 39 98 13 67 72 38 14 5 33 61 81 65 83 48 53 44 69 82 4 17 50 51 19 66 36 93 71 70 7 2 32 40 24 80 9 95 91 97 3 10 64 22 8 43 79 49 62 58 28 96 31 46 78 59 18 63 52 42 21 60 54 16 86 29 88 89 41 25 99 15 45 35 20 100 84 57 55 26 68 90 30 87 92 1 94 73 77 85 6 34 
100 77 53 63 52 26 23 34 24 29 22 30 37 76 97 96 51 43 89 84 3 15 35 68 8 54 7 92 1 41 56 18 93 38 16 69 78 31 91 82 59 58 40 27 87 45 74 95 14 65 33 32 13 72 50 70 60 99 11 17 79 94 39 64 36 55 83 85 19 4 20 12 73 10 90 75 100 46 6 47 81 71 86 88 44 2 57 98 21 9 5 61 66 49 28 25 42 80 48 62 67 
100 82 40 53 25 95 85 2 46 45 88 28 81 62 73 43 34 66 26 6 50 72 31 22 9 12 14 80 33 70 7 89 86 78 38 74 44 3 48 65 98 10 58 51 71 16 39 19 27 55 8 21 30 35 57 100 29 99 61 69 4 60 64 17 42 87 23 76 49 92 20 83 68 96 77 56 15 91 63 90 24 18 5 36 11 47 1 59 75 52 94 13 67 79 97 93 41 32 84 37 54 
100 69 99 37 60 73 6 82 47 57 52 27 2 18 96 26 50 20 77 33 5 8 42 68 81 19 36 83 97 78 31 85 44 10 49 55 23 66 58 43 98 34 9 29 12 89 28 76 87 51 38 25 24 11 4 45 30 53 67 40 72 93 74 95 17 94 39 63 79 90 46 56 86 62 100 35 32 16 15 21 75 80 84 13 65 1 22 54 14 70 64 48 91 3 92 41 7 71 61 59 88 
100 42 17 47 86 39 49 37 3 84 24 99 56 51 78 63 40 22 44 58 50 23 35 30 53 65 55 57 62 73 94 96 9 32 52 36 5 19 15 41 98 69 26 28 31 4 43 91 81 29 97 6 33 80 72 34 8 18 76 67 16 79 74 70 83 87 89 38 14 92 61 45 59 1 90 10 11 68 20 75 82 88 12 95 85 77 54 25 7 71 100 46 48 21 27 66 13 2 60 93 64 
100 17 1 94 58 27 60 83 77 16 73 4 74 75 72 78 3 88 2 80 98 42 39 96 34 66 71 15 85 20 87 95 48 44 40 54 47 33 64 56 25 92 10 90 23 43 29 45 37 70 79 68 9 91 13 49 11 52 61 97 41 19 76 46 57 67 55 53 5 8 63 65 6 24 14 12 26 100 86 7 36 93 21 81 69 38 18 35 84 32 82 31 51 59 99 89 62 28 50 22 30 
100 43 77 78 12 68 45 84 64 88 85 71 57 49 89 26 83 63 40 58 19 13 48 86 90 17 41 34 53 76 56 60 2 96 80 81 37 1 100 21 5 72 38 11 93 61 15 47 4 95 9 91 55 94 74 50 69 44 54 7 24 8 97 22 87 32 33 10 20 3 66 42 46 14 36 25 35 31 82 98 51 29 30 65 23 70 92 28 16 79 59 73 52 67 62 27 75 99 39 18 6 
100 99 13 58 29 38 40 68 14 30 45 43 76 19 37 6 66 23 95 79 8 55 18 17 2 85 25 50 77 64 4 52 31 67 32 93 65 57 48 49 61 100 90 1 39 78 89 47 80 59 82 56 3 87 84 83 53 28 27 91 21 5 36 92 35 20 22 70 97 24 54 10 16 15 63 42 69 96 46 26 73 33 60 72 74 86 34 44 12 75 88 94 81 9 11 41 51 62 7 71 98 
100 69 30 76 73 89 85 41 42 97 40 21 74 91 79 3 78 62 14 49 83 10 5 7 61 34 20 17 6 46 92 66 93 55 25 75 52 29 53 2 1 50 64 54 90 100 88 4 13 71 77 86 24 81 57 70 44 31 23 98 51 99 16 94 67 84 45 11 87 38 56 48 95 33 27 65 15 80 35 9 60 58 19 32 68 36 43 22 82 39 96 59 37 26 47 72 18 12 8 63 28 
100 79 32 59 61 75 100 22 68 83 57 40 45 44 76 24 2 29 95 99 60 6 43 97 42 73 11 7 69 37 87 47 33 41 80 8 39 17 20 10 98 13 23 58 51 81 49 52 71 4 38 18 54 63 70 28 90 85 5 66 25 30 19 36 9 26 56 3 12 62 89 15 55 78 84 50 1 92 34 77 35 46 21 96 64 14 16 27 88 48 82 65 93 91 72 67 74 31 86 94 53 
100 45 76 48 53 42 2 43 32 74 60 97 81 29 100 27 91 52 98 88 82 12 51 13 10 68 75 87 39 36 80 44 20 67 9 62 73 41 49 40 79 17 4 86 46 71 58 15 38 22 96 66 30 25 90 37 5 11 95 54 61 78 28 70 63 56 31 50 24 93 8 89 92 21 47 6 23 14 35 85 65 33 16 83 55 69 64 7 1 19 77 84 34 26 57 72 18 99 59 94 3 
100 35 92 86 77 48 27 88 38 47 66 19 75 9 82 80 84 29 51 56 14 23 64 31 70 69 12 67 63 83 10 50 46 11 17 65 91 74 30 28 15 57 32 99 4 18 60 33 71 97 59 55 89 93 41 36 26 90 6 85 13 53 81 62 3 40 95 21 39 73 61 58 78 72 8 7 52 96 45 76 44 22 5 100 2 43 16 24 1 68 98 37 79 42 49 25 34 94 54 20 87 
100 37 57 26 33 84 17 9 12 49 71 45 75 86 89 40 13 61 16 38 20 8 2 42 82 76 97 32 98 100 56 47 27 94 53 46 3 7 34 80 62 35 65 74 91 77 24 5 68 18 28 81 60 29 6 67 25 85 21 72 99 39 59 15 50 4 36 41 66 95 90 78 88 11 55 51 10 83 58 63 43 48 52 70 93 69 19 30 22 23 96 79 54 92 73 87 1 31 14 64 44 
100 76 59 91 60 96 61 12 1 98 69 68 42 86 75 18 49 13 31 63 22 44 17 78 67 16 48 62 100 92 94 7 38 30 87 45 89 24 20 72 23 50 84 32 43 57 95 54 21 55 39 52 3 9 36 2 28 47 11 56 37 53 26 93 88 35 97 8 15 80 90 66 4 41 70 58 6 82 40 99 5 74 14 85 27 79 64 19 83 65 81 77 25 29 33 46 71 73 10 51 34 
100 78 28 51 27 94 7 16 68 4 58 50 79 69 90 55 54 82 64 97 46 36 93 98 47 2 89 75 66 42 31 44 32 65 3 8 15 95 91 61 26 35 71 85 11 74 62 1 76 87 14 5 49 19 52 88 99 17 21 57 72 43 84 9 70 38 25 30 83 18 81 100 12 37 56 96 45 53 13 92 73 6 23 67 10 33 29 40 63 60 77 80 59 22 41 86 24 48 39 20 34 
100 14 2 1 90 8 69 89 71 46 97 81 83 23 99 11 58 63 19 34 68 87 39 80 10 15 48 78 29 9 73 53 62 12 32 76 91 49 61 25 47 30 43 60 42 95 98 4 86 56 93 100 59 51 82 52 26 96 5 44 22 3 27 72 6 94 35 21 16 54 65 79 7 13 31 45 50 55 85 41 57 92 74 40 70 28 17 24 66 64 88 20 33 84 67 38 18 37 77 75 36 
100 15 63 29 92 1 52 54 46 75 60 16 35 87 5 53 6 36 56 94 47 96 57 37 38 51 27 66 14 65 30 2 61 84 62 90 91 31 17 32 55 19 59 97 49 22 4 98 28 64 83 71 3 40 95 93 21 68 73 86 13 89 41 42 12 77 45 72 10 34 70 99 88 7 78 85 11 39 74 25 24 50 79 9 23 69 67 18 8 44 33 76 82 80 26 20 58 81 100 43 48 
100 95 93 62 72 2 48 59 24 70 58 12 57 97 55 32 75 56 71 30 49 26 99 21 43 50 6 40 100 52 35 34 65 31 60 18 69 15 14 47 13 61 3 46 88 25 77 37 78 53 28 96 17 85 79 90 80 11 36 39 66 94 83 16 20 68 91 74 19 23 73 84 10 86 9 22 81 38 1 64 42 8 33 63 92 89 87 67 41 4 54 44 45 51 27 7 82 5 29 98 76 
100 100 50 72 6 3 33 76 40 11 10 7 47 93 97 87 70 73 78 69 28 36 5 92 21 48 90 41 77 83 57 55 46 99 42 26 58 84 29 81 64 65 56 53 27 39 89 52 66 95 60 23 4 45 74 98 17 68 32 67 18 63 80 14 24 22 91 94 2 35 31 85 62 49 34 61 9 25 13 16 54 15 51 71 96 59 43 82 86 12 75 88 38 79 37 1 19 44 20 8 30 
100 64 63 45 5 38 51 37 4 34 58 54 1 89 11 53 24 92 78 98 82 91 28 73 50 13 29 70 22 25 100 44 67 30 6 94 27 9 79 2 12 69 42 3 75 23 39 47 81 31 17 84 20 32 86 40 60 7 65 18 72 36 52 19 77 10 21 76 16 55 71 15 96 8 87 80 61 68 35 62 43 26 83 97 99 59 88 66 14 41 49 56 48 85 57 46 93 74 95 33 90 
100 99 64 81 44 72 60 54 69 30 1 86 95 43 9 76 35 24 32 7 27 40 18 6 36 34 42 47 78 48 5 31 59 49 61 66 41 65 10 12 38 58 97 2 67 15 51 91 87 90 75 50 98 92 68 14 3 23 53 37 13 89 33 100 63 56 77 46 83 4 55 93 82 62 8 85 74 94 21 26 71 45 11 22 29 57 84 28 20 17 19 73 16 39 96 80 70 52 88 25 79 
100 74 42 53 24 89 59 65 18 6 55 82 7 32 90 75 77 61 19 11 38 70 25 57 60 97 95 29 98 33 16 73 69 35 58 13 9 78 49 52 81 37 36 79 62 50 45 92 66 87 48 63 8 54 43 96 1 83 40 64 46 5 27 68 31 41 23 67 88 26 100 12 22 94 99 21 84 2 80 72 86 15 56 4 39 85 30 91 76 93 20 28 3 44 17 71 10 14 51 47 34 
100 71 15 99 24 61 81 90 47 13 55 37 98 5 95 67 33 53 11 96 1 60 31 17 34 58 52 6 26 77 19 10 65 16 30 48 68 39 18 51 28 43 4 100 70 22 66 63 82 41 21 36 20 92 86 79 94 44 38 29 9 35 97 93 45 76 14 84 72 2 62 27 12 25 42 85 40 91 3 89 59 69 64 54 7 87 83 32 88 57 50 73 80 75 8 56 78 46 23 49 74 
100 43 21 6 46 36 11 74 66 10 72 100 31 56 53 28 92 26 1 85 37 62 19 23 94 30 57 69 40 80 97 45 8 9 51 79 83 52 29 67 5 22 18 55 71 35 73 3 44 88 81 49 50 39 32 16 27 84 91 12 77 42 13 60 2 82 34 86 14 20 4 17 59 48 41 24 95 63 78 99 58 65 68 96 61 15 70 38 89 33 64 98 54 90 76 75 7 93 87 47 25 
100 66 78 56 60 1 67 83 32 59 68 91 26 65 34 93 58 87 15 49 52 63 89 8 2 28 62 10 64 43 12 94 30 96 7 48 55 19 3 13 82 24 95 6 75 77 85 88 57 97 22 20 35 45 99 76 71 40 41 29 14 16 70 54 38 84 53 46 98 27 92 81 86 90 5 36 100 50 23 9 17 79 44 4 74 80 33 42 18 47 25 11 21 72 37 69 61 31 73 51 39 
100 69 31 67 71 61 57 55 23 32 90 49 40 47 30 100 43 89 58 68 48 17 95 50 53 33 81 98 4 82 66 63 24 21 36 97 87 12 99 51 5 83 6 80 14 16 1 85 60 77 39 35 26 70 15 7 65 8 34 11 74 28 25 75 88 41 22 93 54 18 56 78 27 52 42 10 94 3 29 44 46 38 92 59 45 62 37 72 84 76 86 9 91 64 19 20 2 13 96 79 73 
100 4 94 24 84 96 73 53 93 89 36 28 86 1 66 88 64 60 46 50 63 97 85 69 44 51 87 67 19 58 74 56 18 80 78 90 29 43 40 45 16 75 10 98 7 20 38 82 26 49 41 21 79 25 68 8 9 99 32 83 22 42 47 91 27 95 33 71 54 61 59 72 13 57 76 17 77 81 12 65 2 6 100 37 39 92 62 11 15 30 34 23 14 55 35 3 31 48 70 5 52 
100 47 12 77 79 3 74 57 25 43 91 31 100 46 23 27 63 34 32 29 87 94 67 30 50 59 15 21 9 75 53 54 7 82 92 80 68 40 95 17 13 55 37 18 20 69 98 44 42 88 4 1 19 16 85 33 28 2 89 90 45 48 38 71 99 86 22 93 8 26 36 81 14 96 49 83 61 11 72 76 70 73 56 51 35 60 41 65 10 24 66 39 6 78 58 64 52 97 62 84 5 
100 23 57 4 16 53 37 76 90 8 36 55 2 50 81 74 42 71 39 59 7 99 32 45 31 15 97 75 27 62 52 83 34 11 58 1 43 69 24 66 64 33 56 54 87 10 72 9 89 82 35 22 85 5 30 65 61 68 18 46 20 6 78 41 88 40 51 21 48 25 12 98 94 14 84 60 38 49 96 95 86 92 70 80 19 63 44 29 100 13 91 26 28 79 47 17 73 3 67 77 93 
100 19 69 61 21 74 52 72 46 1 71 60 20 6 41 58 36 91 94 35 62 78 13 73 9 17 97 75 81 7 5 88 70 12 80 59 37 22 93 29 55 24 77 34 14 40 16 26 43 98 79 2 65 64 63 15 66 99 45 85 56 49 96 48 42 67 89 54 84 8 44 86 25 92 82 27 4 28 18 50 83 33 38 10 68 31 53 90 95 39 100 30 57 3 32 23 51 87 11 76 47 
100 14 85 65 62 16 9 7 32 76 69 19 55 80 12 17 5 8 36 30 31 87 92 71 53 75 38 44 3 66 96 21 88 34 45 52 82 33 83 49 72 67 56 84 10 42 54 29 41 100 59 22 99 23 63 74 68 15 73 39 20 58 4 95 13 27 93 91 61 78 77 40 28 97 89 90 37 48 51 18 79 25 11 43 35 64 26 57 60 1 46 98 2 70 94 81 50 47 6 24 86 
100 61 40 98 70 20 4 3 19 69 41 96 44 24 92 55 49 16 12 32 74 33 65 8 38 34 100 39 84 58 2 23 42 88 45 67 37 48 21 25 90 7 9 99 27 97 57 95 53 43 26 5 14 85 28 94 73 83 35 36 22 54 91 80 17 31 68 72 30 52 50 89 56 79 64 11 62 51 93 6 77 29 75 76 1 63 10 81 46 60 78 86 15 82 66 71 47 18 87 59 13 
100 72 66 10 90 82 8 7 54 55 61 68 44 26 5 41 28 20 14 80 40 36 23 76 93 79 12 17 62 56 78 38 58 65 4 24 52 57 39 87 95 25 2 27 63 77 34 15 18 30 67 9 31 64 51 42 74 53 49 35 85 50 70 71 3 91 46 48 22 59 13 75 69 32 73 86 84 11 97 99 94 29 89 83 92 81 37 47 1 100 45 88 43 16 98 19 21 60 6 96 33 
100 87 14 35 73 79 9 7 54 42 26 72 18 99 55 2 96 84 80 43 52 12 58 36 8 78 69 76 3 62 74 81 29 48 68 10 61 67 33 95 17 19 59 47 90 5 63 53 24 91 16 34 41 6 92 40 23 22 85 65 45 97 70 32 11 86 100 37 93 25 1 46 94 57 66 4 75 31 28 50 20 44 88 21 98 15 13 82 39 27 38 77 30 60 64 71 49 51 89 83 56 
100 98 91 74 54 51 76 15 41 31 64 81 84 49 29 69 3 62 33 85 1 58 82 19 68 70 88 11 45 89 12 75 4 34 79 9 16 2 67 5 37 8 71 61 60 92 36 10 13 90 6 47 55 56 24 17 18 14 65 23 42 38 22 63 87 53 48 7 78 94 95 35 83 32 96 80 46 28 26 44 86 57 77 93 59 97 73 39 50 99 100 66 40 30 21 72 43 52 20 27 25 
100 35 54 48 19 70 97 64 51 98 90 87 52 28 61 91 81 74 32 63 46 34 1 23 89 100 72 60 49 45 24 2 38 77 12 37 83 25 75 55 43 57 96 42 92 94 6 39 68 20 65 16 30 82 44 13 56 47 88 71 79 67 40 50 31 66 62 99 9 85 26 36 59 3 14 18 10 7 78 76 22 33 15 8 73 69 4 29 86 95 5 27 93 41 11 17 84 21 58 80 53 
100 62 92 95 29 60 34 42 97 12 20 17 44 89 82 70 98 76 56 79 66 68 2 48 33 9 84 99 55 73 91 32 58 36 31 69 100 3 1 21 50 88 57 78 63 38 24 81 87 49 37 26 47 18 39 71 96 15 10 28 74 93 83 59 94 54 5 46 86 19 67 52 25 4 35 75 13 45 6 22 64 8 27 40 65 72 30 23 90 61 14 53 77 51 7 43 11 16 80 85 41 
100 58 49 24 60 48 13 89 40 63 22 72 34 88 90 54 69 51 2 82 94 78 98 67 99 87 29 57 92 38 20 43 30 84 61 65 1 36 46 4 5 93 15 79 21 3 25 53 85 66 45 31 42 6 50 8 47 64 28 52 44 100 80 83 55 26 37 73 35 71 62 95 14 9 97 27 18 77 23 11 59 86 17 75 74 91 32 39 76 81 56 33 68 70 7 19 10 16 96 12 41 
100 67 62 66 60 5 93 77 85 74 71 52 8 79 24 4 86 56 44 39 82 26 9 12 34 88 23 81 14 54 46 95 58 49 94 47 43 72 68 13 53 10 18 73 7 41 76 17 42 91 45 100 22 70 63 19 65 59 20 83 1 27 29 55 89 38 30 92 3 32 48 69 97 33 96 84 2 31 28 50 98 16 36 37 78 64 51 35 21 15 40 80 25 61 57 87 11 90 75 6 99 
100 25 42 87 37 22 6 85 64 65 55 100 50 92 10 76 14 2 26 5 28 17 52 78 61 69 96 36 47 30 68 40 24 48 44 20 80 79 91 16 56 8 84 32 27 45 62 58 93 33 31 19 41 11 77 71 98 9 94 51 39 63 53 72 1 70 82 83 54 3 7 46 21 97 18 90 12 38 34 89 86 60 15 81 66 43 57 13 4 74 75 99 23 35 73 88 59 29 67 95 49 
100 91 55 33 84 80 52 86 76 25 90 87 28 72 93 19 42 60 56 41 64 3 63 95 30 22 70 12 31 17 45 5 8 21 83 38 77 4 61 54 69 11 79 27 62 78 36 75 53 24 6 59 67 71 15 89 18 92 34 35 14 47 2 20 43 37 82 97 85 49 58 23 44 29 7 96 65 9 88 98 73 100 26 68 16 57 48 50 46 10 66 1 39 40 74 13 94 99 32 81 51 
100 94 71 72 47 33 61 93 57 31 25 51 95 27 87 73 83 14 21 42 46 99 15 52 7 85 81 67 23 55 13 65 78 75 96 10 91 37 50 18 28 9 43 84 22 59 6 45 24 38 16 36 11 54 82 77 19 98 64 76 29 60 89 68 40 32 17 69 48 3 1 100 92 12 58 86 35 44 49 63 5 8 79 88 20 41 26 30 4 2 70 74 56 62 39 90 53 97 66 80 34 
100 19 8 12 64 89 4 82 91 85 24 66 33 6 53 22 68 69 20 74 5 25 58 75 81 92 7 10 43 31 51 57 88 52 50 77 14 61 59 72 84 42 23 44 96 71 40 90 11 54 28 78 18 80 48 17 27 87 65 37 29 95 70 38 36 62 30 39 45 21 97 2 67 99 49 34 94 41 76 13 86 15 35 55 98 3 73 93 100 47 79 46 83 26 56 9 32 63 16 1 60 
100 68 48 62 58 86 89 57 71 21 77 10 27 59 14 99 78 13 15 42 44 53 40 35 82 66 1 43 84 49 69 100 61 55 30 4 3 88 24 38 63 28 70 20 50 23 36 64 67 83 47 37 79 6 72 85 25 54 5 33 91 12 60 18 76 8 11 80 9 32 95 97 73 7 98 46 19 22 51 16 93 45 17 81 56 94 75 34 90 92 31 87 39 65 41 29 96 74 26 52 2 
100 54 13 47 75 80 26 59 100 37 84 23 69 79 53 68 36 28 46 63 9 35 33 6 96 83 4 44 77 56 61 95 12 78 98 58 27 64 34 52 1 87 93 38 73 10 85 18 82 42 92 86 3 30 51 29 67 49 89 76 5 21 17 48 74 57 8 11 91 81 2 20 41 55 43 72 15 71 99 66 45 70 88 25 50 22 60 7 62 90 31 16 19 32 40 94 65 24 14 97 39 
100 46 74 47 23 68 36 41 31 65 89 96 17 32 19 51 15 93 22 54 7 1 83 13 73 70 52 86 69 57 90 94 24 42 53 98 48 76 25 3 44 66 28 50 9 82 10 91 29 75 56 80 84 20 49 43 2 12 87 88 4 38 97 92 26 58 71 78 61 37 63 40 64 60 34 33 100 72 77 27 6 11 35 85 62 67 81 45 59 21 5 95 30 39 16 55 8 18 79 14 99 
100 47 48 82 54 7 73 27 77 78 95 34 96 63 80 22 75 92 68 38 50 9 100 11 10 60 86 18 53 90 46 93 56 58 28 16 32 39 21 30 85 13 24 61 14 26 71 15 65 94 81 1 79 51 84 83 6 37 59 4 20 36 40 89 5 70 64 87 25 66 74 12 98 2 52 29 72 31 35 55 41 62 97 19 33 42 67 8 43 76 99 69 44 91 45 57 3 49 17 88 23 
100 94 39 25 62 10 65 83 90 47 54 33 46 73 89 87 23 1 2 7 42 13 84 11 55 57 99 35 78 91 43 64 59 24 74 97 17 40 52 34 80 18 88 85 38 48 56 28 31 66 45 32 67 68 96 71 50 86 29 61 5 53 44 63 12 22 27 36 75 77 21 16 100 15 98 30 9 81 82 58 49 76 3 70 93 19 69 51 79 26 20 92 60 4 41 95 8 14 37 72 6 
100 47 43 22 12 3 86 29 15 73 6 18 37 78 17 88 9 46 23 21 70 84 67 2 74 57 93 5 94 44 41 75 50 83 69 16 62 97 27 63 38 10 45 82 31 77 87 39 59 42 68 65 81 33 80 55 40 54 95 7 92 61 26 100 48 51 56 99 49 13 34 11 60 4 14 90 91 30 19 76 24 71 36 85 1 35 96 79 32 66 8 53 25 98 64 58 52 28 20 72 89 
100 87 37 94 21 2 12 62 42 35 46 80 30 57 6 50 15 20 39 32 33 72 41 69 10 44 11 90 24 100 70 97 51 84 48 56 89 95 60 47 4 43 25 3 61 5 76 55 53 64 23 27 83 77 92 71 45 88 34 81 93 26 7 78 73 98 58 28 63 66 40 22 38 75 79 59 13 8 67 18 16 74 36 49 31 65 96 14 17 82 68 85 29 1 52 99 86 54 9 19 91 
100 42 51 62 98 99 44 80 97 16 36 92 31 25 8 47 21 96 12 24 4 82 53 1 49 64 30 83 27 58 10 66 28 34 67 77 20 41 87 2 86 40 75 72 59 79 73 17 38 84 55 14 61 3 93 88 9 91 43 95 52 78 22 29 23 7 65 39 71 13 63 32 11 18 60 74 54 26 35 45 37 68 70 85 100 19 50 33 89 56 48 90 81 15 5 94 6 46 57 76 69 
100 9 96 61 11 34 70 58 93 43 29 100 37 24 39 89 8 44 53 74 1 95 6 46 94 63 10 60 42 27 90 68 64 22 5 67 32 69 48 36 72 86 35 15 88 99 13 2 65 84 45 81 51 16 76 80 91 62 52 31 49 59 21 66 77 79 75 40 47 73 26 19 56 3 12 97 78 18 83 71 17 85 50 23 87 33 14 54 7 57 4 25 55 28 92 30 38 41 98 82 20 
100 46 34 33 58 5 92 55 37 62 32 57 30 93 36 63 47 6 99 40 2 94 78 4 14 22 52 66 89 80 8 50 72 77 96 69 83 74 19 11 24 91 48 54 10 60 87 12 61 90 9 81 27 45 20 67 42 1 75 65 13 53 43 76 95 71 3 38 64 100 31 70 35 68 82 73 86 84 28 85 25 44 97 98 23 17 29 18 21 79 26 59 15 49 16 39 7 56 51 88 41 
100 20 88 71 5 91 31 82 65 78 35 47 15 100 42 53 17 73 37 63 62 48 68 29 93 43 79 99 14 74 16 60 22 52 92 44 96 66 59 27 75 2 81 85 64 76 41 54 83 13 61 33 30 7 26 39 90 10 70 58 8 69 1 28 87 12 97 24 57 21 80 11 77 32 98 51 3 9 40 46 50 34 18 94 6 4 67 89 19 38 86 72 55 25 56 95 36 84 49 45 23 
100 39 79 74 30 78 85 72 8 88 35 71 32 84 25 86 47 53 49 93 55 70 91 41 37 80 20 44 95 28 58 69 60 64 45 98 100 1 38 42 73 99 77 90 87 14 23 5 22 61 82 12 50 52 29 21 40 7 10 54 89 63 33 94 31 6 26 81 66 65 27 4 15 83 68 17 48 11 75 96 92 13 59 24 2 36 34 18 3 62 19 56 43 9 76 46 67 57 16 97 51 
100 72 44 96 50 38 95 80 9 42 53 82 1 90 43 40 39 23 88 81 91 49 45 86 15 7 19 56 12 47 69 97 20 63 57 83 17 51 34 16 85 36 62 54 13 73 48 61 35 79 14 8 70 18 60 2 28 11 6 27 99 58 92 74 29 94 75 67 71 24 100 4 78 66 52 65 21 64 68 77 76 59 46 33 87 22 30 32 41 98 89 3 93 84 26 5 25 31 10 37 55 
100 43 85 83 6 31 22 66 29 27 32 10 34 38 59 8 45 75 51 69 87 42 12 76 72 48 64 16 52 74 23 24 25 50 97 40 77 17 80 36 15 9 73 19 71 61 21 65 93 56 44 86 20 94 81 84 13 100 62 90 54 26 14 55 91 70 5 39 53 79 46 2 96 18 41 82 95 7 58 1 60 78 63 11 49 30 37 47 28 67 89 3 98 68 88 57 4 33 92 35 99 
100 49 38 22 92 80 18 55 79 67 85 83 17 60 51 16 69 46 23 59 97 64 1 36 52 57 78 35 14 48 7 21 12 39 74 25 68 99 5 88 4 82 91 2 26 71 6 37 86 8 27 95 94 3 11 41 43 32 24 40 72 77 31 29 34 89 63 54 30 66 61 100 9 81 84 53 93 96 70 28 65 13 44 50 42 19 20 62 47 45 76 98 10 75 33 73 87 56 90 15 58 
100 33 11 72 58 60 85 3 100 4 43 26 25 96 70 83 38 79 20 65 95 68 32 52 39 23 47 1 48 51 61 88 67 24 84 75 49 82 35 28 66 64 93 81 40 29 41 44 77 53 99 59 30 2 69 16 78 15 80 97 89 6 10 37 46 19 76 54 55 9 36 17 62 13 5 56 87 50 63 86 22 94 92 91 7 34 73 57 31 90 42 21 98 74 27 12 14 71 8 45 18 
100 57 85 94 16 36 31 26 99 72 52 51 76 78 15 74 22 3 40 56 39 46 65 43 6 35 73 87 27 21 49 20 23 61 60 92 66 1 44 95 50 5 84 71 75 32 8 24 19 33 25 55 97 62 12 37 2 41 53 59 9 68 48 91 4 10 96 47 81 17 70 63 14 77 45 98 89 79 90 69 80 100 67 13 34 88 30 38 54 7 64 18 83 28 93 42 82 58 29 86 11 
100 38 28 45 17 27 19 22 23 41 80 20 37 43 33 85 77 31 84 24 4 86 93 11 42 87 13 40 88 79 6 25 82 47 26 34 95 16 97 9 48 39 69 44 76 75 36 67 10 30 18 52 94 56 54 3 100 73 1 53 90 15 92 71 78 5 12 89 49 8 51 83 35 29 61 66 70 58 65 96 81 55 64 21 60 74 59 63 99 91 50 14 32 7 46 57 62 2 98 68 72 
100 26 23 65 66 38 92 24 10 99 11 47 4 6 3 91 36 31 56 84 52 27 81 77 89 86 43 68 76 12 32 22 80 61 94 100 13 28 93 73 33 8 37 2 41 59 57 74 75 71 46 79 95 78 9 5 29 42 97 54 87 60 45 82 90 70 39 7 44 18 1 69 96 55 35 49 67 19 64 50 53 63 88 83 21 17 48 40 14 34 16 62 30 20 15 51 85 72 25 58 98 
100 92 83 96 78 57 32 61 26 22 80 71 81 11 2 68 13 4 95 28 99 74 64 38 63 97 19 51 6 5 27 60 88 16 46 39 72 54 73 94 41 1 33 77 66 7 86 42 25 45 82 37 44 85 9 70 65 10 43 93 75 18 55 59 98 15 56 23 14 50 91 69 76 31 58 79 35 52 24 89 100 84 12 67 3 90 29 40 53 49 21 36 17 48 47 20 30 34 62 8 87 
100 47 98 41 40 23 72 67 83 100 24 78 86 42 87 79 69 43 9 90 50 48 1 28 46 62 26 2 30 85 12 35 20 33 36 64 11 65 17 54 75 44 58 18 63 13 34 94 38 95 84 21 7 96 6 39 71 80 57 60 14 27 82 55 52 93 22 76 51 32 66 59 73 89 81 68 56 5 53 25 92 91 99 4 31 77 37 10 49 19 3 16 70 97 15 45 88 8 29 61 74 
100 79 57 99 36 12 16 72 90 15 19 60 51 77 75 59 5 25 42 50 52 32 64 96 17 55 22 28 18 70 35 67 13 71 29 7 39 66 53 44 14 73 76 48 83 26 34 69 8 98 92 89 62 49 68 40 31 47 84 85 61 37 45 58 100 74 30 93 46 24 86 3 11 97 33 2 56 21 88 6 4 63 78 10 87 1 9 54 20 41 65 94 38 80 95 23 27 81 82 91 43 
100 20 13 63 10 34 50 7 90 51 65 96 71 29 73 68 38 41 83 45 57 60 72 28 22 59 47 84 18 32 19 46 62 87 52 66 88 24 54 95 17 12 75 6 91 93 64 27 25 98 61 100 21 39 30 49 92 77 1 16 3 44 33 8 58 40 97 37 35 26 53 36 85 78 82 23 9 15 4 81 74 76 89 70 31 80 56 42 69 2 94 11 99 14 55 79 48 43 67 86 5 
100 9 5 82 35 89 84 73 4 94 95 14 98 76 61 62 21 86 63 100 15 96 45 40 27 70 43 26 90 81 75 72 97 66 2 46 16 60 50 13 32 7 24 55 36 39 85 31 3 64 12 42 68 6 99 59 51 88 79 22 11 25 49 23 87 77 20 83 93 67 29 37 69 74 17 19 33 10 54 38 80 34 78 18 41 71 28 44 58 48 1 65 92 56 52 91 8 53 57 47 30 
100 100 56 29 37 26 87 1 98 60 49 65 36 74 21 9 91 17 96 30 54 66 70 99 50 28 23 19 16 45 42 71 52 86 22 57 5 80 75 15 48 51 72 2 62 14 20 47 55 83 76 27 39 18 68 67 31 94 4 69 77 84 79 73 8 24 46 61 34 12 85 92 38 32 81 93 40 13 41 63 25 82 33 10 97 95 43 44 3 64 90 59 78 88 58 6 35 89 11 7 53 
100 21 3 37 51 99 55 9 62 7 10 33 38 53 6 39 83 89 81 88 60 4 56 12 71 95 22 58 44 63 79 43 42 14 91 76 46 20 47 16 29 28 49 61 85 90 67 34 73 5 96 74 66 86 35 17 87 24 78 52 23 36 25 1 45 82 70 18 27 98 72 54 65 77 31 2 93 97 57 50 94 13 41 19 64 40 59 11 100 30 32 26 8 15 48 75 80 68 92 84 69 
100 28 68 67 9 29 13 49 64 17 77 8 23 63 42 34 55 100 3 90 35 41 62 5 18 32 33 69 4 38 56 47 72 26 25 98 80 36 43 73 30 94 93 75 54 74 12 86 83 97 92 66 15 40 20 24 46 45 50 48 61 71 22 16 1 85 7 31 87 52 82 65 53 96 44 99 70 84 79 91 78 59 76 89 58 57 51 27 39 10 19 60 81 21 6 37 2 88 95 14 11 
100 85 67 71 96 33 60 72 37 29 1 97 4 8 32 66 27 42 25 84 11 26 82 74 63 56 35 39 49 86 46 68 41 48 28 57 77 47 78 100 24 91 69 38 54 80 94 79 75 73 23 15 88 65 62 10 90 22 59 19 14 98 7 87 3 12 17 6 34 76 58 31 53 36 21 81 43 51 2 18 45 95 93 16 92 83 20 30 44 13 64 61 89 55 40 50 52 99 9 5 70 
100 83 34 89 20 74 59 46 14 31 93 97 77 55 69 19 32 10 63 12 95 51 1 82 40 44 42 75 36 2 38 28 71 80 100 18 78 17 5 27 99 73 61 3 25 43 6 92 81 11 47 60 96 70 52 24 98 16 76 48 33 15 85 58 26 84 91 90 88 7 4 41 50 62 86 49 29 45 22 39 65 67 13 54 72 30 53 87 64 37 35 56 66 57 9 21 79 23 94 8 68 
100 13 76 68 10 7 95 22 74 4 20 46 19 59 58 100 70 25 16 93 82 34 94 3 78 66 96 36 43 63 90 26 83 98 50 14 6 79 8 21 77 18 12 97 85 51 33 89 45 2 84 52 91 27 37 24 9 72 49 81 75 87 64 86 99 32 40 35 62 31 38 41 80 44 42 39 47 5 71 92 69 57 61 29 54 53 56 60 67 30 65 17 55 11 1 28 23 73 48 88 15 
100 88 36 6 22 25 58 32 2 11 7 100 12 67 59 89 69 44 68 63 20 33 96 28 16 4 54 57 75 45 74 50 82 18 97 49 10 43 8 34 48 77 24 29 47 42 53 14 17 27 23 98 73 93 40 66 71 99 61 84 65 39 78 85 94 83 3 95 15 76 5 37 60 70 55 1 90 80 35 64 41 31 87 9 26 62 13 92 91 56 72 51 52 86 21 30 79 46 38 81 19 
100 61 86 10 54 63 56 94 92 46 87 100 75 14 68 98 32 31 91 64 13 34 48 28 60 23 69 65 90 73 85 84 76 19 15 83 49 45 96 58 41 6 50 59 37 18 26 21 8 22 2 52 43 79 78 74 72 62 71 81 88 24 27 33 1 9 47 29 70 30 77 82 53 40 99 11 3 17 95 42 97 57 4 25 12 20 5 51 35 93 36 16 55 39 38 66 89 44 80 67 7 
100 69 64 26 47 88 37 94 44 76 97 48 86 39 16 62 22 58 82 21 25 1 23 90 29 96 5 75 80 8 84 78 59 98 27 83 15 45 66 42 3 71 32 85 87 52 60 67 14 89 18 35 95 93 20 4 2 92 31 99 54 12 73 57 28 46 34 17 77 79 74 6 81 11 72 24 30 13 65 49 33 7 56 61 55 43 36 38 40 70 10 91 100 50 19 53 9 51 68 41 63 
100 73 80 74 9 40 10 79 3 15 91 88 68 69 52 34 42 76 30 46 31 58 63 14 82 28 2 77 51 16 50 81 48 89 13 1 11 65 45 18 60 22 100 94 59 78 85 44 5 83 93 8 24 32 36 92 70 75 67 66 12 99 41 43 84 56 64 62 6 53 55 71 95 90 20 97 35 26 86 17 87 61 33 57 98 4 7 21 72 47 39 54 25 19 29 27 49 37 96 38 23 
100 22 65 77 89 55 68 50 12 80 11 70 42 27 15 64 99 13 79 91 88 37 34 2 84 90 93 43 6 7 35 41 67 82 58 5 31 53 14 19 39 8 10 76 71 61 66 54 74 36 44 24 9 47 96 3 73 38 30 25 21 83 92 33 60 23 59 87 49 29 1 17 40 16 45 4 81 46 28 63 97 72 98 62 51 20 100 86 78 32 69 85 52 94 48 75 95 26 56 57 18 
