0 600
1 853
2 980
3 690
4 533
5 948
6 760
7 951
8 936
9 631
10 887
11 756
12 641
13 891
14 710
15 633
16 770
17 568
18 706
19 765
20 969
21 816
22 859
23 976
24 754
25 944
26 500
27 510
28 774
29 711
30 837
31 604
32 607
33 527
34 920
35 921
36 950
37 640
38 503
39 721
40 680
41 699
42 535
43 520
44 526
45 850
46 926
47 542
48 656
49 655
50 957
51 893
52 854
53 912
54 790
55 648
56 599
57 587
58 999
59 843
60 864
61 744
62 818
63 916
64 771
65 692
66 869
67 663
68 963
69 512
70 959
71 584
72 991
73 645
74 588
75 791
76 983
77 554
78 772
79 932
80 638
81 595
82 571
83 516
84 514
85 894
86 652
87 990
88 559
89 719
90 662
91 857
92 940
93 668
94 555
95 882
96 836
97 602
98 855
99 578
100 733
101 759
102 581
103 793
104 780
105 619
106 763
107 736
108 553
109 776
110 583
111 844
112 881
113 839
114 775
115 970
116 829
117 659
118 664
119 919
120 643
121 808
122 782
123 502
124 879
125 937
126 986
127 735
128 524
129 952
130 716
131 702
132 946
133 574
134 746
135 938
136 700
137 822
138 979
139 821
140 647
141 552
142 611
143 903
144 764
145 889
146 672
147 872
148 565
149 586
150 556
151 761
152 863
153 558
154 562
155 820
156 960
157 801
158 966
159 811
160 785
161 877
162 993
163 981
164 985
165 601
166 579
167 861
168 784
169 880
170 997
171 683
172 529
173 539
174 922
175 569
176 762
177 675
178 504
179 723
180 627
181 961
182 687
183 751
184 806
185 992
186 758
187 505
188 767
189 896
190 875
191 988
192 543
193 517
194 635
195 610
196 650
197 870
198 925
199 670
200 689
201 905
202 860
203 933
204 971
205 547
206 590
207 626
208 827
209 998
210 977
211 594
212 996
213 728
214 815
215 749
216 757
217 783
218 918
219 679
220 603
221 629
222 813
223 669
224 731
225 927
226 819
227 646
228 557
229 577
230 709
231 507
232 778
233 732
234 536
235 573
236 804
237 509
238 840
239 665
240 582
241 832
242 681
243 508
244 597
245 548
246 868
247 928
248 686
249 935
250 987
251 972
252 779
253 704
254 561
255 834
256 906
257 546
258 537
259 615
260 618
261 642
262 852
263 892
264 678
265 924
266 858
267 795
268 810
269 620
270 741
271 591
272 900
273 661
274 671
275 576
276 637
277 962
278 734
279 695
280 714
281 506
282 617
283 955
284 841
285 796
286 701
287 649
288 522
289 743
290 792
291 667
292 606
293 515
294 823
295 693
296 720
297 722
298 789
299 580
300 696
301 831
302 753
303 788
304 634
305 564
306 525
307 817
308 688
309 845
310 913
311 787
312 802
313 807
314 636
315 797
316 676
317 773
318 612
319 622
320 908
321 901
322 752
323 956
324 995
325 563
326 608
327 953
328 835
329 885
330 621
331 781
332 904
333 697
334 826
335 867
336 596
337 842
338 975
339 725
340 501
341 708
342 694
343 964
344 566
345 660
346 609
347 974
348 748
349 560
350 794
351 800
352 799
353 865
354 777
355 888
356 954
357 727
358 828
359 549
360 873
361 898
362 541
363 551
364 745
365 883
366 876
367 532
368 890
369 538
370 630
371 705
372 941
373 747
374 895
375 769
376 739
377 846
378 803
379 939
380 632
381 703
382 718
383 871
384 750
385 598
386 707
387 984
388 572
389 947
390 755
391 848
392 923
393 965
394 623
395 917
396 866
397 717
398 825
399 726
400 814
401 949
402 930
403 614
404 833
405 521
406 915
407 685
408 666
409 730
410 934
411 511
412 978
413 545
414 653
415 625
416 713
417 740
418 724
419 914
420 684
421 715
422 830
423 862
424 677
425 897
426 886
427 982
428 973
429 540
430 550
431 575
432 805
433 838
434 651
435 628
436 994
437 768
438 530
439 968
440 593
441 878
442 534
443 519
444 902
445 657
446 570
447 589
448 729
449 910
450 691
451 616
452 989
453 712
454 544
455 644
456 674
457 809
458 605
459 911
460 929
461 849
462 698
463 943
464 899
465 786
466 742
467 738
468 682
469 673
470 639
471 513
472 856
473 967
474 624
475 658
476 874
477 737
478 907
479 613
480 945
481 567
482 909
483 592
484 942
485 531
486 518
487 528
488 523
489 812
490 958
491 847
492 884
493 851
494 585
495 766
496 798
497 931
498 824
499 654
