0 1871
1 1794
2 1697
3 1289
4 1504
5 1055
6 1899
7 1955
8 1854
9 1709
10 1363
11 1430
12 1007
13 1705
14 1129
15 1749
16 1034
17 1841
18 1862
19 1691
20 1963
21 1075
22 1225
23 1455
24 1885
25 1808
26 1505
27 1938
28 1113
29 1266
30 1809
31 1117
32 1276
33 1481
34 1322
35 1185
36 1665
37 1358
38 1202
39 1902
40 1576
41 1580
42 1921
43 1132
44 1032
45 1080
46 1317
47 1679
48 1473
49 1702
50 1557
51 1781
52 1250
53 1557
54 1821
55 1146
56 1245
57 1869
58 1201
59 1191
60 1055
61 1209
62 1837
63 1604
64 1378
65 1650
66 1754
67 1804
68 1712
69 1468
70 1785
71 1723
72 1778
73 1819
74 1418
75 1357
76 1301
77 1340
78 1556
79 1354
80 1018
81 1783
82 1465
83 1204
84 1818
85 1561
86 1066
87 1228
88 1240
89 1446
90 1441
91 1027
92 1792
93 1253
94 1581
95 1245
96 1731
97 1016
98 1121
99 1150
100 1467
101 1069
102 1917
103 1012
104 1438
105 1254
106 1577
107 1656
108 1972
109 1775
110 1127
111 1231
112 1732
113 1351
114 1420
115 1392
116 1479
117 1424
118 1533
119 1071
120 1855
121 1587
122 1010
123 1426
124 1734
125 1252
126 1666
127 1529
128 1305
129 1457
130 1964
131 1153
132 1980
133 1079
134 1248
135 1402
136 1618
137 1009
138 1673
139 1628
140 1488
141 1746
142 1266
143 1448
144 1223
145 1390
146 1527
147 1054
148 1313
149 1221
150 1428
151 1873
152 1834
153 1619
154 1236
155 1028
156 1399
157 1066
158 1990
159 1815
160 1670
161 1218
162 1349
163 1897
164 1916
165 1422
166 1187
167 1867
168 1255
169 1444
170 1173
171 1592
172 1535
173 1251
174 1633
175 1049
176 1812
177 1965
178 1491
179 1294
180 1022
181 1041
182 1393
183 1439
184 1554
185 1929
186 1606
187 1355
188 1195
189 1165
190 1824
191 1881
192 1137
193 1726
194 1327
195 1912
196 1398
197 1108
198 1830
199 1495
200 1244
201 1115
202 1868
203 1975
204 1517
205 1386
206 1035
207 1415
208 1828
209 1025
210 1609
211 1850
212 1541
213 1163
214 1567
215 1332
216 1911
217 1874
218 1840
219 1900
220 1926
221 1307
222 1397
223 1747
224 1469
225 1064
226 1152
227 1277
228 1200
229 1310
230 1689
231 1807
232 1722
233 1591
234 1689
235 1772
236 1684
237 1110
238 1131
239 1384
240 1905
241 1574
242 1227
243 1995
244 1078
245 1514
246 1621
247 1069
248 1155
249 1416
250 1740
251 1092
252 1341
253 1524
254 1863
255 1564
256 1651
257 1760
258 1813
259 1839
260 1147
261 1253
262 1205
263 1241
264 1888
265 1540
266 1370
267 1699
268 1082
269 1329
270 1130
271 1494
272 1437
273 1373
274 1319
275 1256
276 1084
277 1892
278 1433
279 1241
280 1895
281 1031
282 1080
283 1860
284 1387
285 1915
286 1113
287 1570
288 1079
289 1601
290 1983
291 1328
292 1571
293 1682
294 1875
295 1638
296 1545
297 1821
298 1745
299 1273
300 1136
301 1552
302 1062
303 1693
304 1330
305 1138
306 1574
307 1758
308 1165
309 1388
310 1350
311 1194
312 1909
313 1434
314 1120
315 1661
316 1096
317 1023
318 1272
319 1206
320 1485
321 1680
322 1865
323 1011
324 1489
325 1226
326 1342
327 1127
328 1939
329 1583
330 1272
331 1683
332 1771
333 1889
334 1690
335 1051
336 1498
337 1459
338 1962
339 1062
340 1470
341 1568
342 1940
343 1878
344 1448
345 1842
346 1241
347 1258
348 1076
349 1409
350 1155
351 1269
352 1814
353 1372
354 1550
355 1289
356 1806
357 1687
358 1135
359 1586
360 1086
361 1125
362 1543
363 1222
364 1689
365 1282
366 1721
367 1234
368 1560
369 1553
370 1471
371 1801
372 1145
373 1296
374 1879
375 1827
376 1948
377 1153
378 1614
379 1762
380 1635
381 1904
382 1535
383 1192
384 1453
385 1182
386 1404
387 1286
388 1938
389 1752
390 1212
391 1311
392 1374
393 1720
394 1946
395 1642
396 1046
397 1934
398 1643
399 1951
400 1489
401 1106
402 1710
403 1178
404 1908
405 1765
406 1753
407 1024
408 1555
409 1415
410 1790
411 1886
412 1304
413 1033
414 1160
415 1344
416 1077
417 1287
418 1936
419 1017
420 1411
421 1653
422 1535
423 1035
424 1698
425 1617
426 1516
427 1187
428 1199
429 1419
430 1781
431 1668
432 1569
433 1619
434 1463
435 1612
436 1355
437 1805
438 1267
439 1436
440 1803
441 1866
442 1036
443 1766
444 1118
445 1945
446 1162
447 1149
448 1585
449 1929
450 1098
451 1668
452 1851
453 1206
454 1281
455 1559
456 1099
457 1599
458 1700
459 1377
460 1880
461 1376
462 1380
463 1685
464 1787
465 1441
466 1172
467 1816
468 1293
469 1565
470 1640
471 1291
472 1937
473 1578
474 1071
475 1338
476 1174
477 1193
478 1667
479 1442
480 1646
481 1123
482 1627
483 1196
484 1337
485 1548
486 1333
487 1280
488 1751
489 1197
490 1492
491 1817
492 1836
493 1175
494 1589
495 1073
496 1591
497 1476
498 1987
499 1496
500 1019
501 1451
502 1741
503 1784
504 1356
505 1703
506 1658
507 1954
508 1132
509 1692
510 1323
511 1472
512 1745
513 1927
514 1414
515 1387
516 1922
517 1064
518 1403
519 1038
520 1544
521 1023
522 1701
523 1831
524 1709
525 1901
526 1366
527 1534
528 1649
529 1387
530 1978
531 1800
532 1085
533 1999
534 1171
535 1864
536 1170
537 1677
538 1369
539 1048
540 1261
541 1445
542 1671
543 1525
544 1611
545 1750
546 1249
547 1678
548 1706
549 1431
550 1050
551 1971
552 1882
553 1759
554 1290
555 1573
556 1747
557 1166
558 1987
559 1484
560 1353
561 1992
562 1893
563 1588
564 1546
565 1452
566 1519
567 1214
568 1982
569 1139
570 1663
571 1998
572 1536
573 1118
574 1408
575 1843
576 1478
577 1725
578 1857
579 1292
580 1840
581 1960
582 1180
583 1176
584 1412
585 1949
586 1896
587 1552
588 1159
589 1126
590 1056
591 1288
592 1268
593 1715
594 1002
595 1861
596 1360
597 1696
598 1943
599 1721
600 1510
601 1312
602 1574
603 1151
604 1158
605 1822
606 1756
607 1154
608 1401
609 1137
610 1586
611 1810
612 1734
613 1918
614 1976
615 1128
616 1052
617 1849
618 1402
619 1395
620 1161
621 1932
622 1375
623 1363
624 1981
625 1713
626 1500
627 1447
628 1211
629 1704
630 1883
631 1619
632 1073
633 1493
634 1915
635 1613
636 1959
637 1900
638 1203
639 1534
640 1515
641 1798
642 1331
643 1271
644 1718
645 1364
646 1687
647 1669
648 1094
649 1415
650 1979
651 1989
652 1454
653 1509
654 1335
655 1838
656 1393
657 1539
658 1593
659 1407
660 1442
661 1719
662 1090
663 1566
664 1755
665 1040
666 1238
667 1047
668 1070
669 1505
670 1547
671 1647
672 1203
673 1793
674 1421
675 1788
676 1072
677 1178
678 1406
679 1119
680 1348
681 1004
682 1177
683 1681
684 1410
685 1122
686 1770
687 1929
688 1773
689 1259
690 1044
691 1104
692 1285
693 1039
694 1573
695 1806
696 1186
697 1125
698 1993
699 1089
700 1257
701 1835
702 1997
703 1058
704 1347
705 1774
706 1300
707 1743
708 1876
709 1443
710 1029
711 1062
712 1891
713 1184
714 1343
715 1400
716 1626
717 1625
718 1970
719 1961
720 1786
721 1486
722 1064
723 1283
724 1352
725 1916
726 1157
727 1958
728 1596
729 1050
730 1413
731 1564
732 1956
733 1030
734 1501
735 1371
736 1171
737 1832
738 1169
739 1114
740 1537
741 1008
742 1429
743 1646
744 1717
745 1761
746 1551
747 1239
748 1538
749 1363
750 1384
751 1655
752 1064
753 1579
754 1511
755 1474
756 1302
757 1297
758 1260
759 1072
760 1605
761 1966
762 1737
763 1563
764 1672
765 1001
766 1461
767 1264
768 1528
769 1274
770 1797
771 1365
772 1505
773 1298
774 1487
775 1316
776 1079
777 1362
778 1925
779 1884
780 1898
781 1378
782 1314
783 1144
784 1382
785 1724
786 1738
787 1526
788 1759
789 1518
790 1531
791 1262
792 1315
793 1744
794 1829
795 1622
796 1229
797 1226
798 1931
799 1985
800 1502
801 1977
802 1275
803 1596
804 1767
805 1786
806 1449
807 1167
808 1645
809 1393
810 1377
811 1825
812 1820
813 1590
814 1448
815 1796
816 1095
817 1695
818 1064
819 1237
820 1650
821 1140
822 1736
823 1427
824 1213
825 1657
826 1219
827 1778
828 1464
829 1652
830 1324
831 1641
832 1952
833 1103
834 1499
835 1111
836 1368
837 1782
838 1091
839 1210
840 1379
841 1413
842 1825
843 1954
844 1211
845 1695
846 1967
847 1359
848 1832
849 1654
850 1109
851 1396
852 1224
853 1179
854 1652
855 1389
856 1028
857 1858
858 1071
859 1061
860 1497
861 1320
862 1594
863 1624
864 1118
865 1928
866 1968
867 1562
868 1063
869 1129
870 1026
871 1941
872 1087
873 1482
874 1947
875 1295
876 1040
877 1910
878 1991
879 1949
880 1994
881 1503
882 1988
883 1664
884 1543
885 1083
886 1278
887 1739
888 1097
889 1279
890 1148
891 1466
892 1811
893 1648
894 1718
895 1223
896 1728
897 1026
898 1620
899 1473
900 1769
901 1870
902 1450
903 1695
904 1915
905 1776
906 1903
907 1310
908 1846
909 1652
910 1662
911 1243
912 1764
913 1102
914 1057
915 1894
916 1853
917 1077
918 1849
919 1844
920 1208
921 1639
922 1973
923 1112
924 1168
925 1986
926 1508
927 1708
928 1686
929 1143
930 1069
931 1845
932 1081
933 1631
934 1919
935 1501
936 1609
937 1777
938 1615
939 1716
940 1884
941 1582
942 1595
943 1067
944 1390
945 1522
946 1994
947 1789
948 1530
949 1449
950 1142
951 1549
952 1848
953 1913
954 1361
955 1953
956 1435
957 1542
958 1015
959 1872
960 1607
961 1045
962 1425
963 1520
964 1345
965 1600
966 1325
967 1005
968 1460
969 1602
970 1085
971 1711
972 1675
973 1417
974 1996
975 1235
976 1742
977 1741
978 1523
979 1398
980 1629
981 1189
982 1023
983 1299
984 1440
985 1074
986 1608
987 1833
988 1043
989 1914
990 1598
991 1385
992 1632
993 1490
994 1924
995 1826
996 1068
997 1521
998 1654
999 1394
