0 1548
1 1861
2 1769
3 1592
4 1800
5 1631
6 1202
7 1121
8 1658
9 1955
10 1676
11 1459
12 1248
13 1617
14 1920
15 1139
16 1096
17 1515
18 1126
19 1339
20 1922
21 1910
22 1420
23 1858
24 1086
25 1746
26 1456
27 1614
28 1645
29 1950
30 1179
31 1674
32 1101
33 1050
34 1777
35 1091
36 1594
37 1776
38 1771
39 1856
40 1024
41 1987
42 1469
43 1400
44 1314
45 1627
46 1894
47 1743
48 1461
49 1664
50 1017
51 1237
52 1903
53 1100
54 1032
55 1282
56 1099
57 1869
58 1448
59 1361
60 1485
61 1462
62 1839
63 1481
64 1605
65 1795
66 1369
67 1437
68 1907
69 1841
70 1602
71 1323
72 1402
73 1624
74 1845
75 1270
76 1398
77 1146
78 1132
79 1381
80 1120
81 1416
82 1538
83 1089
84 1628
85 1949
86 1583
87 1681
88 1241
89 1395
90 1817
91 1762
92 1169
93 1130
94 1476
95 1053
96 1551
97 1991
98 1151
99 1735
100 1819
101 1982
102 1791
103 1279
104 1612
105 1371
106 1060
107 1330
108 1589
109 1831
110 1705
111 1730
112 1615
113 1472
114 1561
115 1123
116 1708
117 1557
118 1798
119 1048
120 1733
121 1390
122 1613
123 1000
124 1007
125 1434
126 1364
127 1606
128 1140
129 1983
130 1360
131 1511
132 1514
133 1568
134 1067
135 1083
136 1999
137 1336
138 1565
139 1328
140 1934
141 1087
142 1473
143 1650
144 1939
145 1205
146 1281
147 1158
148 1659
149 1079
150 1331
151 1846
152 1588
153 1399
154 1487
155 1363
156 1093
157 1185
158 1347
159 1432
160 1418
161 1923
162 1642
163 1633
164 1775
165 1549
166 1307
167 1343
168 1729
169 1110
170 1914
171 1981
172 1731
173 1316
174 1125
175 1173
176 1725
177 1719
178 1801
179 1453
180 1935
181 1212
182 1302
183 1516
184 1208
185 1539
186 1943
187 1564
188 1338
189 1175
190 1823
191 1896
192 1524
193 1685
194 1474
195 1897
196 1143
197 1259
198 1500
199 1029
200 1813
201 1160
202 1747
203 1808
204 1386
205 1376
206 1023
207 1144
208 1534
209 1037
210 1102
211 1716
212 1005
213 1442
214 1068
215 1600
216 1162
217 1209
218 1337
219 1585
220 1177
221 1052
222 1247
223 1354
224 1598
225 1618
226 1773
227 1340
228 1413
229 1529
230 1186
231 1503
232 1310
233 1225
234 1810
235 1905
236 1074
237 1752
238 1438
239 1980
240 1755
241 1072
242 1471
243 1765
244 1953
245 1619
246 1149
247 1163
248 1818
249 1222
250 1784
251 1954
252 1428
253 1066
254 1840
255 1912
256 1806
257 1013
258 1828
259 1881
260 1157
261 1571
262 1355
263 1726
264 1020
265 1884
266 1893
267 1753
268 1842
269 1599
270 1407
271 1537
272 1375
273 1204
274 1044
275 1255
276 1041
277 1864
278 1573
279 1064
280 1723
281 1332
282 1345
283 1115
284 1593
285 1940
286 1623
287 1748
288 1182
289 1520
290 1467
291 1183
292 1822
293 1809
294 1555
295 1669
296 1117
297 1712
298 1051
299 1763
300 1155
301 1031
302 1552
303 1678
304 1193
305 1699
306 1587
307 1305
308 1638
309 1236
310 1799
311 1632
312 1997
313 1744
314 1412
315 1836
316 1292
317 1535
318 1682
319 1937
320 1941
321 1217
322 1732
323 1974
324 1056
325 1966
326 1772
327 1737
328 1843
329 1824
330 1653
331 1792
332 1863
333 1768
334 1128
335 1261
336 1388
337 1550
338 1190
339 1379
340 1871
341 1264
342 1450
343 1986
344 1284
345 1098
346 1188
347 1145
348 1693
349 1356
350 1176
351 1333
352 1404
353 1649
354 1009
355 1491
356 1227
357 1868
358 1038
359 1677
360 1683
361 1266
362 1931
363 1138
364 1956
365 1294
366 1220
367 1267
368 1938
369 1788
370 1652
371 1170
372 1722
373 1636
374 1686
375 1531
376 1739
377 1976
378 1496
379 1595
380 1425
381 1114
382 1046
383 1141
384 1105
385 1857
386 1344
387 1312
388 1830
389 1206
390 1296
391 1260
392 1065
393 1977
394 1352
395 1634
396 1994
397 1233
398 1368
399 1454
400 1921
401 1870
402 1486
403 1710
404 1350
405 1004
406 1085
407 1106
408 1781
409 1601
410 1603
411 1695
412 1787
413 1566
414 1034
415 1295
416 1604
417 1901
418 1786
419 1567
420 1663
421 1478
422 1184
423 1865
424 1245
425 1062
426 1429
427 1076
428 1630
429 1268
430 1288
431 1883
432 1002
433 1078
434 1447
435 1879
436 1889
437 1153
438 1510
439 1989
440 1414
441 1521
442 1058
443 1213
444 1532
445 1252
446 1142
447 1370
448 1280
449 1684
450 1318
451 1596
452 1475
453 1694
454 1070
455 1888
456 1129
457 1468
458 1359
459 1675
460 1909
461 1738
462 1796
463 1885
464 1251
465 1073
466 1198
467 1873
468 1648
469 1275
470 1651
471 1441
472 1702
473 1287
474 1829
475 1862
476 1759
477 1581
478 1200
479 1455
480 1880
481 1501
482 1766
483 1728
484 1463
485 1643
486 1964
487 1199
488 1963
489 1047
490 1751
491 1890
492 1218
493 1152
494 1165
495 1479
496 1850
497 1239
498 1489
499 1030
500 1656
501 1290
502 1671
503 1971
504 1975
505 1508
506 1783
507 1137
508 1103
509 1616
510 1272
511 1215
512 1574
513 1779
514 1482
515 1327
516 1709
517 1197
518 1466
519 1715
520 1394
521 1778
522 1706
523 1635
524 1575
525 1415
526 1872
527 1433
528 1793
529 1006
530 1660
531 1493
532 1488
533 1610
534 1944
535 1465
536 1926
537 1774
538 1012
539 1498
540 1495
541 1720
542 1171
543 1219
544 1960
545 1913
546 1216
547 1054
548 1324
549 1821
550 1993
551 1088
552 1826
553 1273
554 1908
555 1797
556 1082
557 1973
558 1553
559 1640
560 1590
561 1254
562 1440
563 1591
564 1109
565 1303
566 1899
567 1736
568 1362
569 1697
570 1299
571 1504
572 1641
573 1929
574 1346
575 1849
576 1680
577 1611
578 1679
579 1136
580 1757
581 1875
582 1666
583 1727
584 1878
585 1637
586 1036
587 1274
588 1214
589 1789
590 1033
591 1701
592 1446
593 1597
594 1968
595 1639
596 1127
597 1533
598 1932
599 1876
600 1928
601 1059
602 1672
603 1558
604 1232
605 1833
606 1180
607 1970
608 1040
609 1969
610 1562
611 1309
612 1859
613 1228
614 1095
615 1243
616 1513
617 1853
618 1972
619 1874
620 1825
621 1061
622 1802
623 1979
624 1700
625 1851
626 1804
627 1410
628 1366
629 1758
630 1118
631 1502
632 1919
633 1947
634 1556
635 1293
636 1996
637 1927
638 1721
639 1008
640 1374
641 1113
642 1698
643 1877
644 1384
645 1490
646 1542
647 1308
648 1811
649 1191
650 1358
651 1544
652 1107
653 1043
654 1201
655 1546
656 1967
657 1998
658 1235
659 1626
660 1276
661 1740
662 1427
663 1283
664 1436
665 1278
666 1405
667 1397
668 1807
669 1898
670 1480
671 1262
672 1625
673 1609
674 1174
675 1422
676 1334
677 1194
678 1742
679 1644
680 1803
681 1300
682 1827
683 1025
684 1945
685 1391
686 1298
687 1464
688 1164
689 1111
690 1832
691 1015
692 1401
693 1892
694 1458
695 1443
696 1816
697 1001
698 1951
699 1494
700 1377
701 1505
702 1092
703 1353
704 1439
705 1569
706 1271
707 1452
708 1135
709 1570
710 1131
711 1069
712 1357
713 1148
714 1090
715 1071
716 1156
717 1586
718 1223
719 1563
720 1417
721 1834
722 1321
723 1010
724 1348
725 1367
726 1426
727 1351
728 1134
729 1435
730 1231
731 1654
732 1579
733 1451
734 1924
735 1959
736 1444
737 1315
738 1620
739 1990
740 1238
741 1767
742 1655
743 1049
744 1320
745 1749
746 1911
747 1984
748 1985
749 1265
750 1517
751 1688
752 1026
753 1027
754 1257
755 1389
756 1246
757 1547
758 1790
759 1311
760 1525
761 1094
762 1717
763 1900
764 1028
765 1957
766 1526
767 1431
768 1285
769 1854
770 1577
771 1647
772 1661
773 1419
774 1150
775 1933
776 1887
777 1226
778 1750
779 1572
780 1449
781 1691
782 1497
783 1167
784 1319
785 1560
786 1992
787 1380
788 1409
789 1815
790 1147
791 1995
792 1622
793 1196
794 1554
795 1055
796 1335
797 1942
798 1104
799 1108
800 1780
801 1322
802 1341
803 1785
804 1718
805 1936
806 1484
807 1536
808 1895
809 1124
810 1782
811 1948
812 1326
813 1396
814 1741
815 1411
816 1430
817 1621
818 1646
819 1760
820 1365
821 1805
822 1019
823 1608
824 1512
825 1253
826 1838
827 1301
828 1192
829 1383
830 1734
831 1393
832 1988
833 1421
834 1916
835 1714
836 1116
837 1313
838 1665
839 1559
840 1509
841 1277
842 1860
843 1499
844 1329
845 1181
846 1378
847 1506
848 1543
849 1584
850 1457
851 1242
852 1470
853 1690
854 1961
855 1154
856 1291
857 1519
858 1837
859 1657
860 1761
861 1423
862 1168
863 1119
864 1527
865 1662
866 1930
867 1039
868 1081
869 1978
870 1812
871 1764
872 1229
873 1408
874 1844
875 1518
876 1258
877 1460
878 1224
879 1607
880 1178
881 1304
882 1172
883 1018
884 1221
885 1918
886 1207
887 1406
888 1240
889 1035
890 1814
891 1866
892 1385
893 1387
894 1724
895 1917
896 1925
897 1902
898 1075
899 1692
900 1707
901 1014
902 1958
903 1906
904 1946
905 1112
906 1754
907 1582
908 1297
909 1080
910 1952
911 1483
912 1084
913 1673
914 1195
915 1244
916 1022
917 1756
918 1477
919 1528
920 1159
921 1576
922 1703
923 1578
924 1882
925 1372
926 1713
927 1234
928 1915
929 1540
930 1187
931 1541
932 1867
933 1403
934 1011
935 1794
936 1424
937 1042
938 1057
939 1835
940 1711
941 1523
942 1667
943 1189
944 1848
945 1373
946 1904
947 1289
948 1097
949 1210
950 1696
951 1003
952 1122
953 1317
954 1045
955 1820
956 1670
957 1325
958 1530
959 1269
960 1492
961 1249
962 1016
963 1545
964 1250
965 1230
966 1965
967 1263
968 1770
969 1445
970 1063
971 1687
972 1852
973 1306
974 1166
975 1629
976 1891
977 1021
978 1745
979 1133
980 1522
981 1962
982 1077
983 1689
984 1580
985 1349
986 1286
987 1855
988 1203
989 1507
990 1342
991 1256
992 1161
993 1668
994 1382
995 1211
996 1704
997 1886
998 1847
999 1392
