0 1368
1 1634
2 1048
3 1784
4 1241
5 1668
6 1191
7 1443
8 1290
9 1981
10 1097
11 1850
12 1379
13 1712
14 1926
15 1801
16 1498
17 1148
18 1261
19 1372
20 1466
21 1267
22 1593
23 1321
24 1361
25 1242
26 1711
27 1673
28 1240
29 1803
30 1451
31 1028
32 1404
33 1953
34 1330
35 1886
36 1559
37 1540
38 1914
39 1288
40 1637
41 1247
42 1284
43 1482
44 1104
45 1939
46 1564
47 1233
48 1823
49 1772
50 1473
51 1998
52 1007
53 1444
54 1005
55 1253
56 1312
57 1349
58 1621
59 1919
60 1107
61 1333
62 1747
63 1173
64 1615
65 1110
66 1600
67 1620
68 1491
69 1463
70 1974
71 1710
72 1058
73 1641
74 1536
75 1447
76 1709
77 1546
78 1025
79 1831
80 1689
81 1556
82 1802
83 1037
84 1700
85 1601
86 1547
87 1343
88 1442
89 1882
90 1122
91 1103
92 1294
93 1453
94 1692
95 1488
96 1438
97 1311
98 1459
99 1616
100 1052
101 1252
102 1185
103 1154
104 1468
105 1263
106 1686
107 1917
108 1199
109 1281
110 1124
111 1648
112 1065
113 1956
114 1719
115 1389
116 1050
117 1094
118 1587
119 1328
120 1274
121 1187
122 1157
123 1373
124 1323
125 1892
126 1843
127 1526
128 1260
129 1394
130 1787
131 1316
132 1314
133 1629
134 1073
135 1977
136 1810
137 1887
138 1797
139 1479
140 1528
141 1993
142 1234
143 1566
144 1835
145 1805
146 1610
147 1134
148 1864
149 1954
150 1456
151 1660
152 1219
153 1680
154 1013
155 1632
156 1105
157 1598
158 1756
159 1674
160 1244
161 1774
162 1332
163 1439
164 1256
165 1532
166 1469
167 1563
168 1603
169 1899
170 1561
171 1378
172 1392
173 1646
174 1184
175 1865
176 1095
177 1961
178 1695
179 1834
180 1992
181 1808
182 1677
183 1409
184 1639
185 1793
186 1631
187 1958
188 1941
189 1758
190 1506
191 1382
192 1092
193 1096
194 1613
195 1894
196 1298
197 1512
198 1140
199 1038
200 1497
201 1074
202 1198
203 1133
204 1211
205 1413
206 1393
207 1735
208 1807
209 1626
210 1597
211 1501
212 1697
213 1341
214 1149
215 1358
216 1082
217 1273
218 1476
219 1033
220 1326
221 1423
222 1539
223 1537
224 1276
225 1318
226 1400
227 1925
228 1470
229 1391
230 1127
231 1800
232 1984
233 1952
234 1657
235 1816
236 1814
237 1320
238 1436
239 1555
240 1987
241 1515
242 1647
243 1136
244 1106
245 1027
246 1860
247 1212
248 1763
249 1218
250 1137
251 1623
252 1542
253 1370
254 1080
255 1008
256 1109
257 1060
258 1471
259 1565
260 1117
261 1533
262 1266
263 1716
264 1644
265 1067
266 1809
267 1766
268 1164
269 1248
270 1571
271 1868
272 1960
273 1575
274 1791
275 1630
276 1035
277 1650
278 1070
279 1771
280 1195
281 1325
282 1687
283 1131
284 1950
285 1570
286 1390
287 1871
288 1000
289 1222
290 1102
291 1583
292 1736
293 1569
294 1684
295 1319
296 1702
297 1045
298 1112
299 1484
300 1727
301 1853
302 1799
303 1317
304 1946
305 1017
306 1721
307 1913
308 1514
309 1494
310 1928
311 1486
312 1152
313 1078
314 1183
315 1915
316 1636
317 1839
318 1720
319 1932
320 1307
321 1599
322 1976
323 1425
324 1659
325 1226
326 1129
327 1193
328 1223
329 1371
330 1980
331 1351
332 1678
333 1422
334 1430
335 1155
336 1342
337 1483
338 1176
339 1538
340 1166
341 1513
342 1786
343 1156
344 1063
345 1945
346 1337
347 1704
348 1283
349 1742
350 1010
351 1059
352 1433
353 1836
354 1354
355 1376
356 1867
357 1869
358 1375
359 1861
360 1567
361 1367
362 1664
363 1051
364 1901
365 1859
366 1822
367 1672
368 1812
369 1706
370 1841
371 1778
372 1472
373 1114
374 1068
375 1653
376 1838
377 1225
378 1111
379 1329
380 1353
381 1190
382 1906
383 1359
384 1589
385 1757
386 1452
387 1495
388 1203
389 1445
390 1239
391 1492
392 1666
393 1707
394 1163
395 1208
396 1200
397 1301
398 1661
399 1143
400 1743
401 1658
402 1217
403 1481
404 1713
405 1090
406 1300
407 1656
408 1250
409 1988
410 1777
411 1527
412 1448
413 1916
414 1824
415 1235
416 1334
417 1751
418 1396
419 1614
420 1788
421 1817
422 1590
423 1855
424 1441
425 1407
426 1141
427 1411
428 1299
429 1278
430 1852
431 1518
432 1594
433 1617
434 1161
435 1385
436 1881
437 1064
438 1021
439 1287
440 1792
441 1020
442 1437
443 1688
444 1485
445 1465
446 1554
447 1749
448 1516
449 1340
450 1999
451 1181
452 1366
453 1935
454 1832
455 1955
456 1480
457 1568
458 1895
459 1944
460 1417
461 1432
462 1264
463 1100
464 1029
465 1291
466 1362
467 1257
468 1454
469 1842
470 1885
471 1851
472 1608
473 1215
474 1849
475 1679
476 1640
477 1818
478 1874
479 1280
480 1374
481 1504
482 1043
483 1272
484 1194
485 1132
486 1383
487 1293
488 1081
489 1715
490 1167
491 1421
492 1427
493 1224
494 1125
495 1401
496 1030
497 1238
498 1739
499 1966
500 1576
501 1075
502 1188
503 1348
504 1773
505 1019
506 1014
507 1046
508 1175
509 1752
510 1577
511 1884
512 1386
513 1153
514 1655
515 1289
516 1638
517 1770
518 1076
519 1938
520 1825
521 1151
522 1460
523 1230
524 1531
525 1269
526 1001
527 1557
528 1093
529 1524
530 1625
531 1798
532 1487
533 1520
534 1595
535 1670
536 1309
537 1544
538 1023
539 1265
540 1866
541 1609
542 1508
543 1586
544 1365
545 1419
546 1246
547 1662
548 1588
549 1277
550 1685
551 1493
552 1833
553 1663
554 1642
555 1113
556 1210
557 1262
558 1165
559 1130
560 1054
561 1602
562 1902
563 1964
564 1572
565 1338
566 1402
567 1214
568 1930
569 1931
570 1830
571 1477
572 1789
573 1087
574 1675
575 1820
576 1585
577 1123
578 1403
579 1596
580 1355
581 1725
582 1844
583 1753
584 1750
585 1179
586 1031
587 1698
588 1384
589 1605
590 1896
591 1845
592 1220
593 1986
594 1523
595 1645
596 1424
597 1509
598 1671
599 1178
600 1455
601 1959
602 1718
603 1270
604 1053
605 1693
606 1888
607 1258
608 1360
609 1591
610 1295
611 1414
612 1940
613 1782
614 1548
615 1848
616 1904
617 1729
618 1236
619 1627
620 1728
621 1271
622 1669
623 1691
624 1740
625 1733
626 1837
627 1171
628 1286
629 1377
630 1910
631 1387
632 1339
633 1991
634 1186
635 1943
636 1041
637 1889
638 1936
639 1502
640 1356
641 1765
642 1847
643 1275
644 1022
645 1039
646 1907
647 1985
648 1500
649 1213
650 1717
651 1142
652 1997
653 1924
654 1415
655 1534
656 1969
657 1545
658 1898
659 1072
660 1971
661 1708
662 1996
663 1551
664 1811
665 1922
666 1169
667 1517
668 1490
669 1699
670 1978
671 1327
672 1783
673 1654
674 1696
675 1160
676 1418
677 1324
678 1115
679 1618
680 1525
681 1231
682 1024
683 1071
684 1364
685 1995
686 1408
687 1714
688 1061
689 1116
690 1056
691 1606
692 1764
693 1209
694 1135
695 1796
696 1942
697 1983
698 1879
699 1776
700 1363
701 1197
702 1682
703 1410
704 1150
705 1581
706 1937
707 1929
708 1543
709 1232
710 1883
711 1322
712 1649
713 1760
714 1530
715 1779
716 1006
717 1891
718 1607
719 1450
720 1604
721 1732
722 1856
723 1529
724 1854
725 1347
726 1172
727 1268
728 1429
729 1769
730 1738
731 1519
732 1201
733 1192
734 1062
735 1310
736 1091
737 1947
738 1489
739 1745
740 1084
741 1357
742 1552
743 1612
744 1004
745 1535
746 1158
747 1002
748 1440
749 1162
750 1694
751 1308
752 1313
753 1221
754 1819
755 1701
756 1036
757 1018
758 1890
759 1040
760 1703
761 1748
762 1380
763 1044
764 1381
765 1147
766 1118
767 1562
768 1858
769 1920
770 1202
771 1406
772 1962
773 1973
774 1507
775 1346
776 1499
777 1206
778 1216
779 1681
780 1730
781 1560
782 1249
783 1397
784 1994
785 1126
786 1794
787 1086
788 1016
789 1464
790 1458
791 1369
792 1949
793 1912
794 1055
795 1012
796 1521
797 1089
798 1724
799 1863
800 1098
801 1066
802 1478
803 1970
804 1790
805 1927
806 1522
807 1870
808 1622
809 1237
810 1965
811 1911
812 1705
813 1159
814 1875
815 1828
816 1428
817 1461
818 1503
819 1331
820 1496
821 1302
822 1643
823 1989
824 1948
825 1146
826 1876
827 1431
828 1592
829 1168
830 1578
831 1878
832 1088
833 1245
834 1558
835 1550
836 1434
837 1475
838 1574
839 1829
840 1305
841 1549
842 1990
843 1462
844 1582
845 1584
846 1963
847 1420
848 1204
849 1069
850 1923
851 1726
852 1474
853 1951
854 1344
855 1723
856 1174
857 1579
858 1229
859 1553
860 1435
861 1120
862 1047
863 1297
864 1049
865 1416
866 1731
867 1806
868 1734
869 1880
870 1412
871 1972
872 1292
873 1780
874 1580
875 1042
876 1827
877 1897
878 1815
879 1085
880 1741
881 1795
882 1015
883 1426
884 1933
885 1754
886 1398
887 1446
888 1315
889 1077
890 1746
891 1909
892 1505
893 1619
894 1857
895 1676
896 1449
897 1345
898 1872
899 1395
900 1510
901 1026
902 1079
903 1921
904 1511
905 1903
906 1982
907 1170
908 1296
909 1205
910 1690
911 1957
912 1145
913 1083
914 1180
915 1177
916 1336
917 1628
918 1243
919 1144
920 1722
921 1804
922 1846
923 1227
924 1285
925 1918
926 1099
927 1667
928 1900
929 1759
930 1755
931 1979
932 1767
933 1762
934 1862
935 1405
936 1352
937 1624
938 1139
939 1011
940 1651
941 1009
942 1196
943 1821
944 1032
945 1877
946 1975
947 1826
948 1259
949 1335
950 1893
951 1665
952 1908
953 1279
954 1399
955 1873
956 1108
957 1761
958 1138
959 1251
960 1350
961 1744
962 1934
963 1255
964 1633
965 1781
966 1304
967 1737
968 1207
969 1189
970 1128
971 1840
972 1228
973 1905
974 1101
975 1683
976 1768
977 1182
978 1968
979 1967
980 1306
981 1813
982 1611
983 1057
984 1034
985 1457
986 1785
987 1388
988 1121
989 1652
990 1254
991 1541
992 1467
993 1573
994 1282
995 1635
996 1119
997 1303
998 1775
999 1003
