50
50 45 3 32 31 22 50 37 16 30 12 38 23 35 34 4 20 15 5 49 21 11 40 46 39 28 27 13 36 33 9 19 7 10 29 41 8 44 48 24 1 14 6 25 42 18 43 17 2 26 47 
50 15 37 19 22 41 31 35 45 34 43 8 38 20 16 29 3 2 26 10 27 40 5 12 18 21 6 39 23 14 30 44 48 11 13 47 4 46 25 17 1 49 36 33 50 42 24 9 28 7 32 
50 47 16 37 23 6 28 5 48 45 14 43 24 29 17 19 32 40 13 8 46 20 21 36 7 11 35 42 15 38 2 27 39 25 34 30 9 4 3 49 44 10 18 33 1 50 41 26 12 22 31 
50 42 20 24 17 23 8 18 31 5 40 27 2 39 37 26 43 22 34 38 3 7 10 6 28 44 1 29 15 16 41 36 48 25 45 47 50 12 32 4 19 21 13 11 9 35 30 14 33 49 46 
50 16 30 31 49 32 9 36 46 27 25 3 4 50 2 28 42 15 14 10 40 45 11 44 33 37 19 13 48 35 39 29 47 5 12 6 7 26 1 22 38 24 21 34 23 43 17 8 20 41 18 
50 12 4 14 24 20 19 3 6 36 21 39 44 27 34 2 26 18 17 10 25 45 40 29 22 13 43 49 47 7 32 48 16 33 11 38 28 15 23 42 9 41 8 50 46 31 5 1 35 37 30 
50 15 30 38 14 34 37 12 46 2 33 32 5 25 22 43 31 27 36 47 4 6 35 49 19 44 28 45 42 48 11 3 20 40 26 50 21 16 10 1 7 23 39 17 13 9 41 24 8 29 18 
50 16 26 42 27 50 43 21 18 35 20 38 3 4 14 40 22 10 30 6 31 41 36 8 1 48 17 13 25 19 44 39 37 33 29 11 47 46 9 5 23 49 12 45 32 34 7 2 28 24 15 
50 12 25 32 44 36 18 6 49 4 31 50 48 30 14 26 34 20 28 27 13 42 11 21 46 37 3 40 10 22 7 23 5 9 29 8 24 38 17 19 47 41 43 45 35 15 1 16 39 2 33 
50 31 48 20 40 44 49 29 9 45 3 34 5 41 25 17 32 24 27 50 18 47 7 46 30 38 16 43 33 19 37 15 14 11 8 36 22 13 23 6 4 2 1 35 10 28 12 42 26 39 21 
50 12 43 2 10 16 14 6 29 27 38 3 5 40 7 41 47 26 42 31 46 32 8 23 30 15 39 9 28 45 18 4 25 48 17 19 44 37 13 1 36 24 35 33 50 20 21 34 49 22 11 
50 42 31 15 2 26 19 29 34 25 14 38 12 13 30 4 11 6 20 21 17 18 27 9 37 50 43 10 3 35 40 39 5 28 47 49 22 7 36 33 8 44 41 45 16 24 48 32 23 46 1 
50 42 1 30 16 6 8 13 9 34 21 49 50 11 35 22 24 31 37 3 26 27 23 47 41 45 17 44 39 28 48 32 5 40 14 25 33 12 19 38 15 43 20 4 36 10 7 46 18 2 29 
50 49 1 18 50 38 19 5 26 11 24 3 43 40 44 37 2 47 7 21 17 27 46 9 16 41 30 8 29 10 22 13 28 20 14 15 36 35 48 34 42 6 4 31 12 25 23 33 39 45 32 
50 43 47 32 50 35 44 42 28 8 17 30 29 5 37 10 22 33 14 46 39 12 23 48 15 9 19 13 49 7 2 25 26 27 18 16 24 11 36 20 41 21 45 34 31 6 4 1 40 3 38 
50 11 19 49 2 34 46 22 23 48 9 16 36 39 21 5 18 26 25 4 7 24 17 30 20 37 12 13 8 35 27 32 40 33 43 15 42 50 29 38 10 31 41 28 45 44 6 1 47 14 3 
50 16 35 10 34 23 21 14 29 19 33 15 11 9 42 25 3 6 41 47 5 39 18 4 12 48 28 45 43 22 44 27 24 17 46 37 7 36 32 26 30 2 50 13 38 20 1 8 31 49 40 
50 30 16 17 9 37 7 3 29 20 46 28 4 47 34 33 32 48 2 23 26 19 36 31 21 14 10 15 8 41 44 49 11 42 6 18 43 50 45 24 1 25 22 13 27 39 40 35 5 12 38 
50 49 12 16 5 39 28 21 19 4 25 13 29 20 46 8 42 3 47 40 6 9 43 30 36 31 22 34 35 27 18 15 33 14 10 50 32 17 37 24 26 1 38 11 41 23 45 7 44 2 48 
50 12 39 9 45 2 15 30 3 34 7 49 47 23 22 11 33 1 43 40 28 17 44 46 29 50 38 6 8 18 48 35 4 13 32 42 26 25 10 24 37 20 21 14 31 5 41 27 36 19 16 
50 12 6 49 15 19 14 24 8 17 18 37 45 11 13 27 20 3 23 29 4 32 38 1 44 40 10 35 50 9 46 16 43 39 2 47 31 41 26 5 25 7 48 34 22 33 36 21 42 30 28 
50 39 37 38 19 33 44 9 30 43 45 41 40 18 21 3 17 46 6 16 29 49 1 4 34 31 13 28 27 5 25 23 50 35 2 20 47 48 7 24 32 42 14 26 11 10 12 8 15 36 22 
50 6 48 26 31 5 44 13 10 2 17 9 45 39 25 30 43 1 38 3 22 4 46 33 11 14 37 12 47 41 19 21 18 8 16 35 20 34 32 29 27 7 24 40 49 50 42 15 28 36 23 
50 17 43 10 29 33 5 14 34 49 28 12 36 24 38 6 31 37 46 50 20 16 27 25 18 23 45 11 2 13 47 7 41 26 15 22 1 3 21 39 9 42 40 30 8 4 32 48 35 44 19 
50 38 11 37 35 29 36 45 26 16 14 12 20 30 39 19 48 31 13 15 10 8 17 1 34 47 22 5 46 3 43 27 44 25 49 24 21 32 2 23 7 9 40 28 41 6 18 33 50 4 42 
50 49 15 43 19 35 4 20 46 9 31 40 34 24 11 45 39 22 47 37 28 5 21 27 48 13 6 25 8 32 30 26 14 41 23 12 10 1 36 42 2 7 18 17 33 29 50 44 3 38 16 
50 18 15 35 19 5 27 43 38 36 34 6 24 26 2 11 12 10 23 22 16 29 31 21 28 40 3 30 48 39 8 25 32 50 45 1 13 46 7 33 4 9 42 14 47 44 37 49 20 17 41 
50 45 10 3 43 2 8 39 1 4 33 29 34 46 49 35 25 16 47 48 41 36 42 30 12 14 50 28 7 31 15 11 27 5 9 44 19 21 40 17 38 20 37 23 32 18 22 6 24 13 26 
50 2 35 12 19 1 44 48 34 29 5 22 21 45 23 9 27 50 47 16 17 25 6 40 18 20 8 36 30 28 15 37 39 31 7 14 42 10 43 32 4 24 26 46 11 3 13 49 38 33 41 
50 15 14 23 38 46 27 42 35 34 32 13 10 18 8 25 37 6 5 47 50 29 36 44 4 41 2 48 26 11 21 31 49 19 17 7 40 43 45 28 33 16 24 12 20 1 39 30 9 3 22 
50 3 47 23 50 48 8 11 42 17 39 22 1 27 2 33 38 34 5 4 31 37 35 45 9 29 32 36 20 44 13 24 15 16 43 46 12 41 30 25 6 7 40 10 18 28 21 14 49 19 26 
50 1 42 34 49 38 30 12 44 40 8 25 3 31 17 7 48 27 36 5 13 2 46 11 21 16 10 37 45 19 33 47 41 26 15 22 18 23 29 6 20 32 9 43 35 4 39 28 50 14 24 
50 46 4 18 24 37 49 35 8 5 39 29 42 21 19 15 16 48 23 25 27 43 12 11 44 34 6 50 32 10 33 28 14 41 17 9 3 7 22 38 47 40 26 30 36 20 2 1 31 45 13 
50 8 25 16 34 39 14 33 49 45 23 12 27 21 40 29 1 6 4 20 15 11 3 31 42 9 7 35 30 43 19 44 41 36 13 5 50 10 24 18 2 28 48 22 32 26 38 37 17 46 47 
50 44 47 27 16 12 20 30 26 25 6 21 22 19 46 39 18 34 32 1 15 43 28 23 38 37 3 2 40 7 11 13 8 35 17 5 9 4 48 36 41 49 42 45 31 14 29 10 33 24 50 
50 31 42 34 45 36 47 13 15 18 41 8 20 6 38 23 9 49 2 44 33 48 10 27 14 7 11 40 37 17 39 22 16 46 21 28 4 3 50 12 30 26 24 5 32 43 29 35 25 1 19 
50 30 33 12 36 29 28 49 10 22 17 26 38 16 19 9 2 18 14 11 8 44 5 37 45 20 24 42 6 43 46 25 31 1 41 32 40 21 50 23 35 34 47 7 3 15 13 48 4 39 27 
50 36 47 2 5 11 12 50 44 23 22 3 6 45 29 31 39 32 13 37 8 19 42 4 10 34 26 9 25 28 15 43 41 21 49 18 16 17 20 38 7 30 40 27 33 14 48 1 46 24 35 
50 50 18 7 41 31 12 42 29 24 46 19 22 23 2 33 17 26 44 30 35 32 36 48 25 45 6 15 28 4 40 10 8 3 27 47 16 5 49 20 21 9 1 38 39 37 14 11 43 34 13 
50 39 18 37 12 47 7 22 24 35 45 27 20 2 17 10 28 16 11 32 34 13 36 6 38 44 9 46 14 3 33 50 30 4 25 41 21 23 29 42 5 1 49 48 8 40 43 31 15 19 26 
50 35 29 37 3 4 48 24 25 7 44 50 9 10 22 33 42 43 47 6 12 46 11 13 19 26 18 23 38 40 15 16 21 27 28 8 31 36 39 34 41 1 45 14 5 32 30 17 2 20 49 
50 42 14 3 45 39 9 4 43 7 49 1 50 26 34 22 31 46 36 20 25 24 29 28 48 30 12 35 40 5 17 2 10 37 33 8 38 15 6 23 41 19 11 21 47 44 27 13 18 32 16 
50 38 50 30 20 42 15 17 43 23 22 45 39 7 27 18 2 46 31 4 25 49 40 12 33 6 13 10 32 5 28 48 35 29 19 11 24 16 37 14 21 34 1 26 44 3 9 8 47 36 41 
50 1 14 15 4 29 9 24 45 43 6 25 30 46 39 38 35 18 48 23 17 20 42 36 22 33 21 16 8 26 44 2 27 11 47 41 7 32 31 37 34 40 49 13 5 50 19 12 28 3 10 
50 15 12 28 45 22 2 23 50 37 8 42 26 39 46 24 14 1 20 10 9 7 29 31 40 17 5 48 30 19 34 47 4 25 16 6 3 13 49 21 27 41 35 18 32 33 38 44 11 43 36 
50 30 27 49 31 36 46 8 22 23 19 33 14 15 38 3 12 37 35 48 45 39 40 2 42 28 34 50 17 32 24 4 26 1 10 41 7 5 11 43 29 21 25 6 18 20 13 16 44 47 9 
50 14 4 10 42 31 27 47 13 3 33 34 1 40 49 20 2 37 22 41 28 8 9 35 6 26 46 15 44 30 36 18 29 23 39 16 45 48 7 19 12 11 17 38 21 25 50 5 43 32 24 
50 1 7 47 33 37 10 19 4 13 17 21 31 12 42 3 23 49 41 36 38 5 29 50 2 16 39 40 30 27 32 14 15 35 6 43 9 48 34 11 8 20 24 22 25 45 18 26 44 28 46 
50 26 37 8 40 30 13 50 12 36 14 45 18 16 15 42 20 11 41 1 3 44 32 33 25 38 10 47 34 6 48 24 31 7 35 49 5 4 39 43 27 22 28 9 19 23 29 21 17 46 2 
50 25 24 10 37 31 43 33 23 48 3 38 18 39 9 32 13 19 29 7 15 4 27 14 1 50 42 16 34 6 35 20 2 41 26 40 12 44 46 22 28 45 47 49 30 5 11 21 8 17 36 
50 25 14 40 26 27 49 36 11 2 19 16 34 15 10 35 12 28 42 7 4 44 20 32 13 50 22 31 30 46 3 37 33 24 38 29 43 45 5 18 41 48 21 8 23 47 39 17 9 1 6 
50 25 14 40 26 27 49 36 11 2 19 16 34 15 10 35 12 28 42 7 4 44 20 32 13 50 22 31 30 46 3 37 33 24 38 29 43 45 5 18 41 48 21 8 23 47 39 17 9 1 6 
50 25 14 40 26 27 49 36 11 2 19 16 34 15 10 35 12 28 42 7 4 44 20 32 13 50 22 31 30 46 3 37 33 24 38 29 43 45 5 18 41 48 21 8 23 47 39 17 9 1 6 
50 25 14 40 26 27 49 36 11 2 19 16 34 15 10 35 12 28 42 7 4 44 20 32 13 50 22 31 30 46 3 37 33 24 38 29 43 45 5 18 41 48 21 8 23 47 39 17 9 1 6 
50 25 14 40 26 27 49 36 11 2 19 16 34 15 10 35 12 28 42 7 4 44 20 32 13 50 22 31 30 46 3 37 33 24 38 29 43 45 5 18 41 48 21 8 23 47 39 17 9 1 6 
50 25 14 40 26 27 49 36 11 2 19 16 34 15 10 35 12 28 42 7 4 44 20 32 13 50 22 31 30 46 3 37 33 24 38 29 43 45 5 18 41 48 21 8 23 47 39 17 9 1 6 
50 25 14 40 26 27 49 36 11 2 19 16 34 15 10 35 12 28 42 7 4 44 20 32 13 50 22 31 30 46 3 37 33 24 38 29 43 45 5 18 41 48 21 8 23 47 39 17 9 1 6 
50 25 14 40 26 27 49 36 11 2 19 16 34 15 10 35 12 28 42 7 4 44 20 32 13 50 22 31 30 46 3 37 33 24 38 29 43 45 5 18 41 48 21 8 23 47 39 17 9 1 6 
50 25 14 40 26 27 49 36 11 2 19 16 34 15 10 35 12 28 42 7 4 44 20 32 13 50 22 31 30 46 3 37 33 24 38 29 43 45 5 18 41 48 21 8 23 47 39 17 9 1 6 
50 25 14 40 26 27 49 36 11 2 19 16 34 15 10 35 12 28 42 7 4 44 20 32 13 50 22 31 30 46 3 37 33 24 38 29 43 45 5 18 41 48 21 8 23 47 39 17 9 1 6 
50 25 14 40 26 27 49 36 11 2 19 16 34 15 10 35 12 28 42 7 4 44 20 32 13 50 22 31 30 46 3 37 33 24 38 29 43 45 5 18 41 48 21 8 23 47 39 17 9 1 6 
50 25 14 40 26 27 49 36 11 2 19 16 34 15 10 35 12 28 42 7 4 44 20 32 13 50 22 31 30 46 3 37 33 24 38 29 43 45 5 18 41 48 21 8 23 47 39 17 9 1 6 
50 25 14 40 26 27 49 36 11 2 19 16 34 15 10 35 12 28 42 7 4 44 20 32 13 50 22 31 30 46 3 37 33 24 38 29 43 45 5 18 41 48 21 8 23 47 39 17 9 1 6 
50 25 14 40 26 27 49 36 11 2 19 16 34 15 10 35 12 28 42 7 4 44 20 32 13 50 22 31 30 46 3 37 33 24 38 29 43 45 5 18 41 48 21 8 23 47 39 17 9 1 6 
50 25 14 40 26 27 49 36 11 2 19 16 34 15 10 35 12 28 42 7 4 44 20 32 13 50 22 31 30 46 3 37 33 24 38 29 43 45 5 18 41 48 21 8 23 47 39 17 9 1 6 
50 25 14 40 26 27 49 36 11 2 19 16 34 15 10 35 12 28 42 7 4 44 20 32 13 50 22 31 30 46 3 37 33 24 38 29 43 45 5 18 41 48 21 8 23 47 39 17 9 1 6 
50 25 14 40 26 27 49 36 11 2 19 16 34 15 10 35 12 28 42 7 4 44 20 32 13 50 22 31 30 46 3 37 33 24 38 29 43 45 5 18 41 48 21 8 23 47 39 17 9 1 6 
50 25 14 40 26 27 49 36 11 2 19 16 34 15 10 35 12 28 42 7 4 44 20 32 13 50 22 31 30 46 3 37 33 24 38 29 43 45 5 18 41 48 21 8 23 47 39 17 9 1 6 
50 25 14 40 26 27 49 36 11 2 19 16 34 15 10 35 12 28 42 7 4 44 20 32 13 50 22 31 30 46 3 37 33 24 38 29 43 45 5 18 41 48 21 8 23 47 39 17 9 1 6 
50 25 14 40 26 27 49 36 11 2 19 16 34 15 10 35 12 28 42 7 4 44 20 32 13 50 22 31 30 46 3 37 33 24 38 29 43 45 5 18 41 48 21 8 23 47 39 17 9 1 6 
50 25 14 40 26 27 49 36 11 2 19 16 34 15 10 35 12 28 42 7 4 44 20 32 13 50 22 31 30 46 3 37 33 24 38 29 43 45 5 18 41 48 21 8 23 47 39 17 9 1 6 
50 25 14 40 26 27 49 36 11 2 19 16 34 15 10 35 12 28 42 7 4 44 20 32 13 50 22 31 30 46 3 37 33 24 38 29 43 45 5 18 41 48 21 8 23 47 39 17 9 1 6 
50 25 14 40 26 27 49 36 11 2 19 16 34 15 10 35 12 28 42 7 4 44 20 32 13 50 22 31 30 46 3 37 33 24 38 29 43 45 5 18 41 48 21 8 23 47 39 17 9 1 6 
50 25 14 40 26 27 49 36 11 2 19 16 34 15 10 35 12 28 42 7 4 44 20 32 13 50 22 31 30 46 3 37 33 24 38 29 43 45 5 18 41 48 21 8 23 47 39 17 9 1 6 
50 25 14 40 26 27 49 36 11 2 19 16 34 15 10 35 12 28 42 7 4 44 20 32 13 50 22 31 30 46 3 37 33 24 38 29 43 45 5 18 41 48 21 8 23 47 39 17 9 1 6 
50 25 14 40 26 27 49 36 11 2 19 16 34 15 10 35 12 28 42 7 4 44 20 32 13 50 22 31 30 46 3 37 33 24 38 29 43 45 5 18 41 48 21 8 23 47 39 17 9 1 6 
50 25 14 40 26 27 49 36 11 2 19 16 34 15 10 35 12 28 42 7 4 44 20 32 13 50 22 31 30 46 3 37 33 24 38 29 43 45 5 18 41 48 21 8 23 47 39 17 9 1 6 
50 25 14 40 26 27 49 36 11 2 19 16 34 15 10 35 12 28 42 7 4 44 20 32 13 50 22 31 30 46 3 37 33 24 38 29 43 45 5 18 41 48 21 8 23 47 39 17 9 1 6 
50 25 14 40 26 27 49 36 11 2 19 16 34 15 10 35 12 28 42 7 4 44 20 32 13 50 22 31 30 46 3 37 33 24 38 29 43 45 5 18 41 48 21 8 23 47 39 17 9 1 6 
50 25 14 40 26 27 49 36 11 2 19 16 34 15 10 35 12 28 42 7 4 44 20 32 13 50 22 31 30 46 3 37 33 24 38 29 43 45 5 18 41 48 21 8 23 47 39 17 9 1 6 
50 25 14 40 26 27 49 36 11 2 19 16 34 15 10 35 12 28 42 7 4 44 20 32 13 50 22 31 30 46 3 37 33 24 38 29 43 45 5 18 41 48 21 8 23 47 39 17 9 1 6 
50 25 14 40 26 27 49 36 11 2 19 16 34 15 10 35 12 28 42 7 4 44 20 32 13 50 22 31 30 46 3 37 33 24 38 29 43 45 5 18 41 48 21 8 23 47 39 17 9 1 6 
50 25 14 40 26 27 49 36 11 2 19 16 34 15 10 35 12 28 42 7 4 44 20 32 13 50 22 31 30 46 3 37 33 24 38 29 43 45 5 18 41 48 21 8 23 47 39 17 9 1 6 
50 25 14 40 26 27 49 36 11 2 19 16 34 15 10 35 12 28 42 7 4 44 20 32 13 50 22 31 30 46 3 37 33 24 38 29 43 45 5 18 41 48 21 8 23 47 39 17 9 1 6 
50 25 14 40 26 27 49 36 11 2 19 16 34 15 10 35 12 28 42 7 4 44 20 32 13 50 22 31 30 46 3 37 33 24 38 29 43 45 5 18 41 48 21 8 23 47 39 17 9 1 6 
50 25 14 40 26 27 49 36 11 2 19 16 34 15 10 35 12 28 42 7 4 44 20 32 13 50 22 31 30 46 3 37 33 24 38 29 43 45 5 18 41 48 21 8 23 47 39 17 9 1 6 
50 25 14 40 26 27 49 36 11 2 19 16 34 15 10 35 12 28 42 7 4 44 20 32 13 50 22 31 30 46 3 37 33 24 38 29 43 45 5 18 41 48 21 8 23 47 39 17 9 1 6 
50 25 14 40 26 27 49 36 11 2 19 16 34 15 10 35 12 28 42 7 4 44 20 32 13 50 22 31 30 46 3 37 33 24 38 29 43 45 5 18 41 48 21 8 23 47 39 17 9 1 6 
50 25 14 40 26 27 49 36 11 2 19 16 34 15 10 35 12 28 42 7 4 44 20 32 13 50 22 31 30 46 3 37 33 24 38 29 43 45 5 18 41 48 21 8 23 47 39 17 9 1 6 
50 25 14 40 26 27 49 36 11 2 19 16 34 15 10 35 12 28 42 7 4 44 20 32 13 50 22 31 30 46 3 37 33 24 38 29 43 45 5 18 41 48 21 8 23 47 39 17 9 1 6 
50 25 14 40 26 27 49 36 11 2 19 16 34 15 10 35 12 28 42 7 4 44 20 32 13 50 22 31 30 46 3 37 33 24 38 29 43 45 5 18 41 48 21 8 23 47 39 17 9 1 6 
50 25 14 40 26 27 49 36 11 2 19 16 34 15 10 35 12 28 42 7 4 44 20 32 13 50 22 31 30 46 3 37 33 24 38 29 43 45 5 18 41 48 21 8 23 47 39 17 9 1 6 
50 25 14 40 26 27 49 36 11 2 19 16 34 15 10 35 12 28 42 7 4 44 20 32 13 50 22 31 30 46 3 37 33 24 38 29 43 45 5 18 41 48 21 8 23 47 39 17 9 1 6 
50 25 14 40 26 27 49 36 11 2 19 16 34 15 10 35 12 28 42 7 4 44 20 32 13 50 22 31 30 46 3 37 33 24 38 29 43 45 5 18 41 48 21 8 23 47 39 17 9 1 6 
50 25 14 40 26 27 49 36 11 2 19 16 34 15 10 35 12 28 42 7 4 44 20 32 13 50 22 31 30 46 3 37 33 24 38 29 43 45 5 18 41 48 21 8 23 47 39 17 9 1 6 
50 25 14 40 26 27 49 36 11 2 19 16 34 15 10 35 12 28 42 7 4 44 20 32 13 50 22 31 30 46 3 37 33 24 38 29 43 45 5 18 41 48 21 8 23 47 39 17 9 1 6 
50 25 14 40 26 27 49 36 11 2 19 16 34 15 10 35 12 28 42 7 4 44 20 32 13 50 22 31 30 46 3 37 33 24 38 29 43 45 5 18 41 48 21 8 23 47 39 17 9 1 6 
50 25 14 40 26 27 49 36 11 2 19 16 34 15 10 35 12 28 42 7 4 44 20 32 13 50 22 31 30 46 3 37 33 24 38 29 43 45 5 18 41 48 21 8 23 47 39 17 9 1 6 
50 25 14 40 26 27 49 36 11 2 19 16 34 15 10 35 12 28 42 7 4 44 20 32 13 50 22 31 30 46 3 37 33 24 38 29 43 45 5 18 41 48 21 8 23 47 39 17 9 1 6 
50 25 14 40 26 27 49 36 11 2 19 16 34 15 10 35 12 28 42 7 4 44 20 32 13 50 22 31 30 46 3 37 33 24 38 29 43 45 5 18 41 48 21 8 23 47 39 17 9 1 6 
