50
50 40 29 45 39 24 48 18 6 4 27 11 34 5 21 44 9 23 20 38 1 49 28 37 22 13 10 31 19 41 35 47 43 30 8 15 7 46 26 36 2 33 17 50 16 14 32 42 12 3 25 
50 35 28 4 10 5 25 43 41 24 30 45 33 12 27 48 36 23 37 21 26 15 11 39 42 49 46 14 47 22 19 38 2 9 20 1 18 17 29 3 31 32 8 44 7 13 34 40 6 50 16 
50 2 30 40 36 47 41 29 6 4 3 33 16 45 24 12 17 8 18 26 38 10 42 14 23 31 27 5 13 1 9 28 44 35 46 32 37 15 49 50 39 34 19 11 43 21 48 25 22 20 7 
50 16 49 25 45 26 14 35 20 30 24 47 31 42 8 40 46 28 15 37 10 43 3 48 36 12 18 17 9 38 29 22 6 41 4 27 34 13 5 19 50 32 23 11 2 39 44 1 7 33 21 
50 30 22 15 17 5 45 31 12 29 6 14 38 4 50 1 11 24 48 37 23 21 36 27 47 33 42 39 35 44 34 20 16 18 25 9 43 8 7 28 41 40 3 26 32 2 19 49 46 10 13 
50 39 37 10 19 40 30 46 22 48 17 27 42 34 44 32 4 21 8 6 31 47 25 14 28 35 26 16 24 43 49 29 20 18 13 33 3 9 41 45 11 5 50 23 7 12 15 38 36 1 2 
50 45 35 47 34 36 41 24 32 23 4 2 3 22 31 28 33 13 15 16 5 39 14 43 40 49 10 19 30 11 50 7 21 8 26 25 6 18 12 44 1 27 37 17 42 46 9 20 38 29 48 
50 50 27 41 20 18 37 40 16 34 17 1 15 23 14 33 43 29 35 38 5 3 30 44 32 8 9 19 21 49 45 11 10 31 26 48 39 7 6 12 42 36 46 47 13 22 28 25 2 4 24 
50 3 42 12 36 41 15 21 14 22 18 34 26 1 7 6 5 31 25 49 23 17 40 47 43 44 2 29 35 24 30 19 16 9 27 46 50 45 39 10 32 4 8 20 11 37 33 48 28 13 38 
50 45 20 28 34 41 21 32 37 27 43 33 48 8 50 3 44 26 10 2 16 23 5 40 13 14 17 38 46 42 36 15 12 39 11 24 29 1 9 18 25 6 31 35 47 4 7 30 22 49 19 
50 12 18 19 21 27 8 17 5 37 38 25 40 43 41 10 15 45 9 6 36 46 14 13 23 4 20 1 24 30 49 42 47 44 11 28 26 34 35 33 39 50 7 3 2 48 16 31 22 32 29 
50 30 40 15 43 3 10 45 36 24 7 29 17 37 50 42 5 8 44 25 1 32 46 38 23 6 20 31 11 2 33 26 9 41 19 22 39 27 48 12 13 28 16 14 34 35 21 18 49 4 47 
50 5 43 44 29 2 14 35 34 36 33 21 28 11 47 24 1 31 27 45 3 17 48 32 12 4 9 18 16 38 40 6 26 13 7 37 46 42 50 15 10 25 30 41 23 19 22 49 8 39 20 
50 43 31 27 5 24 18 49 2 47 50 45 17 23 48 7 28 15 19 40 39 29 8 42 11 25 36 3 12 46 1 14 30 6 10 4 41 32 44 37 9 13 26 22 16 35 34 38 33 20 21 
50 35 30 1 9 40 20 6 44 47 34 43 17 11 23 21 16 32 25 46 28 8 12 7 29 33 22 26 19 13 31 14 24 3 50 27 45 15 10 4 2 37 42 39 18 41 48 38 49 36 5 
50 43 2 1 11 50 15 35 7 31 8 4 3 16 44 42 17 22 38 25 45 27 32 10 49 13 23 24 12 21 29 33 9 20 6 48 30 5 46 18 28 14 40 26 41 37 36 34 39 47 19 
50 17 28 21 18 11 49 3 20 14 29 22 19 31 37 44 8 1 13 50 26 30 9 33 12 45 43 2 35 38 4 32 5 7 6 41 25 39 24 47 27 34 36 40 48 15 10 16 46 23 42 
50 8 49 12 19 31 7 37 3 48 29 35 28 23 5 20 21 10 39 42 25 46 15 38 44 24 6 13 1 17 33 2 14 45 30 11 50 27 36 22 9 32 40 41 26 34 16 43 4 47 18 
50 41 15 5 25 7 50 23 21 20 8 30 45 14 33 4 10 40 3 31 26 35 47 22 13 29 11 6 42 19 36 9 39 32 17 18 24 34 44 48 27 49 16 28 38 46 37 43 1 12 2 
50 15 24 37 28 9 12 35 6 2 46 34 41 32 26 48 49 1 45 33 50 40 5 21 47 8 18 11 31 44 20 23 36 27 43 13 19 7 29 16 38 14 30 22 17 25 10 3 39 42 4 
50 41 19 12 3 39 43 5 26 35 34 7 25 48 29 20 4 37 13 28 16 1 2 11 42 24 27 6 8 22 36 14 47 31 10 21 9 18 44 30 45 50 38 46 49 33 23 17 15 32 40 
50 27 8 12 20 46 22 50 6 33 24 28 18 26 15 32 41 19 45 1 30 42 35 48 37 43 9 40 49 14 5 3 21 11 13 36 17 7 44 31 2 23 29 47 4 34 10 16 39 25 38 
50 10 4 44 41 13 11 40 20 19 49 22 33 9 32 48 15 31 38 14 8 43 3 6 12 16 23 7 27 36 2 18 17 42 34 1 25 24 39 45 35 47 30 5 46 28 21 37 26 50 29 
50 40 50 9 24 23 20 7 32 4 12 31 6 35 43 27 34 17 41 42 48 45 18 22 5 21 16 10 19 38 29 2 30 15 13 37 3 47 33 26 1 39 14 46 11 44 25 8 49 28 36 
50 5 22 7 31 27 39 28 47 14 46 18 8 2 35 43 11 9 29 6 37 50 34 17 41 19 33 32 40 25 1 16 49 42 10 15 38 45 26 48 36 20 13 44 30 4 3 21 24 12 23 
50 25 49 30 7 35 45 24 16 13 39 21 1 28 23 43 41 32 38 14 34 20 6 42 50 37 31 40 22 8 27 36 48 10 33 19 3 9 47 2 17 29 18 46 26 11 44 15 4 5 12 
50 25 33 44 49 19 24 23 47 43 11 20 36 38 32 21 46 39 37 45 14 28 10 1 30 2 34 8 15 22 12 40 18 48 35 5 29 7 16 6 42 17 26 50 31 13 41 27 9 3 4 
50 49 34 23 5 18 42 8 1 24 20 47 11 35 28 40 2 30 38 31 26 21 6 14 9 39 32 12 37 25 46 33 7 44 22 10 45 19 36 41 13 17 48 3 15 16 43 29 4 50 27 
50 49 22 2 44 50 35 4 39 24 11 41 14 18 45 1 19 23 13 40 26 34 37 3 48 29 6 10 28 43 46 27 33 21 25 38 16 36 20 42 17 9 47 8 5 32 30 15 12 7 31 
50 37 14 3 5 8 39 45 29 30 41 10 48 25 50 32 19 15 44 7 17 22 27 42 33 6 46 49 9 11 38 16 31 35 18 40 47 26 1 12 28 24 2 21 13 36 20 4 23 34 43 
50 3 37 39 31 43 2 36 12 35 40 45 42 17 22 21 38 33 1 47 29 32 27 10 28 9 7 30 5 18 41 14 24 6 19 34 8 20 50 44 11 23 26 16 46 48 15 25 13 4 49 
50 43 20 22 38 6 3 15 19 44 11 30 31 26 49 35 40 24 25 18 37 17 39 21 12 9 14 41 32 7 36 4 1 23 34 29 10 2 46 33 28 13 50 47 42 8 48 45 16 27 5 
50 4 35 7 14 21 22 20 6 41 31 36 11 46 37 48 9 25 1 19 33 30 27 45 32 12 34 44 29 50 28 16 40 38 26 42 49 8 10 15 39 18 24 43 5 47 3 2 23 17 13 
50 49 45 50 32 28 3 25 19 48 31 14 33 1 16 35 5 41 10 29 8 40 37 20 38 26 47 13 21 36 22 24 43 23 4 44 7 15 30 27 6 34 39 2 17 12 11 18 9 42 46 
50 19 47 40 48 46 27 43 6 15 39 42 50 34 45 16 21 12 33 23 35 10 30 13 7 4 8 41 26 17 49 22 29 18 1 11 44 37 5 25 32 14 36 20 9 3 31 28 2 24 38 
50 47 38 32 17 25 26 15 5 28 13 3 11 35 8 18 49 33 37 39 2 19 40 24 31 50 34 30 10 48 22 4 29 46 12 23 43 16 45 36 20 14 42 21 44 27 41 7 6 1 9 
50 21 39 40 35 7 22 32 1 42 2 3 33 41 27 36 31 44 23 13 25 10 11 46 24 15 16 4 26 38 9 17 18 49 19 34 50 5 30 48 28 47 45 6 8 12 29 14 43 20 37 
50 48 12 21 46 41 18 29 28 30 26 23 49 32 22 31 8 39 37 6 40 35 24 25 17 36 20 19 42 43 3 11 10 50 1 15 47 34 38 16 9 13 2 45 14 27 7 33 5 44 4 
50 47 10 28 14 1 4 37 17 45 13 29 38 34 9 23 50 42 26 24 8 43 30 2 18 44 48 7 35 20 49 39 16 41 46 15 36 11 6 21 25 19 12 3 5 31 22 27 32 33 40 
50 14 39 12 25 35 30 11 40 42 6 2 9 43 27 22 24 26 49 37 47 21 44 46 31 5 34 50 23 7 33 17 32 4 48 18 20 1 45 10 8 13 3 41 29 19 16 36 28 15 38 
50 28 47 13 34 38 1 29 50 10 6 11 45 14 43 23 44 40 19 27 2 8 26 5 24 18 41 49 15 42 46 7 17 3 16 48 32 21 35 31 12 9 4 25 30 33 20 39 37 36 22 
50 47 26 10 6 1 22 32 25 46 17 5 48 11 36 44 16 31 18 4 34 40 3 41 13 14 21 43 33 35 49 50 30 7 20 8 9 24 45 39 12 15 38 19 29 2 37 27 28 42 23 
50 25 47 26 11 29 38 13 8 7 32 12 39 48 4 27 33 23 15 46 20 3 34 5 28 30 22 21 40 45 10 44 19 50 16 2 41 43 6 9 35 1 37 17 49 18 31 24 42 36 14 
50 35 33 28 30 46 7 24 31 27 3 20 19 14 1 11 42 8 10 17 29 6 48 40 9 2 36 26 18 16 39 50 37 43 47 49 5 41 25 12 38 22 23 32 44 13 21 34 45 4 15 
50 30 42 32 48 5 36 40 7 18 10 25 24 43 39 28 45 13 50 12 35 47 2 34 17 37 4 27 22 49 3 41 44 23 19 20 33 14 11 15 21 8 16 38 1 29 26 46 6 9 31 
50 28 23 38 19 21 32 12 3 15 4 40 43 36 27 16 20 1 44 13 6 17 45 10 37 39 25 33 49 34 8 9 46 24 5 18 41 47 42 30 11 14 22 2 7 48 50 29 31 35 26 
50 22 6 50 26 47 13 45 19 32 28 29 46 3 21 12 39 4 37 7 36 25 30 14 17 31 2 11 8 18 33 43 23 44 27 48 9 41 10 35 5 38 40 16 49 34 1 24 42 20 15 
50 18 38 12 33 21 36 46 15 2 24 44 13 41 25 30 3 50 48 14 5 16 22 31 10 40 34 19 47 37 17 28 20 32 39 35 23 27 8 29 42 4 6 49 1 9 26 43 11 45 7 
50 39 5 6 18 33 45 22 19 9 1 31 2 49 20 3 8 17 27 15 44 35 12 16 30 40 28 50 36 21 38 25 23 14 32 34 24 37 43 41 46 48 47 10 13 4 29 26 42 7 11 
50 43 33 44 40 10 34 50 19 13 27 35 28 36 9 31 32 2 18 47 8 48 24 14 17 29 41 46 5 49 25 45 38 30 37 7 21 6 42 23 26 1 11 15 12 22 16 4 3 20 39 
50 38 24 47 22 1 17 50 43 34 20 48 4 42 7 9 29 14 46 15 49 23 11 16 30 39 41 32 37 45 25 28 44 33 10 6 8 40 18 2 21 13 35 5 3 26 12 31 36 19 27 
50 38 24 47 22 1 17 50 43 34 20 48 4 42 7 9 29 14 46 15 49 23 11 16 30 39 41 32 37 45 25 28 44 33 10 6 8 40 18 2 21 13 35 5 3 26 12 31 36 19 27 
50 38 24 47 22 1 17 50 43 34 20 48 4 42 7 9 29 14 46 15 49 23 11 16 30 39 41 32 37 45 25 28 44 33 10 6 8 40 18 2 21 13 35 5 3 26 12 31 36 19 27 
50 38 24 47 22 1 17 50 43 34 20 48 4 42 7 9 29 14 46 15 49 23 11 16 30 39 41 32 37 45 25 28 44 33 10 6 8 40 18 2 21 13 35 5 3 26 12 31 36 19 27 
50 38 24 47 22 1 17 50 43 34 20 48 4 42 7 9 29 14 46 15 49 23 11 16 30 39 41 32 37 45 25 28 44 33 10 6 8 40 18 2 21 13 35 5 3 26 12 31 36 19 27 
50 38 24 47 22 1 17 50 43 34 20 48 4 42 7 9 29 14 46 15 49 23 11 16 30 39 41 32 37 45 25 28 44 33 10 6 8 40 18 2 21 13 35 5 3 26 12 31 36 19 27 
50 38 24 47 22 1 17 50 43 34 20 48 4 42 7 9 29 14 46 15 49 23 11 16 30 39 41 32 37 45 25 28 44 33 10 6 8 40 18 2 21 13 35 5 3 26 12 31 36 19 27 
50 38 24 47 22 1 17 50 43 34 20 48 4 42 7 9 29 14 46 15 49 23 11 16 30 39 41 32 37 45 25 28 44 33 10 6 8 40 18 2 21 13 35 5 3 26 12 31 36 19 27 
50 38 24 47 22 1 17 50 43 34 20 48 4 42 7 9 29 14 46 15 49 23 11 16 30 39 41 32 37 45 25 28 44 33 10 6 8 40 18 2 21 13 35 5 3 26 12 31 36 19 27 
50 38 24 47 22 1 17 50 43 34 20 48 4 42 7 9 29 14 46 15 49 23 11 16 30 39 41 32 37 45 25 28 44 33 10 6 8 40 18 2 21 13 35 5 3 26 12 31 36 19 27 
50 38 24 47 22 1 17 50 43 34 20 48 4 42 7 9 29 14 46 15 49 23 11 16 30 39 41 32 37 45 25 28 44 33 10 6 8 40 18 2 21 13 35 5 3 26 12 31 36 19 27 
50 38 24 47 22 1 17 50 43 34 20 48 4 42 7 9 29 14 46 15 49 23 11 16 30 39 41 32 37 45 25 28 44 33 10 6 8 40 18 2 21 13 35 5 3 26 12 31 36 19 27 
50 38 24 47 22 1 17 50 43 34 20 48 4 42 7 9 29 14 46 15 49 23 11 16 30 39 41 32 37 45 25 28 44 33 10 6 8 40 18 2 21 13 35 5 3 26 12 31 36 19 27 
50 38 24 47 22 1 17 50 43 34 20 48 4 42 7 9 29 14 46 15 49 23 11 16 30 39 41 32 37 45 25 28 44 33 10 6 8 40 18 2 21 13 35 5 3 26 12 31 36 19 27 
50 38 24 47 22 1 17 50 43 34 20 48 4 42 7 9 29 14 46 15 49 23 11 16 30 39 41 32 37 45 25 28 44 33 10 6 8 40 18 2 21 13 35 5 3 26 12 31 36 19 27 
50 38 24 47 22 1 17 50 43 34 20 48 4 42 7 9 29 14 46 15 49 23 11 16 30 39 41 32 37 45 25 28 44 33 10 6 8 40 18 2 21 13 35 5 3 26 12 31 36 19 27 
50 38 24 47 22 1 17 50 43 34 20 48 4 42 7 9 29 14 46 15 49 23 11 16 30 39 41 32 37 45 25 28 44 33 10 6 8 40 18 2 21 13 35 5 3 26 12 31 36 19 27 
50 38 24 47 22 1 17 50 43 34 20 48 4 42 7 9 29 14 46 15 49 23 11 16 30 39 41 32 37 45 25 28 44 33 10 6 8 40 18 2 21 13 35 5 3 26 12 31 36 19 27 
50 38 24 47 22 1 17 50 43 34 20 48 4 42 7 9 29 14 46 15 49 23 11 16 30 39 41 32 37 45 25 28 44 33 10 6 8 40 18 2 21 13 35 5 3 26 12 31 36 19 27 
50 38 24 47 22 1 17 50 43 34 20 48 4 42 7 9 29 14 46 15 49 23 11 16 30 39 41 32 37 45 25 28 44 33 10 6 8 40 18 2 21 13 35 5 3 26 12 31 36 19 27 
50 38 24 47 22 1 17 50 43 34 20 48 4 42 7 9 29 14 46 15 49 23 11 16 30 39 41 32 37 45 25 28 44 33 10 6 8 40 18 2 21 13 35 5 3 26 12 31 36 19 27 
50 38 24 47 22 1 17 50 43 34 20 48 4 42 7 9 29 14 46 15 49 23 11 16 30 39 41 32 37 45 25 28 44 33 10 6 8 40 18 2 21 13 35 5 3 26 12 31 36 19 27 
50 38 24 47 22 1 17 50 43 34 20 48 4 42 7 9 29 14 46 15 49 23 11 16 30 39 41 32 37 45 25 28 44 33 10 6 8 40 18 2 21 13 35 5 3 26 12 31 36 19 27 
50 38 24 47 22 1 17 50 43 34 20 48 4 42 7 9 29 14 46 15 49 23 11 16 30 39 41 32 37 45 25 28 44 33 10 6 8 40 18 2 21 13 35 5 3 26 12 31 36 19 27 
50 38 24 47 22 1 17 50 43 34 20 48 4 42 7 9 29 14 46 15 49 23 11 16 30 39 41 32 37 45 25 28 44 33 10 6 8 40 18 2 21 13 35 5 3 26 12 31 36 19 27 
50 38 24 47 22 1 17 50 43 34 20 48 4 42 7 9 29 14 46 15 49 23 11 16 30 39 41 32 37 45 25 28 44 33 10 6 8 40 18 2 21 13 35 5 3 26 12 31 36 19 27 
50 38 24 47 22 1 17 50 43 34 20 48 4 42 7 9 29 14 46 15 49 23 11 16 30 39 41 32 37 45 25 28 44 33 10 6 8 40 18 2 21 13 35 5 3 26 12 31 36 19 27 
50 38 24 47 22 1 17 50 43 34 20 48 4 42 7 9 29 14 46 15 49 23 11 16 30 39 41 32 37 45 25 28 44 33 10 6 8 40 18 2 21 13 35 5 3 26 12 31 36 19 27 
50 38 24 47 22 1 17 50 43 34 20 48 4 42 7 9 29 14 46 15 49 23 11 16 30 39 41 32 37 45 25 28 44 33 10 6 8 40 18 2 21 13 35 5 3 26 12 31 36 19 27 
50 38 24 47 22 1 17 50 43 34 20 48 4 42 7 9 29 14 46 15 49 23 11 16 30 39 41 32 37 45 25 28 44 33 10 6 8 40 18 2 21 13 35 5 3 26 12 31 36 19 27 
50 38 24 47 22 1 17 50 43 34 20 48 4 42 7 9 29 14 46 15 49 23 11 16 30 39 41 32 37 45 25 28 44 33 10 6 8 40 18 2 21 13 35 5 3 26 12 31 36 19 27 
50 38 24 47 22 1 17 50 43 34 20 48 4 42 7 9 29 14 46 15 49 23 11 16 30 39 41 32 37 45 25 28 44 33 10 6 8 40 18 2 21 13 35 5 3 26 12 31 36 19 27 
50 38 24 47 22 1 17 50 43 34 20 48 4 42 7 9 29 14 46 15 49 23 11 16 30 39 41 32 37 45 25 28 44 33 10 6 8 40 18 2 21 13 35 5 3 26 12 31 36 19 27 
50 38 24 47 22 1 17 50 43 34 20 48 4 42 7 9 29 14 46 15 49 23 11 16 30 39 41 32 37 45 25 28 44 33 10 6 8 40 18 2 21 13 35 5 3 26 12 31 36 19 27 
50 38 24 47 22 1 17 50 43 34 20 48 4 42 7 9 29 14 46 15 49 23 11 16 30 39 41 32 37 45 25 28 44 33 10 6 8 40 18 2 21 13 35 5 3 26 12 31 36 19 27 
50 38 24 47 22 1 17 50 43 34 20 48 4 42 7 9 29 14 46 15 49 23 11 16 30 39 41 32 37 45 25 28 44 33 10 6 8 40 18 2 21 13 35 5 3 26 12 31 36 19 27 
50 38 24 47 22 1 17 50 43 34 20 48 4 42 7 9 29 14 46 15 49 23 11 16 30 39 41 32 37 45 25 28 44 33 10 6 8 40 18 2 21 13 35 5 3 26 12 31 36 19 27 
50 38 24 47 22 1 17 50 43 34 20 48 4 42 7 9 29 14 46 15 49 23 11 16 30 39 41 32 37 45 25 28 44 33 10 6 8 40 18 2 21 13 35 5 3 26 12 31 36 19 27 
50 38 24 47 22 1 17 50 43 34 20 48 4 42 7 9 29 14 46 15 49 23 11 16 30 39 41 32 37 45 25 28 44 33 10 6 8 40 18 2 21 13 35 5 3 26 12 31 36 19 27 
50 38 24 47 22 1 17 50 43 34 20 48 4 42 7 9 29 14 46 15 49 23 11 16 30 39 41 32 37 45 25 28 44 33 10 6 8 40 18 2 21 13 35 5 3 26 12 31 36 19 27 
50 38 24 47 22 1 17 50 43 34 20 48 4 42 7 9 29 14 46 15 49 23 11 16 30 39 41 32 37 45 25 28 44 33 10 6 8 40 18 2 21 13 35 5 3 26 12 31 36 19 27 
50 38 24 47 22 1 17 50 43 34 20 48 4 42 7 9 29 14 46 15 49 23 11 16 30 39 41 32 37 45 25 28 44 33 10 6 8 40 18 2 21 13 35 5 3 26 12 31 36 19 27 
50 38 24 47 22 1 17 50 43 34 20 48 4 42 7 9 29 14 46 15 49 23 11 16 30 39 41 32 37 45 25 28 44 33 10 6 8 40 18 2 21 13 35 5 3 26 12 31 36 19 27 
50 38 24 47 22 1 17 50 43 34 20 48 4 42 7 9 29 14 46 15 49 23 11 16 30 39 41 32 37 45 25 28 44 33 10 6 8 40 18 2 21 13 35 5 3 26 12 31 36 19 27 
50 38 24 47 22 1 17 50 43 34 20 48 4 42 7 9 29 14 46 15 49 23 11 16 30 39 41 32 37 45 25 28 44 33 10 6 8 40 18 2 21 13 35 5 3 26 12 31 36 19 27 
50 38 24 47 22 1 17 50 43 34 20 48 4 42 7 9 29 14 46 15 49 23 11 16 30 39 41 32 37 45 25 28 44 33 10 6 8 40 18 2 21 13 35 5 3 26 12 31 36 19 27 
50 38 24 47 22 1 17 50 43 34 20 48 4 42 7 9 29 14 46 15 49 23 11 16 30 39 41 32 37 45 25 28 44 33 10 6 8 40 18 2 21 13 35 5 3 26 12 31 36 19 27 
50 38 24 47 22 1 17 50 43 34 20 48 4 42 7 9 29 14 46 15 49 23 11 16 30 39 41 32 37 45 25 28 44 33 10 6 8 40 18 2 21 13 35 5 3 26 12 31 36 19 27 
50 38 24 47 22 1 17 50 43 34 20 48 4 42 7 9 29 14 46 15 49 23 11 16 30 39 41 32 37 45 25 28 44 33 10 6 8 40 18 2 21 13 35 5 3 26 12 31 36 19 27 
50 38 24 47 22 1 17 50 43 34 20 48 4 42 7 9 29 14 46 15 49 23 11 16 30 39 41 32 37 45 25 28 44 33 10 6 8 40 18 2 21 13 35 5 3 26 12 31 36 19 27 
