50
50 9 4 35 26 21 5 29 41 16 11 49 47 27 23 24 7 28 17 15 37 3 39 6 12 46 30 42 50 14 13 34 20 38 19 31 1 8 48 33 45 22 40 2 10 18 25 43 36 32 44 
50 5 49 27 37 23 48 10 42 9 33 2 12 19 38 22 40 18 28 17 29 30 34 35 1 16 39 36 26 3 14 4 13 47 24 32 41 25 50 6 8 21 44 11 43 31 20 45 15 46 7 
50 14 18 9 20 10 48 46 28 40 27 39 7 34 4 30 32 6 37 8 3 44 36 17 11 1 19 33 22 29 31 38 23 25 42 50 21 49 13 47 24 43 12 16 41 35 26 45 2 5 15 
50 50 41 13 45 22 3 19 24 28 32 48 5 40 30 16 37 26 8 1 34 44 33 43 39 20 38 21 29 18 17 49 46 4 2 7 15 42 35 36 14 6 12 25 10 23 31 9 27 47 11 
50 9 21 36 45 5 3 16 37 8 10 30 4 40 17 35 1 39 7 25 13 47 27 41 49 42 15 33 44 38 34 23 29 46 28 2 50 32 19 14 31 18 43 6 20 24 11 12 48 22 26 
50 11 5 8 24 28 3 6 18 19 21 31 10 22 15 41 20 30 36 16 40 23 42 45 38 48 35 50 47 26 1 44 12 49 17 14 39 2 33 43 13 25 9 29 37 32 27 7 46 34 4 
50 15 19 11 25 21 41 38 35 4 31 40 12 44 1 9 46 23 16 5 29 22 6 42 45 26 49 50 13 10 8 2 28 47 18 17 20 32 30 3 34 7 36 27 37 48 24 39 33 43 14 
50 43 15 21 2 22 27 13 40 4 41 7 20 34 29 10 14 44 11 42 24 19 1 18 23 26 6 37 28 8 33 25 3 45 46 47 5 50 16 17 39 31 35 30 48 12 49 32 9 38 36 
50 50 38 8 49 40 1 24 19 23 11 14 16 42 46 6 3 32 36 33 9 22 31 7 13 25 34 20 28 48 4 5 45 21 39 15 12 26 35 27 44 10 2 37 30 43 47 17 29 41 18 
50 45 43 11 46 15 3 24 4 23 6 27 19 21 36 33 31 47 25 34 30 41 14 12 10 7 1 5 9 38 8 29 40 42 44 49 39 37 28 17 20 13 16 35 32 50 22 2 48 26 18 
50 35 36 44 45 37 3 33 14 43 11 41 39 7 27 1 48 49 46 15 22 29 32 6 40 42 38 47 31 50 19 13 4 21 24 34 12 23 5 2 18 8 17 16 20 25 30 28 9 26 10 
50 21 37 3 34 18 47 32 30 41 35 28 2 33 22 29 9 25 17 43 7 12 31 27 10 38 39 23 14 40 46 11 20 16 24 36 4 50 6 45 26 1 49 42 8 15 5 19 13 44 48 
50 32 44 34 27 37 4 42 29 35 31 19 8 13 50 49 6 22 45 5 41 43 36 23 10 17 26 46 9 24 18 38 48 1 2 39 28 30 25 33 3 12 20 11 14 15 7 47 21 40 16 
50 49 16 42 7 30 45 38 26 4 21 6 43 50 35 17 15 41 31 23 33 18 44 9 12 37 14 8 25 13 34 2 28 3 5 19 46 11 39 40 27 36 22 48 29 20 24 47 1 32 10 
50 6 24 18 26 4 37 31 45 1 47 48 12 5 44 41 46 21 16 22 34 28 15 38 8 30 13 49 39 23 19 17 14 32 10 3 9 27 36 29 42 2 20 33 50 43 7 11 25 40 35 
50 3 24 19 41 5 16 37 48 27 12 29 45 42 6 32 33 26 25 4 47 21 14 17 20 15 23 13 18 46 10 30 36 44 28 43 1 38 22 7 31 50 11 39 9 35 34 49 2 8 40 
50 4 44 31 42 49 5 1 10 19 37 3 12 41 16 17 46 14 24 23 50 2 22 6 40 27 29 18 8 35 48 45 7 38 34 20 13 11 32 26 39 36 43 30 9 15 33 28 25 47 21 
50 42 25 9 26 6 1 20 4 7 43 31 50 16 17 23 44 48 22 37 41 40 33 3 49 35 39 14 5 18 2 13 45 21 47 36 29 8 30 32 34 46 38 24 10 27 12 28 19 11 15 
50 12 25 27 41 45 19 47 9 28 29 39 3 32 38 23 2 42 7 13 20 18 11 4 5 48 30 37 10 14 22 34 1 26 43 16 50 36 40 21 49 15 17 24 33 6 8 44 46 31 35 
50 11 24 45 14 8 33 22 20 48 36 27 23 34 50 13 46 38 47 40 2 12 32 1 16 39 25 17 49 26 19 21 3 43 9 18 42 30 31 6 5 7 37 35 10 4 29 15 44 28 41 
50 37 16 42 50 44 19 27 49 36 28 23 29 3 18 10 25 31 7 35 32 43 8 21 13 26 15 14 48 47 46 9 17 12 6 1 4 39 34 2 5 40 41 30 45 11 33 20 22 24 38 
50 13 37 34 44 9 14 42 25 50 29 49 4 23 33 21 10 39 19 7 24 30 8 40 6 26 31 46 5 11 45 48 43 35 15 2 41 22 20 17 47 12 36 3 38 27 32 28 16 1 18 
50 9 34 45 47 43 3 31 42 13 6 26 11 23 46 48 5 18 20 37 1 15 40 17 19 27 22 38 36 12 33 16 25 32 30 2 39 44 24 29 4 8 28 21 14 50 41 7 10 35 49 
50 43 23 33 3 7 12 34 29 38 26 11 25 47 40 20 13 41 32 30 2 19 15 39 50 45 21 42 18 31 9 28 44 36 6 49 17 10 35 27 24 1 16 4 8 46 37 14 22 48 5 
50 16 2 5 26 18 36 22 7 47 15 23 49 3 12 11 1 19 6 9 39 46 17 42 32 37 43 30 25 24 44 34 10 4 50 41 33 48 14 13 8 35 38 29 31 27 21 20 45 40 28 
50 17 26 33 7 16 38 46 22 44 42 20 31 14 47 34 4 48 32 9 6 3 24 15 50 13 11 29 19 5 25 36 1 41 37 45 10 8 35 40 12 2 43 21 28 49 23 30 27 18 39 
50 7 20 42 43 3 1 44 24 33 13 36 32 25 8 17 46 38 5 15 28 22 30 4 10 14 12 27 2 23 35 39 6 11 40 21 37 16 50 41 48 49 9 29 47 19 18 45 31 34 26 
50 3 30 40 42 41 28 12 16 13 20 46 29 19 25 43 34 9 11 44 38 24 39 47 31 17 21 23 50 22 15 6 48 35 18 27 2 5 7 26 14 33 10 4 45 49 32 36 8 37 1 
50 39 25 22 24 45 19 32 47 26 42 5 8 10 31 4 30 9 6 49 46 2 35 1 20 16 44 36 12 14 21 38 37 15 3 41 17 11 40 7 34 23 18 43 29 13 50 48 27 33 28 
50 29 49 40 18 38 5 1 15 8 7 16 11 47 23 3 21 43 25 37 4 10 28 39 36 2 20 48 42 45 50 9 44 41 30 6 32 13 34 19 26 14 17 27 35 24 31 22 12 46 33 
50 31 17 27 32 22 15 28 12 40 9 7 45 16 38 50 37 18 19 47 43 4 21 8 48 44 26 3 23 29 39 30 36 41 11 20 2 42 6 34 10 14 35 5 24 49 13 25 33 46 1 
50 22 34 17 9 30 37 4 48 8 47 14 27 6 32 43 31 13 29 44 42 36 20 18 46 39 3 41 25 23 26 2 50 1 19 24 11 7 38 16 33 10 28 35 15 12 49 45 40 21 5 
50 4 46 48 23 16 28 8 27 49 44 39 21 15 6 9 40 18 2 35 30 12 5 22 45 34 29 50 10 26 38 11 7 33 24 32 17 19 47 31 25 1 36 20 42 37 41 3 13 14 43 
50 26 50 14 27 34 6 47 11 18 35 15 5 13 48 39 31 10 33 19 40 21 22 3 1 29 16 28 41 2 43 25 20 45 24 37 9 17 23 30 44 42 32 36 46 38 8 49 4 7 12 
50 49 38 32 10 2 8 23 22 11 47 25 28 12 13 31 50 44 14 40 42 16 34 6 4 48 37 15 45 24 21 7 30 19 29 9 35 39 27 17 20 18 1 3 41 46 26 33 43 36 5 
50 3 7 5 49 20 40 47 32 41 42 4 27 36 34 8 16 31 14 43 21 30 48 26 38 50 6 17 18 22 37 10 15 35 2 23 25 44 11 28 9 24 1 46 19 13 29 12 33 39 45 
50 4 35 31 25 17 20 48 22 26 45 18 28 7 11 39 38 2 33 50 29 46 8 19 6 14 42 43 10 37 30 1 34 16 15 21 13 23 49 41 36 12 44 32 47 40 24 3 27 5 9 
50 7 8 14 34 1 40 36 17 15 13 9 25 22 50 32 26 4 42 33 6 48 31 30 41 23 16 28 38 3 21 27 2 46 10 5 45 18 44 20 24 49 19 35 11 47 12 39 37 29 43 
50 36 28 14 50 34 16 13 1 6 33 5 2 46 11 7 39 38 35 31 23 47 21 27 8 30 37 10 15 43 48 18 49 22 45 41 42 25 19 26 20 4 29 24 32 17 40 44 12 3 9 
50 6 23 14 29 36 24 35 1 44 26 15 16 11 17 18 10 21 19 13 25 48 22 20 4 5 43 47 41 34 3 49 31 45 50 38 7 42 30 8 12 39 27 46 37 2 40 33 9 32 28 
50 9 37 36 16 40 23 19 15 18 32 49 21 4 42 25 11 8 7 48 12 20 3 35 39 47 10 2 30 34 33 22 45 44 41 17 27 50 46 13 29 26 6 24 14 5 38 31 28 1 43 
50 26 23 10 15 34 22 39 17 20 2 21 32 42 29 36 8 9 38 30 27 41 47 24 12 43 35 37 28 45 50 40 13 46 16 3 11 49 4 19 5 7 6 48 14 25 44 18 31 1 33 
50 36 40 15 29 28 13 27 47 2 25 26 21 45 18 43 16 42 38 37 10 35 3 12 7 34 24 8 23 32 17 19 48 44 31 1 14 39 50 9 41 20 49 5 30 46 11 6 33 22 4 
50 36 27 12 43 18 35 31 33 29 19 39 38 9 4 26 6 50 16 3 13 1 49 45 28 20 7 21 25 48 22 32 47 34 40 44 8 46 24 14 10 30 11 37 2 15 42 41 5 23 17 
50 30 11 50 23 8 25 35 40 19 28 32 49 5 46 42 20 38 43 48 10 2 22 17 44 14 47 1 21 31 16 9 12 33 26 34 37 27 13 3 36 15 39 7 29 4 18 41 6 24 45 
50 30 37 47 1 28 23 46 18 45 2 9 31 35 6 10 50 32 12 11 36 33 17 44 39 49 3 43 41 14 16 5 19 27 48 21 4 34 26 38 22 15 8 25 20 13 24 7 42 29 40 
50 21 4 32 16 33 34 1 25 35 3 17 9 50 38 36 19 45 20 40 15 5 41 44 7 18 8 12 11 26 27 10 31 13 43 37 42 49 2 29 23 28 39 14 30 24 6 46 47 48 22 
50 5 30 16 2 4 6 18 37 36 14 35 10 15 31 11 46 12 39 9 24 7 49 34 8 29 3 22 38 26 40 19 42 21 27 20 44 43 50 47 1 45 17 23 48 25 32 13 33 28 41 
50 31 23 29 50 17 26 13 32 30 41 7 39 34 33 46 18 42 44 21 4 47 9 11 16 8 5 35 27 14 6 43 19 3 37 10 15 12 22 24 48 25 2 49 36 1 45 20 38 28 40 
50 33 25 26 3 23 45 32 4 14 42 18 35 8 39 5 24 1 31 15 30 9 13 34 37 21 40 12 49 10 44 6 27 41 22 28 20 2 29 7 47 38 48 11 43 50 17 46 36 16 19 
50 12 35 10 26 9 20 49 14 29 1 31 22 25 50 6 42 30 48 4 46 37 19 36 16 34 13 21 24 43 39 41 18 27 17 40 8 3 11 47 7 38 32 23 33 5 44 15 2 45 28 
50 12 35 10 26 9 20 49 14 29 1 31 22 25 50 6 42 30 48 4 46 37 19 36 16 34 13 21 24 43 39 41 18 27 17 40 8 3 11 47 7 38 32 23 33 5 44 15 2 45 28 
50 12 35 10 26 9 20 49 14 29 1 31 22 25 50 6 42 30 48 4 46 37 19 36 16 34 13 21 24 43 39 41 18 27 17 40 8 3 11 47 7 38 32 23 33 5 44 15 2 45 28 
50 12 35 10 26 9 20 49 14 29 1 31 22 25 50 6 42 30 48 4 46 37 19 36 16 34 13 21 24 43 39 41 18 27 17 40 8 3 11 47 7 38 32 23 33 5 44 15 2 45 28 
50 12 35 10 26 9 20 49 14 29 1 31 22 25 50 6 42 30 48 4 46 37 19 36 16 34 13 21 24 43 39 41 18 27 17 40 8 3 11 47 7 38 32 23 33 5 44 15 2 45 28 
50 12 35 10 26 9 20 49 14 29 1 31 22 25 50 6 42 30 48 4 46 37 19 36 16 34 13 21 24 43 39 41 18 27 17 40 8 3 11 47 7 38 32 23 33 5 44 15 2 45 28 
50 12 35 10 26 9 20 49 14 29 1 31 22 25 50 6 42 30 48 4 46 37 19 36 16 34 13 21 24 43 39 41 18 27 17 40 8 3 11 47 7 38 32 23 33 5 44 15 2 45 28 
50 12 35 10 26 9 20 49 14 29 1 31 22 25 50 6 42 30 48 4 46 37 19 36 16 34 13 21 24 43 39 41 18 27 17 40 8 3 11 47 7 38 32 23 33 5 44 15 2 45 28 
50 12 35 10 26 9 20 49 14 29 1 31 22 25 50 6 42 30 48 4 46 37 19 36 16 34 13 21 24 43 39 41 18 27 17 40 8 3 11 47 7 38 32 23 33 5 44 15 2 45 28 
50 12 35 10 26 9 20 49 14 29 1 31 22 25 50 6 42 30 48 4 46 37 19 36 16 34 13 21 24 43 39 41 18 27 17 40 8 3 11 47 7 38 32 23 33 5 44 15 2 45 28 
50 12 35 10 26 9 20 49 14 29 1 31 22 25 50 6 42 30 48 4 46 37 19 36 16 34 13 21 24 43 39 41 18 27 17 40 8 3 11 47 7 38 32 23 33 5 44 15 2 45 28 
50 12 35 10 26 9 20 49 14 29 1 31 22 25 50 6 42 30 48 4 46 37 19 36 16 34 13 21 24 43 39 41 18 27 17 40 8 3 11 47 7 38 32 23 33 5 44 15 2 45 28 
50 12 35 10 26 9 20 49 14 29 1 31 22 25 50 6 42 30 48 4 46 37 19 36 16 34 13 21 24 43 39 41 18 27 17 40 8 3 11 47 7 38 32 23 33 5 44 15 2 45 28 
50 12 35 10 26 9 20 49 14 29 1 31 22 25 50 6 42 30 48 4 46 37 19 36 16 34 13 21 24 43 39 41 18 27 17 40 8 3 11 47 7 38 32 23 33 5 44 15 2 45 28 
50 12 35 10 26 9 20 49 14 29 1 31 22 25 50 6 42 30 48 4 46 37 19 36 16 34 13 21 24 43 39 41 18 27 17 40 8 3 11 47 7 38 32 23 33 5 44 15 2 45 28 
50 12 35 10 26 9 20 49 14 29 1 31 22 25 50 6 42 30 48 4 46 37 19 36 16 34 13 21 24 43 39 41 18 27 17 40 8 3 11 47 7 38 32 23 33 5 44 15 2 45 28 
50 12 35 10 26 9 20 49 14 29 1 31 22 25 50 6 42 30 48 4 46 37 19 36 16 34 13 21 24 43 39 41 18 27 17 40 8 3 11 47 7 38 32 23 33 5 44 15 2 45 28 
50 12 35 10 26 9 20 49 14 29 1 31 22 25 50 6 42 30 48 4 46 37 19 36 16 34 13 21 24 43 39 41 18 27 17 40 8 3 11 47 7 38 32 23 33 5 44 15 2 45 28 
50 12 35 10 26 9 20 49 14 29 1 31 22 25 50 6 42 30 48 4 46 37 19 36 16 34 13 21 24 43 39 41 18 27 17 40 8 3 11 47 7 38 32 23 33 5 44 15 2 45 28 
50 12 35 10 26 9 20 49 14 29 1 31 22 25 50 6 42 30 48 4 46 37 19 36 16 34 13 21 24 43 39 41 18 27 17 40 8 3 11 47 7 38 32 23 33 5 44 15 2 45 28 
50 12 35 10 26 9 20 49 14 29 1 31 22 25 50 6 42 30 48 4 46 37 19 36 16 34 13 21 24 43 39 41 18 27 17 40 8 3 11 47 7 38 32 23 33 5 44 15 2 45 28 
50 12 35 10 26 9 20 49 14 29 1 31 22 25 50 6 42 30 48 4 46 37 19 36 16 34 13 21 24 43 39 41 18 27 17 40 8 3 11 47 7 38 32 23 33 5 44 15 2 45 28 
50 12 35 10 26 9 20 49 14 29 1 31 22 25 50 6 42 30 48 4 46 37 19 36 16 34 13 21 24 43 39 41 18 27 17 40 8 3 11 47 7 38 32 23 33 5 44 15 2 45 28 
50 12 35 10 26 9 20 49 14 29 1 31 22 25 50 6 42 30 48 4 46 37 19 36 16 34 13 21 24 43 39 41 18 27 17 40 8 3 11 47 7 38 32 23 33 5 44 15 2 45 28 
50 12 35 10 26 9 20 49 14 29 1 31 22 25 50 6 42 30 48 4 46 37 19 36 16 34 13 21 24 43 39 41 18 27 17 40 8 3 11 47 7 38 32 23 33 5 44 15 2 45 28 
50 12 35 10 26 9 20 49 14 29 1 31 22 25 50 6 42 30 48 4 46 37 19 36 16 34 13 21 24 43 39 41 18 27 17 40 8 3 11 47 7 38 32 23 33 5 44 15 2 45 28 
50 12 35 10 26 9 20 49 14 29 1 31 22 25 50 6 42 30 48 4 46 37 19 36 16 34 13 21 24 43 39 41 18 27 17 40 8 3 11 47 7 38 32 23 33 5 44 15 2 45 28 
50 12 35 10 26 9 20 49 14 29 1 31 22 25 50 6 42 30 48 4 46 37 19 36 16 34 13 21 24 43 39 41 18 27 17 40 8 3 11 47 7 38 32 23 33 5 44 15 2 45 28 
50 12 35 10 26 9 20 49 14 29 1 31 22 25 50 6 42 30 48 4 46 37 19 36 16 34 13 21 24 43 39 41 18 27 17 40 8 3 11 47 7 38 32 23 33 5 44 15 2 45 28 
50 12 35 10 26 9 20 49 14 29 1 31 22 25 50 6 42 30 48 4 46 37 19 36 16 34 13 21 24 43 39 41 18 27 17 40 8 3 11 47 7 38 32 23 33 5 44 15 2 45 28 
50 12 35 10 26 9 20 49 14 29 1 31 22 25 50 6 42 30 48 4 46 37 19 36 16 34 13 21 24 43 39 41 18 27 17 40 8 3 11 47 7 38 32 23 33 5 44 15 2 45 28 
50 12 35 10 26 9 20 49 14 29 1 31 22 25 50 6 42 30 48 4 46 37 19 36 16 34 13 21 24 43 39 41 18 27 17 40 8 3 11 47 7 38 32 23 33 5 44 15 2 45 28 
50 12 35 10 26 9 20 49 14 29 1 31 22 25 50 6 42 30 48 4 46 37 19 36 16 34 13 21 24 43 39 41 18 27 17 40 8 3 11 47 7 38 32 23 33 5 44 15 2 45 28 
50 12 35 10 26 9 20 49 14 29 1 31 22 25 50 6 42 30 48 4 46 37 19 36 16 34 13 21 24 43 39 41 18 27 17 40 8 3 11 47 7 38 32 23 33 5 44 15 2 45 28 
50 12 35 10 26 9 20 49 14 29 1 31 22 25 50 6 42 30 48 4 46 37 19 36 16 34 13 21 24 43 39 41 18 27 17 40 8 3 11 47 7 38 32 23 33 5 44 15 2 45 28 
50 12 35 10 26 9 20 49 14 29 1 31 22 25 50 6 42 30 48 4 46 37 19 36 16 34 13 21 24 43 39 41 18 27 17 40 8 3 11 47 7 38 32 23 33 5 44 15 2 45 28 
50 12 35 10 26 9 20 49 14 29 1 31 22 25 50 6 42 30 48 4 46 37 19 36 16 34 13 21 24 43 39 41 18 27 17 40 8 3 11 47 7 38 32 23 33 5 44 15 2 45 28 
50 12 35 10 26 9 20 49 14 29 1 31 22 25 50 6 42 30 48 4 46 37 19 36 16 34 13 21 24 43 39 41 18 27 17 40 8 3 11 47 7 38 32 23 33 5 44 15 2 45 28 
50 12 35 10 26 9 20 49 14 29 1 31 22 25 50 6 42 30 48 4 46 37 19 36 16 34 13 21 24 43 39 41 18 27 17 40 8 3 11 47 7 38 32 23 33 5 44 15 2 45 28 
50 12 35 10 26 9 20 49 14 29 1 31 22 25 50 6 42 30 48 4 46 37 19 36 16 34 13 21 24 43 39 41 18 27 17 40 8 3 11 47 7 38 32 23 33 5 44 15 2 45 28 
50 12 35 10 26 9 20 49 14 29 1 31 22 25 50 6 42 30 48 4 46 37 19 36 16 34 13 21 24 43 39 41 18 27 17 40 8 3 11 47 7 38 32 23 33 5 44 15 2 45 28 
50 12 35 10 26 9 20 49 14 29 1 31 22 25 50 6 42 30 48 4 46 37 19 36 16 34 13 21 24 43 39 41 18 27 17 40 8 3 11 47 7 38 32 23 33 5 44 15 2 45 28 
50 12 35 10 26 9 20 49 14 29 1 31 22 25 50 6 42 30 48 4 46 37 19 36 16 34 13 21 24 43 39 41 18 27 17 40 8 3 11 47 7 38 32 23 33 5 44 15 2 45 28 
50 12 35 10 26 9 20 49 14 29 1 31 22 25 50 6 42 30 48 4 46 37 19 36 16 34 13 21 24 43 39 41 18 27 17 40 8 3 11 47 7 38 32 23 33 5 44 15 2 45 28 
50 12 35 10 26 9 20 49 14 29 1 31 22 25 50 6 42 30 48 4 46 37 19 36 16 34 13 21 24 43 39 41 18 27 17 40 8 3 11 47 7 38 32 23 33 5 44 15 2 45 28 
50 12 35 10 26 9 20 49 14 29 1 31 22 25 50 6 42 30 48 4 46 37 19 36 16 34 13 21 24 43 39 41 18 27 17 40 8 3 11 47 7 38 32 23 33 5 44 15 2 45 28 
50 12 35 10 26 9 20 49 14 29 1 31 22 25 50 6 42 30 48 4 46 37 19 36 16 34 13 21 24 43 39 41 18 27 17 40 8 3 11 47 7 38 32 23 33 5 44 15 2 45 28 
50 12 35 10 26 9 20 49 14 29 1 31 22 25 50 6 42 30 48 4 46 37 19 36 16 34 13 21 24 43 39 41 18 27 17 40 8 3 11 47 7 38 32 23 33 5 44 15 2 45 28 
50 12 35 10 26 9 20 49 14 29 1 31 22 25 50 6 42 30 48 4 46 37 19 36 16 34 13 21 24 43 39 41 18 27 17 40 8 3 11 47 7 38 32 23 33 5 44 15 2 45 28 
50 12 35 10 26 9 20 49 14 29 1 31 22 25 50 6 42 30 48 4 46 37 19 36 16 34 13 21 24 43 39 41 18 27 17 40 8 3 11 47 7 38 32 23 33 5 44 15 2 45 28 
