50
50 21 20 31 27 47 5 24 1 33 29 34 40 49 42 12 18 15 19 43 48 39 13 11 37 32 28 16 8 6 9 22 30 17 50 26 14 4 46 38 25 41 45 36 10 44 35 2 23 3 7 
50 43 40 21 12 11 10 42 23 5 36 28 45 35 13 32 3 25 46 29 22 37 33 39 7 1 44 48 34 49 8 26 19 41 50 9 18 24 38 31 4 27 2 30 14 17 20 15 47 6 16 
50 44 29 18 15 42 9 37 16 30 43 33 10 19 13 20 3 25 22 1 46 17 39 47 6 26 32 11 41 34 38 28 40 27 35 49 5 14 45 8 31 36 7 12 48 50 2 21 23 24 4 
50 4 10 5 1 22 46 7 2 30 20 23 32 11 21 40 27 49 12 47 36 24 17 37 34 41 38 18 3 33 19 15 45 42 50 14 31 48 8 39 13 9 6 25 44 28 26 16 35 43 29 
50 10 15 31 8 44 12 17 34 23 48 40 14 22 36 46 35 19 2 29 32 27 26 1 50 11 25 47 49 41 45 7 3 20 30 37 4 39 6 16 33 28 18 5 38 42 13 21 43 24 9 
50 43 41 5 1 27 37 11 47 12 20 26 2 30 15 28 21 7 44 8 22 29 42 17 4 49 45 10 35 33 38 50 9 40 31 34 39 25 23 24 6 32 19 14 3 13 48 46 18 36 16 
50 25 30 17 23 41 42 47 20 6 35 5 22 36 48 16 2 11 3 26 18 19 34 31 38 9 12 32 13 1 24 44 40 46 29 10 7 28 39 4 37 33 27 50 8 43 49 14 45 15 21 
50 6 19 14 38 37 31 35 1 44 10 47 18 25 50 22 46 43 13 9 28 4 40 42 49 29 15 3 34 16 45 24 20 11 2 27 32 30 12 33 41 39 36 23 7 8 5 48 21 17 26 
50 6 47 7 32 46 22 34 40 28 26 9 33 5 19 49 29 48 12 11 25 41 30 16 20 31 3 18 37 14 13 2 38 8 36 21 23 50 10 1 35 45 15 39 44 42 4 27 17 43 24 
50 33 16 32 27 11 38 37 25 17 10 6 3 19 8 40 49 35 28 44 48 41 20 30 47 23 14 15 1 45 21 7 43 29 2 4 42 46 13 34 22 24 9 36 39 50 26 18 12 31 5 
50 44 17 36 50 25 16 24 38 13 18 31 15 22 26 14 6 47 8 29 39 11 46 33 48 41 45 19 9 42 49 10 30 28 21 20 12 37 32 43 40 7 35 3 34 2 4 5 23 27 1 
50 27 23 12 30 14 24 5 18 37 46 26 25 8 17 50 40 35 2 7 21 31 9 48 38 1 32 45 11 19 4 34 6 41 15 33 28 36 16 39 29 22 13 3 44 20 10 49 42 43 47 
50 8 11 44 28 32 41 34 19 18 42 50 15 10 6 23 37 36 1 47 40 16 29 24 38 31 43 5 39 46 30 12 33 49 22 25 17 4 48 2 26 13 9 14 3 20 45 7 21 27 35 
50 47 37 4 10 30 40 22 33 25 5 46 34 49 24 9 28 35 42 19 18 50 14 3 23 15 39 13 41 48 16 7 45 32 20 29 36 17 21 11 6 8 1 26 43 38 12 27 44 2 31 
50 4 19 6 2 23 45 5 9 46 21 29 17 12 34 26 47 41 15 50 10 36 38 49 30 1 42 33 27 40 24 35 20 31 16 48 32 14 22 11 13 8 44 37 3 43 25 18 28 7 39 
50 44 42 8 3 36 13 10 16 40 47 4 37 25 33 50 48 34 24 39 35 1 21 45 38 19 17 6 12 15 11 14 31 23 27 41 46 22 18 43 49 30 7 26 28 9 2 29 5 32 20 
50 27 33 14 17 50 24 8 7 2 3 36 12 25 47 39 45 1 18 20 34 9 19 10 44 13 48 37 30 28 4 5 32 23 42 16 35 41 11 31 29 26 38 22 49 46 6 15 40 21 43 
50 28 44 20 23 10 40 48 39 50 26 47 25 30 49 33 45 12 6 46 27 36 5 24 41 35 42 2 19 15 14 1 22 43 31 16 34 9 29 8 17 7 4 38 18 21 3 13 32 11 37 
50 50 31 17 10 39 32 26 2 28 9 20 25 49 41 46 5 19 3 16 42 36 24 14 1 27 45 4 37 6 38 44 47 48 8 33 40 11 21 29 13 22 15 35 30 12 43 7 34 18 23 
50 17 6 10 33 24 22 42 44 1 15 28 3 47 27 4 31 8 7 41 16 11 9 20 26 14 32 38 23 2 45 36 25 39 30 18 34 37 19 43 40 49 50 46 48 5 12 29 35 13 21 
50 27 20 13 24 12 47 17 14 25 7 16 39 43 11 1 26 15 40 28 9 41 19 29 5 18 31 42 50 4 34 8 46 10 37 21 49 44 45 6 35 36 2 3 32 38 23 22 33 48 30 
50 15 11 48 13 22 3 18 31 28 46 35 50 34 20 5 21 10 41 16 29 30 12 44 26 25 33 7 24 17 23 27 32 36 38 19 9 14 42 4 49 1 39 47 37 45 43 2 6 8 40 
50 46 10 8 28 48 49 39 21 23 42 1 12 15 9 19 41 3 5 16 25 31 18 7 50 32 14 2 47 30 22 6 26 38 45 40 29 44 4 27 35 20 34 43 13 17 36 33 37 11 24 
50 14 13 44 8 29 12 15 48 40 42 17 21 37 31 26 36 9 20 25 6 19 50 39 10 45 5 32 22 27 34 28 23 1 2 35 38 7 43 33 24 47 49 16 18 4 11 30 41 46 3 
50 10 5 4 18 33 6 1 7 12 49 32 35 24 28 45 25 30 3 8 26 43 31 21 36 42 15 41 19 23 2 27 9 38 29 48 14 46 34 39 40 20 11 17 47 16 13 50 37 22 44 
50 9 20 31 7 32 36 14 13 45 33 27 5 23 15 29 18 47 48 17 2 16 11 10 1 6 21 42 34 28 49 39 26 30 46 19 37 38 35 12 3 22 40 8 50 24 41 44 43 4 25 
50 15 40 23 13 28 45 22 31 43 21 2 3 41 8 9 37 26 33 12 34 27 17 46 29 11 32 4 47 6 5 7 1 48 36 18 19 35 25 49 16 30 42 44 50 14 10 39 24 20 38 
50 10 29 14 23 46 6 3 39 34 42 48 15 5 33 2 43 21 22 12 25 47 20 28 1 13 19 7 4 9 30 37 36 17 24 41 40 26 27 32 38 50 45 16 8 11 31 18 35 49 44 
50 14 50 29 5 3 39 1 41 28 46 44 25 8 49 13 30 15 31 23 32 33 9 22 17 16 11 43 21 27 26 38 45 34 19 2 48 20 4 47 6 36 18 10 37 42 24 35 40 12 7 
50 32 35 34 10 27 20 26 2 24 9 5 22 30 21 18 40 23 15 42 28 12 39 31 48 1 4 3 7 36 6 43 11 8 16 13 47 29 45 46 25 33 44 41 49 14 19 37 50 17 38 
50 3 18 40 2 5 27 8 12 9 34 23 32 39 16 36 46 31 1 26 29 44 50 19 41 47 21 4 24 11 6 22 30 35 25 10 14 37 38 20 45 17 43 15 13 42 49 7 33 28 48 
50 16 44 38 11 30 36 13 35 3 31 7 47 48 20 49 4 34 6 2 37 1 10 18 22 33 17 9 21 27 42 15 41 23 14 5 19 43 8 32 25 28 29 39 46 26 12 50 24 40 45 
50 34 24 44 18 39 4 10 41 30 25 33 22 35 1 40 2 9 11 26 5 20 49 17 46 27 3 29 16 36 12 28 42 45 47 7 8 13 6 50 14 43 48 19 21 38 32 23 31 37 15 
50 48 45 46 31 26 1 28 30 41 12 17 13 4 43 23 42 25 34 36 39 16 21 22 24 47 38 37 10 40 6 15 11 5 7 49 18 19 44 3 8 32 2 50 9 33 20 29 27 14 35 
50 38 37 50 40 17 24 4 34 39 49 26 10 28 45 42 33 8 47 44 2 22 31 1 35 36 16 5 46 48 21 43 30 6 11 15 3 12 25 19 13 9 14 20 18 27 29 7 32 41 23 
50 18 41 19 43 6 14 45 23 5 4 40 10 8 15 36 7 16 9 35 47 12 38 24 25 27 17 3 31 11 37 21 44 32 30 42 20 39 34 49 33 29 26 50 22 2 1 13 48 46 28 
50 36 32 10 16 6 42 13 17 35 21 19 41 44 9 30 25 22 40 2 27 43 48 45 12 38 33 39 29 31 47 5 49 28 1 8 3 34 26 18 50 23 4 7 11 15 37 14 20 24 46 
50 4 45 30 33 6 9 40 32 8 12 7 11 47 17 18 5 2 21 48 1 15 42 20 34 50 3 19 38 14 24 41 13 49 23 39 35 44 46 37 29 36 16 43 28 26 22 31 10 27 25 
50 15 49 47 35 39 28 27 12 10 9 8 38 3 26 41 18 34 13 46 40 45 5 16 29 25 42 6 1 23 48 21 37 17 14 24 36 31 19 32 11 7 2 44 50 30 43 4 33 20 22 
50 48 4 37 27 36 35 9 2 26 13 23 15 39 19 21 31 46 7 42 40 50 45 38 20 3 6 28 25 12 30 17 33 34 24 8 10 44 29 22 32 41 5 49 18 43 14 16 47 11 1 
50 32 24 19 5 50 33 4 22 17 21 45 48 7 16 23 46 13 27 31 20 38 28 29 25 47 14 9 1 41 43 34 3 2 37 36 44 42 39 18 11 15 40 30 35 6 26 12 8 49 10 
50 24 15 43 10 44 23 41 26 37 14 27 22 45 42 11 31 29 8 30 17 49 7 28 46 33 32 20 39 48 21 3 1 34 13 16 47 25 5 36 2 9 38 4 35 6 18 40 50 12 19 
50 43 29 8 37 27 19 50 7 25 20 31 38 10 46 40 9 3 26 41 5 1 28 35 32 15 24 2 23 21 6 45 4 22 11 48 44 30 34 42 36 16 33 47 49 12 18 17 39 13 14 
50 1 7 9 10 41 47 6 24 46 36 30 48 37 2 38 19 15 29 16 28 4 20 5 13 8 39 49 21 40 23 50 44 42 45 18 34 12 26 27 33 3 14 25 22 35 43 31 32 11 17 
50 2 36 11 4 37 27 16 31 47 26 14 20 33 39 17 15 45 3 46 44 35 34 28 7 10 42 30 23 40 8 49 29 6 22 9 24 41 43 50 13 25 1 48 18 5 38 21 32 12 19 
50 30 49 20 38 10 23 44 47 27 26 8 25 31 6 39 29 2 21 24 13 14 34 11 33 36 12 46 5 32 15 1 43 22 16 37 48 41 45 40 4 3 35 7 19 28 50 9 42 17 18 
50 7 12 42 10 19 47 37 17 38 46 27 48 35 11 24 41 16 36 43 29 9 30 14 20 2 32 15 13 39 4 5 25 6 50 33 45 8 3 49 1 22 21 26 18 44 31 40 34 28 23 
50 13 39 14 33 7 46 8 9 15 32 36 10 22 28 24 30 50 17 11 43 12 37 2 40 31 42 25 23 16 18 38 27 4 49 45 44 48 6 34 41 5 20 47 35 1 19 29 21 26 3 
50 46 36 9 19 42 30 2 1 34 11 27 21 23 32 7 44 48 45 41 12 10 5 49 47 25 8 31 13 17 26 28 6 39 40 15 16 35 29 3 20 4 37 18 33 14 38 43 24 22 50 
50 8 17 4 2 37 30 20 32 15 49 35 12 16 9 1 7 26 6 45 5 14 18 31 21 44 50 43 47 46 24 38 10 29 28 19 27 42 13 36 40 33 34 22 39 11 3 48 23 41 25 
50 45 23 34 11 2 37 4 20 18 27 39 40 30 47 9 10 1 49 3 38 15 42 25 13 50 5 7 16 26 8 21 24 17 22 6 43 28 36 46 14 41 48 12 31 44 33 19 29 32 35 
50 45 23 34 11 2 37 4 20 18 27 39 40 30 47 9 10 1 49 3 38 15 42 25 13 50 5 7 16 26 8 21 24 17 22 6 43 28 36 46 14 41 48 12 31 44 33 19 29 32 35 
50 45 23 34 11 2 37 4 20 18 27 39 40 30 47 9 10 1 49 3 38 15 42 25 13 50 5 7 16 26 8 21 24 17 22 6 43 28 36 46 14 41 48 12 31 44 33 19 29 32 35 
50 45 23 34 11 2 37 4 20 18 27 39 40 30 47 9 10 1 49 3 38 15 42 25 13 50 5 7 16 26 8 21 24 17 22 6 43 28 36 46 14 41 48 12 31 44 33 19 29 32 35 
50 45 23 34 11 2 37 4 20 18 27 39 40 30 47 9 10 1 49 3 38 15 42 25 13 50 5 7 16 26 8 21 24 17 22 6 43 28 36 46 14 41 48 12 31 44 33 19 29 32 35 
50 45 23 34 11 2 37 4 20 18 27 39 40 30 47 9 10 1 49 3 38 15 42 25 13 50 5 7 16 26 8 21 24 17 22 6 43 28 36 46 14 41 48 12 31 44 33 19 29 32 35 
50 45 23 34 11 2 37 4 20 18 27 39 40 30 47 9 10 1 49 3 38 15 42 25 13 50 5 7 16 26 8 21 24 17 22 6 43 28 36 46 14 41 48 12 31 44 33 19 29 32 35 
50 45 23 34 11 2 37 4 20 18 27 39 40 30 47 9 10 1 49 3 38 15 42 25 13 50 5 7 16 26 8 21 24 17 22 6 43 28 36 46 14 41 48 12 31 44 33 19 29 32 35 
50 45 23 34 11 2 37 4 20 18 27 39 40 30 47 9 10 1 49 3 38 15 42 25 13 50 5 7 16 26 8 21 24 17 22 6 43 28 36 46 14 41 48 12 31 44 33 19 29 32 35 
50 45 23 34 11 2 37 4 20 18 27 39 40 30 47 9 10 1 49 3 38 15 42 25 13 50 5 7 16 26 8 21 24 17 22 6 43 28 36 46 14 41 48 12 31 44 33 19 29 32 35 
50 45 23 34 11 2 37 4 20 18 27 39 40 30 47 9 10 1 49 3 38 15 42 25 13 50 5 7 16 26 8 21 24 17 22 6 43 28 36 46 14 41 48 12 31 44 33 19 29 32 35 
50 45 23 34 11 2 37 4 20 18 27 39 40 30 47 9 10 1 49 3 38 15 42 25 13 50 5 7 16 26 8 21 24 17 22 6 43 28 36 46 14 41 48 12 31 44 33 19 29 32 35 
50 45 23 34 11 2 37 4 20 18 27 39 40 30 47 9 10 1 49 3 38 15 42 25 13 50 5 7 16 26 8 21 24 17 22 6 43 28 36 46 14 41 48 12 31 44 33 19 29 32 35 
50 45 23 34 11 2 37 4 20 18 27 39 40 30 47 9 10 1 49 3 38 15 42 25 13 50 5 7 16 26 8 21 24 17 22 6 43 28 36 46 14 41 48 12 31 44 33 19 29 32 35 
50 45 23 34 11 2 37 4 20 18 27 39 40 30 47 9 10 1 49 3 38 15 42 25 13 50 5 7 16 26 8 21 24 17 22 6 43 28 36 46 14 41 48 12 31 44 33 19 29 32 35 
50 45 23 34 11 2 37 4 20 18 27 39 40 30 47 9 10 1 49 3 38 15 42 25 13 50 5 7 16 26 8 21 24 17 22 6 43 28 36 46 14 41 48 12 31 44 33 19 29 32 35 
50 45 23 34 11 2 37 4 20 18 27 39 40 30 47 9 10 1 49 3 38 15 42 25 13 50 5 7 16 26 8 21 24 17 22 6 43 28 36 46 14 41 48 12 31 44 33 19 29 32 35 
50 45 23 34 11 2 37 4 20 18 27 39 40 30 47 9 10 1 49 3 38 15 42 25 13 50 5 7 16 26 8 21 24 17 22 6 43 28 36 46 14 41 48 12 31 44 33 19 29 32 35 
50 45 23 34 11 2 37 4 20 18 27 39 40 30 47 9 10 1 49 3 38 15 42 25 13 50 5 7 16 26 8 21 24 17 22 6 43 28 36 46 14 41 48 12 31 44 33 19 29 32 35 
50 45 23 34 11 2 37 4 20 18 27 39 40 30 47 9 10 1 49 3 38 15 42 25 13 50 5 7 16 26 8 21 24 17 22 6 43 28 36 46 14 41 48 12 31 44 33 19 29 32 35 
50 45 23 34 11 2 37 4 20 18 27 39 40 30 47 9 10 1 49 3 38 15 42 25 13 50 5 7 16 26 8 21 24 17 22 6 43 28 36 46 14 41 48 12 31 44 33 19 29 32 35 
50 45 23 34 11 2 37 4 20 18 27 39 40 30 47 9 10 1 49 3 38 15 42 25 13 50 5 7 16 26 8 21 24 17 22 6 43 28 36 46 14 41 48 12 31 44 33 19 29 32 35 
50 45 23 34 11 2 37 4 20 18 27 39 40 30 47 9 10 1 49 3 38 15 42 25 13 50 5 7 16 26 8 21 24 17 22 6 43 28 36 46 14 41 48 12 31 44 33 19 29 32 35 
50 45 23 34 11 2 37 4 20 18 27 39 40 30 47 9 10 1 49 3 38 15 42 25 13 50 5 7 16 26 8 21 24 17 22 6 43 28 36 46 14 41 48 12 31 44 33 19 29 32 35 
50 45 23 34 11 2 37 4 20 18 27 39 40 30 47 9 10 1 49 3 38 15 42 25 13 50 5 7 16 26 8 21 24 17 22 6 43 28 36 46 14 41 48 12 31 44 33 19 29 32 35 
50 45 23 34 11 2 37 4 20 18 27 39 40 30 47 9 10 1 49 3 38 15 42 25 13 50 5 7 16 26 8 21 24 17 22 6 43 28 36 46 14 41 48 12 31 44 33 19 29 32 35 
50 45 23 34 11 2 37 4 20 18 27 39 40 30 47 9 10 1 49 3 38 15 42 25 13 50 5 7 16 26 8 21 24 17 22 6 43 28 36 46 14 41 48 12 31 44 33 19 29 32 35 
50 45 23 34 11 2 37 4 20 18 27 39 40 30 47 9 10 1 49 3 38 15 42 25 13 50 5 7 16 26 8 21 24 17 22 6 43 28 36 46 14 41 48 12 31 44 33 19 29 32 35 
50 45 23 34 11 2 37 4 20 18 27 39 40 30 47 9 10 1 49 3 38 15 42 25 13 50 5 7 16 26 8 21 24 17 22 6 43 28 36 46 14 41 48 12 31 44 33 19 29 32 35 
50 45 23 34 11 2 37 4 20 18 27 39 40 30 47 9 10 1 49 3 38 15 42 25 13 50 5 7 16 26 8 21 24 17 22 6 43 28 36 46 14 41 48 12 31 44 33 19 29 32 35 
50 45 23 34 11 2 37 4 20 18 27 39 40 30 47 9 10 1 49 3 38 15 42 25 13 50 5 7 16 26 8 21 24 17 22 6 43 28 36 46 14 41 48 12 31 44 33 19 29 32 35 
50 45 23 34 11 2 37 4 20 18 27 39 40 30 47 9 10 1 49 3 38 15 42 25 13 50 5 7 16 26 8 21 24 17 22 6 43 28 36 46 14 41 48 12 31 44 33 19 29 32 35 
50 45 23 34 11 2 37 4 20 18 27 39 40 30 47 9 10 1 49 3 38 15 42 25 13 50 5 7 16 26 8 21 24 17 22 6 43 28 36 46 14 41 48 12 31 44 33 19 29 32 35 
50 45 23 34 11 2 37 4 20 18 27 39 40 30 47 9 10 1 49 3 38 15 42 25 13 50 5 7 16 26 8 21 24 17 22 6 43 28 36 46 14 41 48 12 31 44 33 19 29 32 35 
50 45 23 34 11 2 37 4 20 18 27 39 40 30 47 9 10 1 49 3 38 15 42 25 13 50 5 7 16 26 8 21 24 17 22 6 43 28 36 46 14 41 48 12 31 44 33 19 29 32 35 
50 45 23 34 11 2 37 4 20 18 27 39 40 30 47 9 10 1 49 3 38 15 42 25 13 50 5 7 16 26 8 21 24 17 22 6 43 28 36 46 14 41 48 12 31 44 33 19 29 32 35 
50 45 23 34 11 2 37 4 20 18 27 39 40 30 47 9 10 1 49 3 38 15 42 25 13 50 5 7 16 26 8 21 24 17 22 6 43 28 36 46 14 41 48 12 31 44 33 19 29 32 35 
50 45 23 34 11 2 37 4 20 18 27 39 40 30 47 9 10 1 49 3 38 15 42 25 13 50 5 7 16 26 8 21 24 17 22 6 43 28 36 46 14 41 48 12 31 44 33 19 29 32 35 
50 45 23 34 11 2 37 4 20 18 27 39 40 30 47 9 10 1 49 3 38 15 42 25 13 50 5 7 16 26 8 21 24 17 22 6 43 28 36 46 14 41 48 12 31 44 33 19 29 32 35 
50 45 23 34 11 2 37 4 20 18 27 39 40 30 47 9 10 1 49 3 38 15 42 25 13 50 5 7 16 26 8 21 24 17 22 6 43 28 36 46 14 41 48 12 31 44 33 19 29 32 35 
50 45 23 34 11 2 37 4 20 18 27 39 40 30 47 9 10 1 49 3 38 15 42 25 13 50 5 7 16 26 8 21 24 17 22 6 43 28 36 46 14 41 48 12 31 44 33 19 29 32 35 
50 45 23 34 11 2 37 4 20 18 27 39 40 30 47 9 10 1 49 3 38 15 42 25 13 50 5 7 16 26 8 21 24 17 22 6 43 28 36 46 14 41 48 12 31 44 33 19 29 32 35 
50 45 23 34 11 2 37 4 20 18 27 39 40 30 47 9 10 1 49 3 38 15 42 25 13 50 5 7 16 26 8 21 24 17 22 6 43 28 36 46 14 41 48 12 31 44 33 19 29 32 35 
50 45 23 34 11 2 37 4 20 18 27 39 40 30 47 9 10 1 49 3 38 15 42 25 13 50 5 7 16 26 8 21 24 17 22 6 43 28 36 46 14 41 48 12 31 44 33 19 29 32 35 
50 45 23 34 11 2 37 4 20 18 27 39 40 30 47 9 10 1 49 3 38 15 42 25 13 50 5 7 16 26 8 21 24 17 22 6 43 28 36 46 14 41 48 12 31 44 33 19 29 32 35 
50 45 23 34 11 2 37 4 20 18 27 39 40 30 47 9 10 1 49 3 38 15 42 25 13 50 5 7 16 26 8 21 24 17 22 6 43 28 36 46 14 41 48 12 31 44 33 19 29 32 35 
50 45 23 34 11 2 37 4 20 18 27 39 40 30 47 9 10 1 49 3 38 15 42 25 13 50 5 7 16 26 8 21 24 17 22 6 43 28 36 46 14 41 48 12 31 44 33 19 29 32 35 
50 45 23 34 11 2 37 4 20 18 27 39 40 30 47 9 10 1 49 3 38 15 42 25 13 50 5 7 16 26 8 21 24 17 22 6 43 28 36 46 14 41 48 12 31 44 33 19 29 32 35 
50 45 23 34 11 2 37 4 20 18 27 39 40 30 47 9 10 1 49 3 38 15 42 25 13 50 5 7 16 26 8 21 24 17 22 6 43 28 36 46 14 41 48 12 31 44 33 19 29 32 35 
50 45 23 34 11 2 37 4 20 18 27 39 40 30 47 9 10 1 49 3 38 15 42 25 13 50 5 7 16 26 8 21 24 17 22 6 43 28 36 46 14 41 48 12 31 44 33 19 29 32 35 
