50
50 45 44 30 38 24 46 3 32 29 20 31 10 5 25 43 49 18 9 36 37 15 11 47 50 12 1 41 22 2 4 6 33 35 16 19 26 48 8 40 27 39 21 14 13 23 28 7 17 34 42 
50 33 36 38 16 37 50 23 8 13 7 2 4 15 44 49 22 41 46 27 28 40 12 5 35 39 45 6 34 17 26 21 48 10 43 31 25 20 32 14 18 19 11 42 30 29 47 1 3 9 24 
50 48 41 28 1 30 11 13 40 5 37 45 7 36 25 22 14 18 32 50 12 15 33 23 31 8 42 49 2 19 4 39 3 44 47 43 24 16 34 27 21 26 10 35 46 38 9 20 6 17 29 
50 4 49 3 16 31 45 35 33 25 42 12 38 8 13 41 5 48 34 14 6 15 40 10 39 27 28 30 2 20 17 44 19 37 21 26 9 1 23 29 7 36 32 43 22 18 11 24 47 50 46 
50 31 21 6 16 27 17 12 19 44 46 43 8 22 7 13 5 9 24 42 10 45 33 20 30 37 11 39 15 32 1 40 4 14 47 34 50 35 28 26 2 49 3 23 48 18 36 25 29 38 41 
50 2 33 12 5 8 18 27 20 24 7 28 48 23 6 14 50 16 41 22 3 13 1 10 38 15 19 39 37 29 30 4 43 44 36 49 45 11 47 40 17 31 32 9 34 35 26 42 21 25 46 
50 12 8 5 36 10 6 22 27 46 4 20 7 1 16 13 14 15 45 41 48 29 38 26 18 49 17 21 23 31 33 9 34 47 30 25 39 2 3 37 40 42 32 43 35 44 19 50 24 11 28 
50 25 21 28 50 10 39 46 36 33 8 19 17 42 34 29 1 37 3 47 30 49 13 40 41 26 7 32 14 5 15 38 27 31 43 45 16 35 6 4 9 48 44 22 23 2 18 11 12 20 24 
50 19 11 3 4 50 2 17 40 34 44 9 48 32 7 29 45 38 30 16 10 5 41 31 22 14 24 12 23 42 18 39 20 33 47 43 8 15 49 21 35 46 25 6 27 13 37 36 1 28 26 
50 42 39 28 22 29 2 4 27 3 38 9 36 6 35 41 49 45 44 13 30 15 11 33 26 1 50 17 48 43 19 10 12 31 18 5 14 21 23 32 37 7 34 20 24 40 25 8 46 16 47 
50 11 7 37 2 13 47 16 23 15 22 44 33 31 6 8 50 35 3 48 36 21 45 24 4 27 28 9 19 42 43 26 25 34 14 20 10 49 41 32 18 12 5 46 30 1 17 39 38 40 29 
50 10 42 34 17 31 9 6 36 7 22 32 37 4 26 35 25 38 3 20 18 8 12 21 50 23 13 47 24 39 5 46 43 14 15 44 30 41 28 11 49 45 29 33 1 48 2 16 19 40 27 
50 16 36 45 15 5 48 31 50 4 18 49 46 12 40 38 9 26 41 27 6 39 8 25 47 10 44 19 32 24 29 21 33 17 14 2 1 43 37 28 7 20 11 42 3 13 34 23 30 22 35 
50 23 50 42 35 17 24 10 4 39 37 48 44 25 30 21 34 20 16 38 26 31 40 7 6 12 11 15 43 47 22 1 46 36 5 41 28 32 18 8 2 29 49 19 27 14 13 9 45 3 33 
50 38 16 13 50 39 35 19 26 43 11 5 9 4 2 33 22 25 7 31 49 15 14 30 42 44 41 17 46 18 24 32 23 6 48 27 29 34 21 8 12 37 20 28 36 10 47 40 1 3 45 
50 43 28 27 18 33 11 21 3 17 2 8 19 7 15 10 12 37 13 39 45 16 38 23 40 44 25 14 4 49 1 9 31 48 6 47 32 42 35 20 34 5 26 50 46 30 24 22 36 29 41 
50 2 7 15 3 40 36 24 50 1 41 49 45 38 42 33 13 21 34 6 5 47 17 25 16 4 37 20 9 32 43 22 10 30 46 14 8 48 29 28 31 12 27 11 44 23 35 19 18 39 26 
50 37 13 25 38 20 16 32 49 15 12 19 34 31 10 11 40 47 41 5 26 28 4 30 43 22 8 50 29 6 1 45 44 33 2 46 27 9 23 48 21 42 7 18 35 24 3 14 39 17 36 
50 49 29 44 10 17 22 19 12 23 31 4 35 5 14 36 43 8 45 1 15 7 42 32 28 39 48 46 50 9 13 40 26 24 2 33 20 25 47 41 30 11 21 27 3 18 34 38 6 37 16 
50 45 35 6 29 2 5 49 40 30 18 27 28 14 24 33 37 38 11 3 42 39 13 15 16 25 22 19 17 10 1 12 36 8 48 31 44 34 9 21 20 47 23 50 32 41 4 26 43 46 7 
50 49 9 36 17 50 21 7 39 18 32 4 8 41 38 30 42 23 47 11 28 3 13 12 1 16 48 37 43 10 26 2 5 24 33 19 44 31 40 27 22 29 15 25 35 46 45 14 6 20 34 
50 3 2 34 42 30 27 7 43 46 36 39 1 29 18 19 44 6 37 31 20 49 23 50 33 47 13 14 15 5 17 32 48 11 16 24 26 28 25 9 35 10 21 8 41 45 22 40 38 12 4 
50 37 43 6 40 16 5 23 22 17 14 25 20 19 31 2 9 47 13 49 30 21 4 10 11 3 42 38 44 41 1 48 18 34 28 35 8 50 33 24 32 27 36 45 26 46 12 15 29 7 39 
50 36 25 4 5 15 50 28 37 44 18 39 1 26 21 47 41 17 22 7 12 16 48 40 9 19 31 33 11 29 20 6 2 30 42 27 34 13 14 35 10 24 49 8 32 46 23 45 38 3 43 
50 14 26 15 5 39 23 20 30 42 13 43 2 1 7 38 16 33 17 22 18 11 35 27 8 45 47 29 3 4 28 49 31 46 34 37 25 48 19 21 36 41 32 44 6 24 50 10 40 12 9 
50 7 27 5 48 8 18 50 17 37 14 47 31 24 34 35 19 9 38 25 26 39 15 1 49 44 36 32 10 33 12 43 20 4 21 46 40 2 41 28 16 30 22 23 6 11 45 42 29 3 13 
50 30 20 8 3 35 6 32 4 7 34 36 2 13 18 44 49 21 11 38 26 33 28 19 37 29 16 45 41 50 15 39 43 17 27 25 1 40 9 22 31 12 5 46 10 47 14 48 24 42 23 
50 25 5 39 46 18 17 35 37 21 10 30 44 47 43 26 13 4 40 20 16 8 22 48 28 49 11 6 1 27 38 50 24 19 7 36 15 33 29 32 2 3 42 41 34 23 14 12 9 31 45 
50 39 13 9 29 28 50 17 44 1 10 48 42 20 19 26 33 32 24 38 37 7 31 47 16 40 25 21 46 22 18 11 15 35 12 45 6 2 8 27 23 49 30 36 41 43 3 5 34 14 4 
50 43 14 41 13 24 31 15 23 1 39 45 50 40 26 34 28 33 9 35 10 3 17 25 18 30 47 5 19 29 32 46 2 12 6 37 8 42 49 27 4 20 16 11 48 7 36 21 44 38 22 
50 14 3 26 42 41 4 29 30 8 19 48 44 28 46 1 9 25 23 38 20 15 32 40 12 34 43 24 18 10 45 7 22 47 33 27 31 17 37 16 39 6 21 49 36 2 50 13 5 11 35 
50 20 34 11 26 4 10 29 25 32 6 48 9 8 3 28 33 14 37 42 36 18 40 16 35 27 2 13 46 5 15 43 41 49 1 50 7 47 45 17 19 44 30 21 22 39 31 12 24 38 23 
50 39 21 18 44 24 36 43 40 16 26 32 22 45 15 31 13 41 9 25 20 8 27 48 30 4 5 11 6 35 12 17 3 38 34 14 37 10 46 49 33 2 42 29 23 28 7 1 19 50 47 
50 21 11 39 31 18 36 1 29 24 43 32 30 23 38 20 7 35 16 10 34 44 13 19 47 22 9 14 40 6 50 41 45 28 26 3 27 25 8 42 15 37 12 48 33 4 49 46 17 5 2 
50 42 6 12 47 49 30 35 17 40 15 21 37 16 8 1 4 24 11 34 29 46 7 9 32 43 20 31 48 28 23 41 5 19 13 33 2 39 50 25 18 38 45 27 26 10 36 44 22 3 14 
50 8 46 36 42 12 40 15 18 19 29 25 27 38 50 6 26 35 28 20 45 5 23 41 10 24 37 30 17 11 34 31 32 4 49 13 16 33 39 14 7 44 47 2 48 1 22 21 3 9 43 
50 18 39 34 32 9 13 45 48 10 1 16 22 37 43 33 47 21 20 2 12 19 49 23 4 30 42 31 29 40 50 36 5 46 28 24 25 35 8 3 15 41 17 38 7 14 27 26 11 6 44 
50 3 9 23 41 7 32 39 46 48 21 38 11 8 2 15 18 44 20 4 30 1 42 24 37 12 47 5 16 43 13 22 6 25 50 33 28 36 40 10 34 26 17 19 45 29 35 49 27 31 14 
50 38 47 27 35 21 22 26 37 43 5 28 19 23 17 31 25 32 44 3 16 15 24 49 8 48 7 2 40 39 10 18 1 6 20 50 11 34 42 45 13 30 4 36 9 29 12 41 14 33 46 
50 1 3 35 30 40 15 14 4 26 39 2 27 43 9 29 21 8 33 34 49 17 25 46 44 12 38 31 41 13 11 23 7 5 19 37 22 32 47 20 6 28 18 45 36 48 42 24 16 50 10 
50 26 20 35 10 45 13 7 28 8 36 39 47 44 16 14 27 2 32 21 11 17 37 50 34 29 33 49 40 42 6 31 18 9 25 30 48 4 23 19 12 1 38 15 3 46 5 41 22 24 43 
50 29 13 49 45 25 37 20 8 40 42 9 19 14 41 7 2 46 18 12 31 32 43 10 22 35 1 16 3 23 44 33 15 11 38 28 21 5 50 34 4 48 30 36 17 6 27 24 47 26 39 
50 26 31 32 13 37 1 8 6 2 29 38 45 46 39 23 40 15 25 14 9 34 4 22 21 50 44 43 19 24 30 18 27 36 11 10 41 35 20 47 49 3 33 12 7 42 17 28 16 5 48 
50 21 10 4 50 23 24 49 25 26 16 9 2 44 39 6 5 11 1 37 15 18 30 22 42 47 33 7 13 34 28 14 46 17 8 20 40 19 27 36 3 12 43 48 45 31 29 41 38 35 32 
50 3 41 44 5 25 49 47 2 45 16 38 50 26 4 28 13 12 35 27 30 33 40 42 14 43 6 32 21 10 22 37 7 48 24 11 39 46 36 23 19 29 8 1 17 9 15 31 20 34 18 
50 30 16 49 26 25 39 10 24 41 17 33 31 13 4 42 15 27 14 40 18 29 11 47 45 28 3 2 35 32 46 22 38 50 23 20 21 43 7 12 19 44 8 36 1 48 34 5 6 9 37 
50 1 33 39 15 8 18 47 46 7 50 6 42 22 11 29 43 49 41 26 45 44 23 14 24 21 28 30 9 27 38 25 4 12 2 34 5 17 48 31 10 20 13 16 37 40 3 35 19 32 36 
50 37 46 35 5 7 17 13 31 8 26 25 1 2 4 39 24 18 22 50 21 29 9 15 28 44 19 11 27 16 14 49 41 34 32 33 48 23 6 12 10 30 20 43 40 36 38 42 3 47 45 
50 4 32 46 29 43 15 24 14 7 13 49 16 44 34 6 39 28 25 21 38 27 33 11 22 47 50 36 48 1 3 8 37 12 31 30 2 18 35 20 42 9 41 45 23 40 10 17 19 5 26 
50 38 45 2 6 19 31 12 17 21 9 44 48 47 49 43 4 23 24 28 7 30 26 41 29 33 1 50 8 16 18 22 15 39 5 35 13 40 36 11 42 20 3 46 37 34 27 32 25 10 14 
50 44 43 5 12 38 42 19 46 24 2 49 17 15 32 23 7 31 25 18 50 35 48 28 20 1 3 10 4 6 37 8 40 22 26 14 27 39 45 29 21 47 16 36 34 9 30 33 41 11 13 
50 44 43 5 12 38 42 19 46 24 2 49 17 15 32 23 7 31 25 18 50 35 48 28 20 1 3 10 4 6 37 8 40 22 26 14 27 39 45 29 21 47 16 36 34 9 30 33 41 11 13 
50 44 43 5 12 38 42 19 46 24 2 49 17 15 32 23 7 31 25 18 50 35 48 28 20 1 3 10 4 6 37 8 40 22 26 14 27 39 45 29 21 47 16 36 34 9 30 33 41 11 13 
50 44 43 5 12 38 42 19 46 24 2 49 17 15 32 23 7 31 25 18 50 35 48 28 20 1 3 10 4 6 37 8 40 22 26 14 27 39 45 29 21 47 16 36 34 9 30 33 41 11 13 
50 44 43 5 12 38 42 19 46 24 2 49 17 15 32 23 7 31 25 18 50 35 48 28 20 1 3 10 4 6 37 8 40 22 26 14 27 39 45 29 21 47 16 36 34 9 30 33 41 11 13 
50 44 43 5 12 38 42 19 46 24 2 49 17 15 32 23 7 31 25 18 50 35 48 28 20 1 3 10 4 6 37 8 40 22 26 14 27 39 45 29 21 47 16 36 34 9 30 33 41 11 13 
50 44 43 5 12 38 42 19 46 24 2 49 17 15 32 23 7 31 25 18 50 35 48 28 20 1 3 10 4 6 37 8 40 22 26 14 27 39 45 29 21 47 16 36 34 9 30 33 41 11 13 
50 44 43 5 12 38 42 19 46 24 2 49 17 15 32 23 7 31 25 18 50 35 48 28 20 1 3 10 4 6 37 8 40 22 26 14 27 39 45 29 21 47 16 36 34 9 30 33 41 11 13 
50 44 43 5 12 38 42 19 46 24 2 49 17 15 32 23 7 31 25 18 50 35 48 28 20 1 3 10 4 6 37 8 40 22 26 14 27 39 45 29 21 47 16 36 34 9 30 33 41 11 13 
50 44 43 5 12 38 42 19 46 24 2 49 17 15 32 23 7 31 25 18 50 35 48 28 20 1 3 10 4 6 37 8 40 22 26 14 27 39 45 29 21 47 16 36 34 9 30 33 41 11 13 
50 44 43 5 12 38 42 19 46 24 2 49 17 15 32 23 7 31 25 18 50 35 48 28 20 1 3 10 4 6 37 8 40 22 26 14 27 39 45 29 21 47 16 36 34 9 30 33 41 11 13 
50 44 43 5 12 38 42 19 46 24 2 49 17 15 32 23 7 31 25 18 50 35 48 28 20 1 3 10 4 6 37 8 40 22 26 14 27 39 45 29 21 47 16 36 34 9 30 33 41 11 13 
50 44 43 5 12 38 42 19 46 24 2 49 17 15 32 23 7 31 25 18 50 35 48 28 20 1 3 10 4 6 37 8 40 22 26 14 27 39 45 29 21 47 16 36 34 9 30 33 41 11 13 
50 44 43 5 12 38 42 19 46 24 2 49 17 15 32 23 7 31 25 18 50 35 48 28 20 1 3 10 4 6 37 8 40 22 26 14 27 39 45 29 21 47 16 36 34 9 30 33 41 11 13 
50 44 43 5 12 38 42 19 46 24 2 49 17 15 32 23 7 31 25 18 50 35 48 28 20 1 3 10 4 6 37 8 40 22 26 14 27 39 45 29 21 47 16 36 34 9 30 33 41 11 13 
50 44 43 5 12 38 42 19 46 24 2 49 17 15 32 23 7 31 25 18 50 35 48 28 20 1 3 10 4 6 37 8 40 22 26 14 27 39 45 29 21 47 16 36 34 9 30 33 41 11 13 
50 44 43 5 12 38 42 19 46 24 2 49 17 15 32 23 7 31 25 18 50 35 48 28 20 1 3 10 4 6 37 8 40 22 26 14 27 39 45 29 21 47 16 36 34 9 30 33 41 11 13 
50 44 43 5 12 38 42 19 46 24 2 49 17 15 32 23 7 31 25 18 50 35 48 28 20 1 3 10 4 6 37 8 40 22 26 14 27 39 45 29 21 47 16 36 34 9 30 33 41 11 13 
50 44 43 5 12 38 42 19 46 24 2 49 17 15 32 23 7 31 25 18 50 35 48 28 20 1 3 10 4 6 37 8 40 22 26 14 27 39 45 29 21 47 16 36 34 9 30 33 41 11 13 
50 44 43 5 12 38 42 19 46 24 2 49 17 15 32 23 7 31 25 18 50 35 48 28 20 1 3 10 4 6 37 8 40 22 26 14 27 39 45 29 21 47 16 36 34 9 30 33 41 11 13 
50 44 43 5 12 38 42 19 46 24 2 49 17 15 32 23 7 31 25 18 50 35 48 28 20 1 3 10 4 6 37 8 40 22 26 14 27 39 45 29 21 47 16 36 34 9 30 33 41 11 13 
50 44 43 5 12 38 42 19 46 24 2 49 17 15 32 23 7 31 25 18 50 35 48 28 20 1 3 10 4 6 37 8 40 22 26 14 27 39 45 29 21 47 16 36 34 9 30 33 41 11 13 
50 44 43 5 12 38 42 19 46 24 2 49 17 15 32 23 7 31 25 18 50 35 48 28 20 1 3 10 4 6 37 8 40 22 26 14 27 39 45 29 21 47 16 36 34 9 30 33 41 11 13 
50 44 43 5 12 38 42 19 46 24 2 49 17 15 32 23 7 31 25 18 50 35 48 28 20 1 3 10 4 6 37 8 40 22 26 14 27 39 45 29 21 47 16 36 34 9 30 33 41 11 13 
50 44 43 5 12 38 42 19 46 24 2 49 17 15 32 23 7 31 25 18 50 35 48 28 20 1 3 10 4 6 37 8 40 22 26 14 27 39 45 29 21 47 16 36 34 9 30 33 41 11 13 
50 44 43 5 12 38 42 19 46 24 2 49 17 15 32 23 7 31 25 18 50 35 48 28 20 1 3 10 4 6 37 8 40 22 26 14 27 39 45 29 21 47 16 36 34 9 30 33 41 11 13 
50 44 43 5 12 38 42 19 46 24 2 49 17 15 32 23 7 31 25 18 50 35 48 28 20 1 3 10 4 6 37 8 40 22 26 14 27 39 45 29 21 47 16 36 34 9 30 33 41 11 13 
50 44 43 5 12 38 42 19 46 24 2 49 17 15 32 23 7 31 25 18 50 35 48 28 20 1 3 10 4 6 37 8 40 22 26 14 27 39 45 29 21 47 16 36 34 9 30 33 41 11 13 
50 44 43 5 12 38 42 19 46 24 2 49 17 15 32 23 7 31 25 18 50 35 48 28 20 1 3 10 4 6 37 8 40 22 26 14 27 39 45 29 21 47 16 36 34 9 30 33 41 11 13 
50 44 43 5 12 38 42 19 46 24 2 49 17 15 32 23 7 31 25 18 50 35 48 28 20 1 3 10 4 6 37 8 40 22 26 14 27 39 45 29 21 47 16 36 34 9 30 33 41 11 13 
50 44 43 5 12 38 42 19 46 24 2 49 17 15 32 23 7 31 25 18 50 35 48 28 20 1 3 10 4 6 37 8 40 22 26 14 27 39 45 29 21 47 16 36 34 9 30 33 41 11 13 
50 44 43 5 12 38 42 19 46 24 2 49 17 15 32 23 7 31 25 18 50 35 48 28 20 1 3 10 4 6 37 8 40 22 26 14 27 39 45 29 21 47 16 36 34 9 30 33 41 11 13 
50 44 43 5 12 38 42 19 46 24 2 49 17 15 32 23 7 31 25 18 50 35 48 28 20 1 3 10 4 6 37 8 40 22 26 14 27 39 45 29 21 47 16 36 34 9 30 33 41 11 13 
50 44 43 5 12 38 42 19 46 24 2 49 17 15 32 23 7 31 25 18 50 35 48 28 20 1 3 10 4 6 37 8 40 22 26 14 27 39 45 29 21 47 16 36 34 9 30 33 41 11 13 
50 44 43 5 12 38 42 19 46 24 2 49 17 15 32 23 7 31 25 18 50 35 48 28 20 1 3 10 4 6 37 8 40 22 26 14 27 39 45 29 21 47 16 36 34 9 30 33 41 11 13 
50 44 43 5 12 38 42 19 46 24 2 49 17 15 32 23 7 31 25 18 50 35 48 28 20 1 3 10 4 6 37 8 40 22 26 14 27 39 45 29 21 47 16 36 34 9 30 33 41 11 13 
50 44 43 5 12 38 42 19 46 24 2 49 17 15 32 23 7 31 25 18 50 35 48 28 20 1 3 10 4 6 37 8 40 22 26 14 27 39 45 29 21 47 16 36 34 9 30 33 41 11 13 
50 44 43 5 12 38 42 19 46 24 2 49 17 15 32 23 7 31 25 18 50 35 48 28 20 1 3 10 4 6 37 8 40 22 26 14 27 39 45 29 21 47 16 36 34 9 30 33 41 11 13 
50 44 43 5 12 38 42 19 46 24 2 49 17 15 32 23 7 31 25 18 50 35 48 28 20 1 3 10 4 6 37 8 40 22 26 14 27 39 45 29 21 47 16 36 34 9 30 33 41 11 13 
50 44 43 5 12 38 42 19 46 24 2 49 17 15 32 23 7 31 25 18 50 35 48 28 20 1 3 10 4 6 37 8 40 22 26 14 27 39 45 29 21 47 16 36 34 9 30 33 41 11 13 
50 44 43 5 12 38 42 19 46 24 2 49 17 15 32 23 7 31 25 18 50 35 48 28 20 1 3 10 4 6 37 8 40 22 26 14 27 39 45 29 21 47 16 36 34 9 30 33 41 11 13 
50 44 43 5 12 38 42 19 46 24 2 49 17 15 32 23 7 31 25 18 50 35 48 28 20 1 3 10 4 6 37 8 40 22 26 14 27 39 45 29 21 47 16 36 34 9 30 33 41 11 13 
50 44 43 5 12 38 42 19 46 24 2 49 17 15 32 23 7 31 25 18 50 35 48 28 20 1 3 10 4 6 37 8 40 22 26 14 27 39 45 29 21 47 16 36 34 9 30 33 41 11 13 
50 44 43 5 12 38 42 19 46 24 2 49 17 15 32 23 7 31 25 18 50 35 48 28 20 1 3 10 4 6 37 8 40 22 26 14 27 39 45 29 21 47 16 36 34 9 30 33 41 11 13 
50 44 43 5 12 38 42 19 46 24 2 49 17 15 32 23 7 31 25 18 50 35 48 28 20 1 3 10 4 6 37 8 40 22 26 14 27 39 45 29 21 47 16 36 34 9 30 33 41 11 13 
50 44 43 5 12 38 42 19 46 24 2 49 17 15 32 23 7 31 25 18 50 35 48 28 20 1 3 10 4 6 37 8 40 22 26 14 27 39 45 29 21 47 16 36 34 9 30 33 41 11 13 
50 44 43 5 12 38 42 19 46 24 2 49 17 15 32 23 7 31 25 18 50 35 48 28 20 1 3 10 4 6 37 8 40 22 26 14 27 39 45 29 21 47 16 36 34 9 30 33 41 11 13 
50 44 43 5 12 38 42 19 46 24 2 49 17 15 32 23 7 31 25 18 50 35 48 28 20 1 3 10 4 6 37 8 40 22 26 14 27 39 45 29 21 47 16 36 34 9 30 33 41 11 13 
50 44 43 5 12 38 42 19 46 24 2 49 17 15 32 23 7 31 25 18 50 35 48 28 20 1 3 10 4 6 37 8 40 22 26 14 27 39 45 29 21 47 16 36 34 9 30 33 41 11 13 
50 44 43 5 12 38 42 19 46 24 2 49 17 15 32 23 7 31 25 18 50 35 48 28 20 1 3 10 4 6 37 8 40 22 26 14 27 39 45 29 21 47 16 36 34 9 30 33 41 11 13 
