50
50 42 30 11 16 40 20 9 22 10 15 21 32 8 29 6 19 45 44 50 27 1 28 2 23 26 46 38 39 47 14 5 41 43 7 31 12 4 48 33 17 24 35 13 49 25 18 37 36 34 3 
50 33 4 1 27 14 19 15 40 8 9 10 41 13 21 16 39 32 24 48 31 26 23 42 44 7 47 45 11 43 35 17 49 50 30 38 2 28 12 46 3 5 36 20 37 29 6 34 25 18 22 
50 24 40 13 20 34 45 4 8 33 41 27 10 17 6 39 9 7 36 35 49 43 19 15 5 1 26 32 30 42 3 11 37 21 14 29 23 46 22 31 25 28 18 50 12 48 38 44 47 16 2 
50 13 26 25 14 35 32 8 45 4 47 12 39 29 15 27 49 23 19 30 41 11 42 21 40 33 43 38 9 3 7 44 20 34 5 1 28 50 37 6 22 36 24 46 18 48 17 31 2 10 16 
50 40 49 26 44 36 10 24 34 41 21 35 8 46 17 23 47 32 37 9 31 27 42 43 6 2 18 45 14 19 20 15 30 38 22 33 11 13 39 16 3 7 1 4 28 48 5 12 29 50 25 
50 40 28 20 4 24 13 5 9 3 50 22 10 8 39 27 31 43 41 44 47 36 32 45 15 49 26 2 25 16 30 11 33 48 38 35 42 34 46 1 23 19 37 17 21 6 7 18 14 29 12 
50 44 21 37 36 41 38 30 39 1 33 25 13 22 18 2 28 15 24 40 48 34 16 20 42 23 3 35 8 46 14 7 17 5 50 9 10 12 6 29 4 19 43 31 45 11 49 32 27 26 47 
50 44 42 4 48 24 9 34 47 50 32 18 1 40 8 3 26 12 30 11 49 33 29 22 45 38 14 27 21 23 15 10 13 6 37 46 7 41 39 20 35 36 19 43 25 31 5 17 16 28 2 
50 10 15 45 36 21 43 23 25 27 24 44 28 33 26 31 42 14 32 17 34 3 49 46 18 47 7 16 40 1 4 19 41 8 9 2 39 12 35 38 29 6 11 50 5 22 13 20 37 30 48 
50 45 39 2 34 18 4 29 38 5 14 47 17 31 11 6 46 12 16 27 25 1 44 33 50 3 40 43 35 10 42 22 21 24 32 8 9 26 13 49 48 15 30 20 36 23 41 19 28 37 7 
50 35 37 33 44 20 2 47 32 30 12 46 40 50 28 9 34 11 21 42 16 15 13 43 26 10 1 17 48 3 5 38 4 36 19 25 31 24 27 14 29 6 39 18 7 45 8 41 23 49 22 
50 5 27 30 13 7 45 43 24 2 40 21 26 10 20 41 47 44 35 19 50 34 11 32 4 36 18 22 3 25 29 49 6 8 48 1 31 23 28 17 16 46 38 12 37 39 42 9 33 15 14 
50 7 18 40 43 29 28 33 32 2 34 36 38 8 13 5 1 12 22 31 39 42 30 47 50 21 26 3 48 37 6 9 49 11 24 35 23 44 4 19 15 41 25 27 45 14 16 20 17 10 46 
50 37 25 15 28 11 22 4 39 24 34 47 5 32 45 7 10 33 49 50 44 16 35 41 21 18 46 26 36 17 2 9 20 43 19 3 1 29 38 30 14 13 42 6 48 12 40 8 23 27 31 
50 41 31 47 22 39 46 35 10 45 18 9 28 38 13 27 4 37 16 19 5 21 3 48 50 7 40 33 36 29 12 42 20 25 11 30 24 8 23 26 44 32 15 6 14 17 43 49 2 34 1 
50 50 5 20 40 26 37 43 42 24 45 48 31 4 2 19 27 6 12 44 13 7 1 25 10 41 3 18 30 46 32 36 28 14 23 38 47 35 21 8 22 17 33 15 9 16 49 11 39 34 29 
50 1 23 35 20 2 25 34 15 49 19 17 46 13 38 50 11 9 41 45 12 36 42 26 28 47 5 40 27 37 14 29 48 21 31 6 32 16 22 3 4 39 10 18 33 44 43 24 30 8 7 
50 5 39 4 33 16 11 22 26 25 48 28 43 17 21 37 9 2 1 41 34 35 50 23 14 24 40 29 3 15 36 32 46 27 20 6 31 10 13 30 45 44 7 19 12 18 8 42 49 47 38 
50 2 1 47 39 40 21 34 29 33 35 24 44 18 38 26 20 19 8 32 3 27 30 23 10 43 15 48 28 46 7 22 16 6 50 13 14 37 49 31 9 5 25 12 11 42 17 41 36 4 45 
50 15 4 40 8 24 37 25 6 11 35 10 20 43 1 18 12 13 45 22 42 27 39 17 9 46 47 38 31 3 26 19 21 34 33 36 28 48 5 7 49 44 23 29 30 14 50 41 16 2 32 
50 8 35 31 13 25 19 47 2 12 32 5 23 14 18 34 49 36 20 9 43 27 50 11 29 37 16 38 28 10 44 7 17 40 30 33 6 22 46 39 42 4 3 24 1 21 15 48 26 45 41 
50 49 34 46 24 21 15 18 45 12 9 22 7 37 38 28 10 35 50 1 44 4 25 48 16 19 2 23 42 32 26 8 36 29 13 40 14 39 11 47 43 6 27 5 17 30 41 3 31 20 33 
50 6 31 2 28 16 41 24 50 15 23 33 35 9 32 38 20 17 3 30 10 19 37 18 11 26 39 14 43 5 40 48 25 45 34 7 1 46 21 29 22 49 42 36 13 47 12 4 44 8 27 
50 10 28 35 40 9 49 46 50 13 43 3 31 38 24 23 29 41 39 12 30 17 36 34 37 8 2 21 26 16 14 11 22 1 44 19 33 6 18 5 42 25 15 47 7 32 4 27 20 45 48 
50 4 46 16 48 41 9 30 42 28 49 1 36 10 37 38 29 25 26 17 3 19 2 20 5 12 11 45 50 14 18 47 15 8 44 27 23 21 35 39 24 33 40 7 6 43 13 22 34 32 31 
50 16 32 24 45 19 44 12 5 43 6 42 39 41 50 23 14 7 1 11 46 26 4 38 21 28 33 49 25 34 35 27 18 37 48 40 36 20 8 2 31 10 47 13 29 3 17 15 22 9 30 
50 49 11 3 17 28 2 23 27 1 50 48 41 16 44 9 43 35 46 24 26 22 19 4 25 33 39 21 14 37 30 34 8 18 7 32 36 29 5 40 10 38 31 20 15 45 13 12 42 6 47 
50 23 37 6 29 17 46 28 36 13 43 49 3 12 38 10 32 26 5 35 16 40 50 44 7 42 33 8 22 21 34 1 24 9 47 48 30 4 45 19 2 15 41 14 20 39 27 18 25 31 11 
50 12 1 4 35 3 7 21 8 19 5 41 28 14 13 25 15 30 44 23 37 31 6 16 29 42 39 2 17 47 10 20 18 22 40 9 36 49 50 11 32 43 48 27 26 33 34 38 46 45 24 
50 17 3 39 9 18 25 28 1 14 21 37 11 40 22 42 19 26 32 41 35 33 49 48 4 46 10 38 30 23 24 2 50 27 7 29 45 5 12 36 8 44 43 6 13 15 16 47 20 31 34 
50 23 4 38 45 13 36 40 2 18 34 33 5 14 49 1 42 24 31 11 39 15 28 30 35 37 19 46 32 12 26 44 10 48 41 17 8 47 16 9 22 21 3 20 25 29 50 6 43 7 27 
50 31 11 3 50 47 19 25 20 10 2 34 32 8 22 38 36 9 4 5 27 46 6 45 40 41 30 18 17 44 14 39 35 48 21 16 43 15 29 42 24 7 13 23 28 33 49 37 12 1 26 
50 24 37 43 9 3 49 46 31 1 34 39 27 6 21 45 42 38 4 29 44 20 7 17 41 13 30 48 47 36 11 32 40 2 15 35 14 22 28 18 23 33 26 10 19 8 25 5 12 50 16 
50 10 14 11 8 13 2 20 42 38 29 30 6 26 22 3 50 24 7 23 9 21 39 41 45 31 49 47 43 5 32 17 46 19 37 27 48 33 15 12 40 4 1 34 35 28 44 16 25 36 18 
50 23 47 24 44 34 7 3 16 8 28 35 12 4 25 19 5 13 45 46 37 20 48 42 43 41 33 38 40 22 10 26 39 21 15 29 36 17 2 32 11 50 9 30 31 49 1 18 14 27 6 
50 36 12 14 21 29 32 45 43 35 28 39 18 37 46 34 48 9 16 40 13 11 20 24 27 4 41 5 19 44 22 6 49 17 42 1 38 47 25 8 31 15 26 7 10 33 50 3 2 30 23 
50 22 27 3 6 1 34 14 4 20 8 28 30 47 39 50 49 41 26 46 12 15 10 29 17 13 36 35 44 21 19 32 5 42 11 31 25 38 40 43 23 16 48 2 24 37 7 33 45 18 9 
50 30 47 35 29 50 22 45 8 25 27 49 7 44 19 3 48 14 28 11 12 46 15 1 9 38 10 17 43 2 37 34 13 39 4 6 40 32 18 36 16 42 23 24 5 31 21 26 41 33 20 
50 20 50 24 6 11 35 42 13 45 29 8 28 3 32 41 9 5 31 16 30 23 15 10 19 39 14 38 21 27 2 47 26 49 22 40 18 44 37 17 25 12 33 1 48 34 46 43 7 36 4 
50 22 5 23 28 12 33 44 18 43 26 50 21 49 32 10 17 46 24 31 47 1 2 48 35 13 4 15 19 40 25 11 6 29 38 8 9 16 36 30 14 39 42 37 3 7 41 27 20 34 45 
50 43 45 35 39 36 27 33 17 31 49 22 7 6 21 16 28 1 25 3 14 10 23 29 8 38 42 40 37 44 30 5 41 12 4 46 47 50 20 32 15 26 48 9 2 34 19 11 13 24 18 
50 32 17 25 41 35 2 34 44 30 29 8 21 4 22 47 33 16 49 12 5 36 26 38 27 6 20 45 18 31 9 46 14 50 28 42 43 7 15 11 1 24 37 40 23 13 3 10 48 19 39 
50 20 47 14 50 30 48 44 45 8 12 22 37 3 35 31 19 6 39 49 38 25 43 27 29 33 2 32 9 10 26 15 24 42 5 18 1 17 23 21 46 13 40 36 41 16 11 28 34 7 4 
50 40 24 39 49 10 35 12 46 34 4 16 31 27 29 2 9 36 32 47 18 50 11 44 6 28 19 37 17 26 41 45 1 43 33 15 20 48 38 7 22 3 42 25 8 30 21 5 14 23 13 
50 19 34 29 48 35 12 20 16 6 50 21 23 37 41 15 24 13 42 26 8 1 30 46 7 38 14 10 18 43 45 36 49 40 17 22 4 44 28 2 25 9 31 33 5 27 3 11 39 47 32 
50 34 33 7 16 18 42 25 40 22 27 31 8 20 37 24 43 49 36 12 44 28 23 50 35 26 41 5 17 45 15 48 9 10 21 2 13 14 4 29 19 3 30 47 11 32 6 38 46 39 1 
50 25 44 4 18 21 27 35 11 41 20 19 15 8 5 24 48 16 10 12 38 9 46 50 49 14 17 13 36 3 31 6 1 30 7 29 23 43 39 42 37 47 26 40 34 32 45 2 33 28 22 
50 32 1 35 28 36 42 7 26 47 21 38 9 31 12 45 14 18 2 43 19 4 30 44 39 40 23 37 29 10 46 17 13 50 20 22 8 48 6 24 33 34 15 41 27 16 25 5 49 11 3 
50 35 8 24 18 25 49 26 20 17 45 43 15 9 27 11 5 2 28 32 3 6 12 10 44 23 47 29 48 41 19 7 34 38 4 1 21 42 50 31 36 30 37 22 39 46 16 33 14 13 40 
50 35 45 29 12 14 28 43 17 5 27 24 42 31 22 18 3 4 13 10 46 19 6 20 34 26 15 38 48 40 30 1 41 32 11 2 21 7 44 8 49 37 50 16 36 33 25 39 47 9 23 
50 7 44 14 35 21 16 20 8 18 22 13 9 47 11 37 48 30 15 17 46 25 10 41 33 5 40 1 43 3 39 19 29 27 4 12 42 50 34 28 23 2 36 45 24 31 32 6 26 38 49 
50 16 39 17 6 19 46 38 44 21 15 14 27 23 41 25 37 22 24 45 7 1 4 31 11 10 32 9 28 29 5 8 20 18 40 30 42 2 26 36 43 47 48 49 34 13 35 50 3 12 33 
50 26 15 30 35 45 23 33 36 14 37 6 24 46 47 39 28 32 10 19 50 8 7 9 40 11 27 5 17 48 34 25 2 18 43 4 22 13 1 44 49 3 21 38 41 20 29 42 12 16 31 
50 17 25 18 33 48 2 27 5 22 12 23 1 45 30 19 29 47 16 15 28 39 11 6 38 8 49 41 3 40 31 35 21 36 20 9 13 44 42 32 26 43 24 37 34 10 46 50 14 7 4 
50 34 48 10 1 46 6 29 9 40 47 39 3 35 25 4 19 15 49 42 18 22 7 50 37 17 23 16 31 38 24 41 30 43 12 14 5 27 32 21 20 44 36 11 8 26 45 13 33 28 2 
50 44 1 7 46 22 38 5 41 31 36 29 17 24 6 37 50 32 9 19 15 25 11 14 39 27 49 10 26 48 20 42 4 30 43 13 40 8 16 34 35 21 45 23 12 33 28 2 47 18 3 
50 41 24 44 49 22 34 18 6 23 8 50 42 10 19 14 37 35 1 25 9 26 40 4 21 2 17 12 39 7 13 15 11 47 20 38 5 45 16 43 33 31 48 28 29 30 3 27 46 36 32 
50 31 29 49 37 28 42 26 14 27 5 22 47 35 24 20 25 21 50 8 16 32 23 44 18 48 7 19 36 4 45 9 38 6 40 30 43 46 17 33 3 10 2 15 13 34 39 12 41 11 1 
50 27 5 3 26 35 33 36 48 10 38 12 44 30 32 46 22 23 20 31 24 34 11 41 47 15 17 45 6 37 42 9 21 4 25 18 39 29 1 28 19 14 49 50 13 43 7 16 8 2 40 
50 26 36 16 43 22 50 37 39 11 1 6 40 3 21 28 31 29 42 19 14 20 10 47 25 2 17 44 15 38 18 35 34 46 12 41 9 32 49 23 4 48 30 7 13 33 45 27 8 24 5 
50 20 22 2 16 3 26 32 42 38 41 24 27 45 48 25 15 18 34 37 10 19 1 7 44 8 30 50 23 17 47 4 28 12 6 35 46 33 21 5 40 11 13 49 43 14 9 36 29 39 31 
50 47 41 20 9 2 37 27 42 13 16 26 15 28 31 40 36 3 25 12 7 5 30 29 11 45 4 10 33 48 34 22 24 46 1 8 44 23 38 49 35 39 21 19 50 18 43 17 32 14 6 
50 16 26 31 4 23 50 33 43 38 49 41 32 12 47 34 37 40 6 10 2 11 9 1 19 17 39 44 29 45 42 48 28 46 20 15 13 22 25 27 14 36 30 7 35 3 24 8 18 5 21 
50 29 32 2 50 48 12 46 25 47 40 17 10 30 6 8 39 26 49 21 44 37 24 41 27 1 28 36 23 22 14 9 18 34 7 19 5 31 33 11 4 20 42 13 45 16 15 35 3 43 38 
50 48 7 34 38 47 40 37 42 25 5 13 12 46 49 31 17 11 3 1 45 33 2 23 6 10 22 27 36 29 43 19 39 18 30 15 16 20 8 14 32 50 41 21 26 44 28 35 9 4 24 
50 31 32 34 11 12 16 4 39 50 42 24 6 28 8 38 36 33 9 27 18 7 43 41 46 19 25 44 45 15 20 2 5 23 21 22 29 47 26 3 14 1 48 49 13 10 35 37 40 17 30 
50 37 8 22 26 6 13 16 2 31 20 32 35 4 34 21 46 44 43 9 39 5 23 29 38 36 48 18 10 47 1 30 14 15 11 49 12 27 24 19 41 25 7 33 50 40 42 17 3 28 45 
50 37 46 16 8 36 47 18 33 1 30 9 40 12 11 44 27 41 45 26 2 7 10 21 31 14 32 29 4 42 34 17 23 15 48 24 25 28 3 6 39 49 19 43 20 5 35 22 13 38 50 
50 16 36 31 37 40 33 17 13 10 38 2 50 12 19 6 25 32 43 24 3 5 29 41 15 1 46 47 45 23 14 44 18 8 39 35 20 27 11 7 42 34 28 9 21 4 49 30 22 26 48 
50 39 33 4 1 20 12 40 50 6 41 15 9 21 17 42 48 44 13 27 32 8 5 24 10 25 31 47 3 19 30 7 14 2 22 18 26 46 28 34 43 11 36 38 35 23 37 49 16 29 45 
50 16 50 8 40 41 49 36 27 6 47 3 42 44 43 28 24 10 26 21 35 38 7 37 22 15 30 19 18 34 1 32 9 23 39 33 14 45 4 25 2 5 29 48 31 17 13 12 11 46 20 
50 24 19 17 37 20 10 35 45 5 43 47 27 34 13 31 21 7 11 49 29 50 9 25 44 36 2 40 39 30 8 41 12 33 32 1 26 23 14 15 4 18 28 16 48 3 46 6 42 22 38 
50 13 31 49 21 6 12 50 15 20 28 40 9 22 34 29 46 32 23 16 24 41 43 10 35 36 18 33 45 5 14 44 8 17 1 11 26 37 4 19 30 48 3 42 38 25 27 2 7 39 47 
50 37 47 45 23 15 50 2 26 42 49 16 39 24 14 22 44 31 20 28 46 36 10 17 12 41 7 40 19 18 35 3 34 11 13 48 29 9 8 1 33 21 5 6 4 38 25 32 27 30 43 
50 42 36 23 30 4 48 50 43 41 6 10 21 39 13 34 49 26 33 22 46 18 24 28 14 47 1 19 27 2 29 5 20 17 38 31 12 11 32 35 3 44 37 45 40 16 9 15 7 25 8 
50 22 16 13 8 45 17 15 38 34 7 11 49 1 24 10 20 35 26 33 50 5 25 4 21 9 47 42 43 36 30 6 18 37 19 48 29 27 41 3 44 40 28 12 31 2 14 46 23 39 32 
50 36 15 2 30 11 46 5 38 41 25 12 24 17 19 29 26 22 18 32 37 43 44 40 48 1 42 49 33 4 9 47 13 21 45 3 50 39 27 34 8 10 31 35 7 16 20 23 6 14 28 
50 11 24 47 21 1 33 18 31 27 5 42 3 38 35 25 23 20 34 14 2 45 10 15 48 49 7 19 40 29 44 26 28 9 12 41 30 37 17 32 16 36 43 39 50 46 8 13 4 22 6 
50 22 12 9 17 28 24 15 27 45 1 32 41 11 19 34 49 10 18 2 46 3 42 38 48 8 47 37 43 5 36 6 26 7 4 29 50 13 14 31 25 33 20 35 44 23 40 16 39 21 30 
50 36 6 19 9 21 37 23 29 26 15 33 12 17 48 7 42 38 41 16 2 20 27 11 5 39 4 44 45 35 46 49 50 10 30 31 32 24 3 14 13 43 18 28 47 8 34 25 40 1 22 
50 31 48 43 35 45 32 7 1 11 49 37 34 36 9 27 20 24 17 22 25 18 15 50 12 39 30 2 40 23 33 38 6 21 28 42 47 13 19 44 4 8 26 46 16 3 29 5 41 10 14 
50 39 33 14 18 6 22 26 36 17 9 10 21 40 50 38 35 23 42 49 19 20 12 16 37 34 47 1 24 28 45 48 46 3 30 44 7 13 11 32 29 8 25 41 2 15 43 31 5 27 4 
50 20 7 29 8 16 50 5 33 3 43 42 39 6 31 35 2 40 1 19 21 15 23 47 10 46 34 26 27 28 18 4 44 30 9 38 22 25 48 13 14 24 41 11 45 32 37 12 17 49 36 
50 16 17 32 38 43 36 19 8 20 37 45 41 15 27 7 34 24 25 47 26 29 5 49 6 46 22 3 39 14 28 9 42 10 30 35 48 2 12 13 21 40 33 50 31 4 44 18 23 11 1 
50 37 13 31 22 39 43 4 30 19 38 33 8 25 9 47 35 27 40 7 48 16 20 11 49 21 26 6 44 29 10 45 34 1 46 2 41 32 23 15 36 5 12 24 50 3 28 18 42 14 17 
50 11 25 41 19 35 12 18 38 45 40 22 24 2 28 21 9 4 14 48 26 20 31 42 6 34 50 29 49 5 1 15 27 7 43 23 8 17 39 46 33 10 3 13 16 36 44 37 47 32 30 
50 41 17 11 40 2 38 28 19 31 49 48 13 25 30 39 37 16 9 8 14 10 35 21 29 4 12 22 36 18 20 23 34 27 47 46 1 24 43 44 3 42 15 45 50 5 32 7 26 33 6 
50 10 4 34 41 40 2 1 28 5 6 45 21 47 35 12 11 42 27 36 3 46 19 30 20 7 49 15 48 17 33 39 26 16 38 37 14 23 9 29 50 8 13 31 24 25 43 32 44 22 18 
50 33 39 17 43 4 40 50 22 48 41 5 19 13 2 24 31 29 44 8 47 35 16 49 37 20 14 36 30 9 26 6 27 10 12 1 11 46 7 34 38 3 15 23 18 45 42 28 32 25 21 
50 49 31 30 29 13 40 12 44 2 46 26 28 32 10 25 43 3 7 19 21 37 38 23 8 20 5 35 22 11 4 27 42 6 24 36 47 15 48 45 33 34 14 41 39 50 17 18 1 9 16 
50 45 16 38 9 24 12 13 41 23 6 27 43 17 5 44 35 39 22 21 19 33 14 42 50 28 49 26 1 11 4 46 29 40 48 36 20 3 15 2 31 7 30 32 47 18 37 10 34 8 25 
50 3 19 48 1 6 46 30 40 41 36 47 4 26 27 18 8 34 42 37 25 5 49 17 2 31 14 21 7 32 44 23 9 28 45 20 11 50 15 43 13 35 33 12 22 39 10 29 38 24 16 
50 33 31 10 2 29 4 47 9 30 38 44 16 20 22 50 1 45 26 12 19 37 27 42 36 8 25 21 41 5 7 49 15 40 14 18 34 24 11 13 32 46 35 43 6 48 3 28 23 17 39 
50 40 28 45 17 27 49 31 33 37 10 36 13 6 32 11 30 50 15 39 8 20 24 47 23 5 12 22 14 42 21 34 25 9 1 19 16 44 2 38 48 35 46 3 41 7 4 26 43 18 29 
50 29 45 38 2 5 34 23 22 7 20 41 21 37 3 16 10 48 9 12 49 47 44 28 4 15 17 26 42 39 8 32 18 40 14 36 33 30 24 50 6 43 35 46 1 25 13 19 27 31 11 
50 29 15 23 5 38 4 49 27 30 12 21 7 13 39 22 37 20 43 6 48 32 2 19 45 25 1 34 18 42 40 50 16 33 14 36 41 44 28 11 3 31 46 47 10 24 8 35 9 17 26 
50 33 6 8 38 49 19 17 41 16 7 37 5 23 3 9 25 29 13 46 26 4 34 27 48 20 44 32 18 21 2 36 50 28 43 39 45 11 30 40 15 47 35 42 12 10 31 14 24 22 1 
50 38 35 3 41 7 15 36 42 9 37 4 24 1 8 23 45 18 21 34 31 10 5 50 11 43 39 19 46 13 27 44 22 47 2 33 17 20 26 16 49 6 12 30 25 14 29 48 40 28 32 
50 7 1 50 26 14 6 12 10 44 42 45 4 18 34 21 3 40 28 8 24 30 13 36 23 17 39 47 15 2 20 35 22 9 38 16 19 31 27 49 43 46 25 11 33 5 37 32 29 41 48 
50 5 29 6 43 14 50 3 30 15 11 21 8 38 32 12 25 36 23 47 45 31 9 7 20 39 48 1 40 35 18 42 10 33 4 44 22 24 17 41 26 34 13 49 46 37 27 19 28 16 2 
