50
50 12 10 18 35 45 31 39 14 3 5 26 47 25 41 6 44 43 27 8 40 20 33 24 11 28 38 46 49 7 4 2 36 21 42 17 50 22 19 34 48 30 13 16 23 1 15 9 37 32 29 
50 37 12 13 38 45 32 50 27 42 19 43 28 30 15 39 21 47 46 20 7 41 24 26 44 25 6 48 1 49 34 33 29 8 22 16 14 23 2 4 5 35 11 3 10 36 18 17 40 31 9 
50 20 23 18 3 39 27 6 37 7 35 22 21 50 30 12 40 29 4 46 16 31 34 15 13 24 42 41 44 43 11 33 48 47 5 17 9 1 49 2 10 25 45 32 28 26 38 8 19 14 36 
50 33 1 34 30 39 26 7 40 6 48 41 43 11 13 32 24 19 42 9 35 8 3 50 5 22 46 49 18 4 44 21 27 12 17 23 2 28 45 20 38 15 37 31 16 36 25 47 14 29 10 
50 3 5 27 37 41 34 14 35 19 11 23 50 30 22 33 17 39 38 42 15 20 46 45 28 18 16 9 7 1 48 49 36 44 24 6 26 21 43 40 47 13 2 25 4 12 8 31 29 10 32 
50 50 7 47 35 6 48 30 18 24 42 41 43 1 20 40 13 32 36 15 25 17 29 5 45 46 3 19 26 21 10 2 49 31 33 39 4 38 44 22 8 34 12 16 28 23 9 27 11 37 14 
50 45 19 3 4 33 20 29 32 5 30 12 15 31 13 27 34 22 41 17 42 21 11 23 8 40 46 14 18 25 48 1 7 9 2 6 37 44 10 39 50 26 43 28 36 16 38 35 49 24 47 
50 10 2 25 3 40 21 12 48 33 27 5 50 37 39 19 20 26 36 24 11 34 6 35 30 41 18 15 23 28 45 4 8 46 7 22 49 31 44 13 16 17 43 9 38 42 29 1 14 32 47 
50 42 18 46 40 1 48 37 38 6 22 2 4 21 11 8 28 50 30 44 5 7 26 23 9 14 32 17 27 10 43 13 16 34 24 45 20 39 19 31 41 25 12 35 15 36 49 47 3 33 29 
50 30 48 3 31 6 41 18 17 33 7 40 9 27 14 24 2 49 28 29 50 10 13 32 1 42 47 35 45 37 39 25 38 8 5 23 43 12 36 16 11 34 20 44 4 15 19 21 22 26 46 
50 28 23 9 12 38 31 39 15 7 50 43 1 6 10 2 14 32 24 36 47 18 29 45 44 8 3 27 49 5 4 37 30 16 13 41 35 42 17 48 20 33 46 26 25 11 40 34 22 19 21 
50 8 12 16 23 19 41 28 10 15 14 35 48 31 42 18 44 40 37 34 6 9 32 27 2 29 33 25 46 22 11 26 13 5 49 50 38 4 21 39 30 45 1 20 43 3 24 17 47 7 36 
50 44 11 1 49 16 24 47 13 10 3 25 30 18 31 28 19 32 33 6 14 34 17 5 20 35 39 40 27 12 4 43 21 15 29 26 22 45 36 7 50 8 48 9 23 42 41 38 2 46 37 
50 43 22 9 38 15 24 45 26 5 33 36 50 42 37 34 28 32 30 19 7 29 46 11 12 16 21 49 41 3 2 8 27 14 40 48 13 4 35 17 31 44 18 39 20 1 6 25 10 47 23 
50 24 13 32 19 39 6 25 40 33 11 37 18 27 48 9 21 4 14 26 36 45 23 5 34 35 50 2 46 30 47 20 1 41 43 17 12 42 31 8 29 22 38 44 49 7 3 16 15 10 28 
50 14 45 33 19 35 16 9 36 43 44 26 47 28 2 38 21 30 48 13 37 41 11 34 50 15 25 29 7 20 17 46 5 8 49 39 23 27 12 42 10 1 18 32 22 6 24 31 4 3 40 
50 11 5 30 48 14 8 43 41 25 15 29 44 19 2 39 42 46 47 26 18 3 9 34 12 38 1 6 31 21 22 4 7 27 45 35 33 17 23 10 20 37 32 16 28 36 24 50 49 40 13 
50 10 12 11 22 17 33 24 2 27 28 1 25 35 32 26 42 13 36 39 38 47 44 30 16 34 23 29 6 9 20 14 45 49 40 5 4 41 46 15 37 8 48 19 21 18 31 7 3 50 43 
50 34 22 49 23 6 35 44 48 3 21 37 43 45 31 38 10 5 16 28 25 15 18 7 50 27 4 19 47 26 33 1 32 46 2 13 12 41 11 9 42 17 20 30 36 29 24 8 39 14 40 
50 44 43 27 20 18 41 15 21 50 29 17 11 34 40 39 4 42 1 23 8 5 38 49 32 30 10 9 28 31 26 19 13 2 12 46 25 36 14 24 37 33 7 35 48 47 22 16 6 3 45 
50 10 27 45 6 15 4 18 30 9 11 13 16 43 19 7 5 47 50 3 21 1 24 49 46 12 48 22 40 23 41 28 8 35 2 42 25 17 33 37 44 31 32 20 38 29 34 14 39 36 26 
50 48 28 26 40 7 41 13 4 36 1 22 34 44 9 30 10 50 43 23 19 2 33 35 47 12 14 32 17 25 29 16 38 31 37 21 49 11 46 5 3 45 6 24 18 42 27 39 15 20 8 
50 24 5 15 7 29 13 41 30 36 8 11 26 18 40 38 31 35 37 49 21 25 32 16 47 20 28 12 3 48 42 50 45 44 17 43 10 2 4 23 9 19 34 27 14 46 6 33 1 22 39 
50 29 20 3 27 36 17 48 1 8 9 31 7 16 41 21 32 2 13 10 49 43 38 30 18 4 42 46 14 23 5 35 44 33 24 39 28 19 6 45 47 22 34 40 26 37 25 50 12 11 15 
50 21 7 14 39 30 33 49 16 37 46 44 31 35 9 38 19 4 15 43 28 27 48 12 41 47 36 23 42 3 18 24 17 2 1 40 29 10 13 11 6 34 20 45 25 32 5 22 50 26 8 
50 6 17 26 43 8 35 37 44 29 38 28 46 16 3 34 41 33 50 22 48 23 13 1 5 31 14 30 11 19 9 7 42 27 20 18 12 10 21 47 25 15 45 24 36 49 40 39 2 4 32 
50 29 13 40 22 14 27 25 6 20 17 41 19 49 5 50 39 11 45 4 46 15 7 16 8 33 42 30 44 21 18 47 24 12 23 36 43 28 31 9 10 35 32 37 3 1 2 38 26 48 34 
50 35 8 27 41 6 13 23 24 11 22 37 47 33 36 29 50 4 28 26 31 43 16 34 17 9 40 19 18 15 7 48 21 25 42 45 5 3 2 1 38 32 14 10 49 12 44 46 39 30 20 
50 38 50 48 18 4 34 24 12 35 7 1 43 47 20 13 41 5 3 14 27 40 11 23 45 49 17 37 46 2 30 9 42 15 6 21 44 36 22 31 10 29 8 26 28 19 39 33 32 16 25 
50 37 42 30 17 12 41 38 6 35 45 3 24 34 10 20 9 21 36 32 27 33 14 47 43 40 19 23 46 2 22 26 29 48 15 25 28 8 4 16 49 7 44 18 39 5 31 13 1 50 11 
50 13 17 39 30 23 20 28 36 42 2 8 7 25 1 33 10 11 41 6 21 9 29 18 3 40 26 45 49 37 5 14 12 48 27 16 35 43 32 34 47 50 31 4 15 22 38 46 24 19 44 
50 40 30 8 27 49 42 16 11 31 47 4 36 38 3 13 45 19 2 21 29 25 33 18 26 9 10 28 46 5 44 23 20 35 1 24 37 32 39 22 41 43 15 14 12 17 34 50 48 6 7 
50 12 4 28 33 45 24 5 47 7 48 14 16 20 38 41 40 35 27 23 29 26 31 17 18 15 25 9 49 34 11 50 46 42 39 10 6 8 19 30 44 22 21 2 1 36 3 32 43 37 13 
50 4 14 40 44 28 3 18 42 9 34 7 31 5 38 2 24 23 48 37 6 35 15 27 26 13 22 12 41 10 50 29 36 47 33 30 43 32 1 21 11 46 49 17 19 20 16 8 45 25 39 
50 42 41 30 16 8 37 22 15 33 44 14 46 39 2 13 17 49 6 36 20 12 43 27 18 11 7 47 38 35 9 10 29 32 28 31 23 4 24 48 5 34 40 25 50 45 21 26 19 1 3 
50 23 5 19 14 48 9 31 42 30 46 37 3 27 50 17 4 45 34 12 38 39 20 1 32 15 28 25 41 49 21 47 29 24 18 6 2 44 10 8 22 26 16 36 35 13 33 7 40 11 43 
50 12 32 21 33 17 5 22 34 2 9 18 20 43 37 10 14 1 30 7 6 16 44 15 4 40 31 49 23 24 25 42 41 27 48 3 29 28 13 39 36 50 11 45 19 26 35 38 46 8 47 
50 14 23 46 30 4 3 1 22 18 29 21 44 7 32 20 24 42 5 34 17 33 35 43 13 45 39 27 26 41 9 40 49 11 10 25 31 28 38 2 47 48 37 8 15 50 12 16 36 6 19 
50 43 26 31 27 13 5 1 18 3 42 24 41 20 38 15 7 45 4 12 21 35 40 50 48 11 8 29 33 37 16 34 30 46 10 47 22 6 36 9 44 23 25 17 32 39 19 28 2 14 49 
50 32 15 43 40 49 34 3 35 22 8 12 17 27 18 14 37 50 25 44 38 39 21 9 48 24 30 16 36 11 46 33 6 31 5 4 13 29 26 20 42 28 10 2 19 7 47 23 1 45 41 
50 41 36 11 7 39 26 37 8 34 1 43 31 14 21 49 33 44 23 9 4 40 42 50 15 30 27 20 13 38 24 47 2 45 48 29 19 46 3 5 35 28 32 12 22 10 18 25 16 6 17 
50 12 22 1 50 19 28 38 45 23 5 31 20 3 49 43 41 46 33 2 8 32 37 7 27 39 16 44 11 26 21 14 30 36 9 15 13 24 42 25 18 29 4 6 10 40 17 34 35 47 48 
50 22 42 35 48 24 17 10 46 49 28 38 32 43 5 41 29 27 23 11 2 47 34 18 30 26 1 39 44 36 31 12 16 19 14 21 4 15 7 25 50 8 6 3 37 40 45 9 33 20 13 
50 41 10 32 39 38 13 30 24 3 27 7 31 6 5 48 37 46 1 43 21 47 19 42 16 9 15 23 44 2 49 35 29 22 50 28 17 8 45 36 20 12 33 14 34 40 11 26 4 18 25 
50 21 17 3 49 29 35 27 48 10 23 6 41 46 19 34 22 7 20 16 26 36 38 39 15 18 28 1 25 30 31 32 45 2 50 9 24 43 4 8 12 42 11 44 5 37 47 14 33 40 13 
50 20 38 28 49 26 35 43 50 41 23 14 31 32 17 4 3 15 22 46 47 1 7 33 18 25 16 8 39 2 21 27 5 29 45 12 9 37 24 36 34 11 30 19 42 10 40 44 13 48 6 
50 15 25 28 4 29 31 45 27 23 13 40 39 36 41 32 43 19 42 10 8 20 49 35 11 7 50 34 2 33 24 44 30 6 14 38 18 26 1 47 16 48 17 37 5 3 22 21 9 46 12 
50 28 35 48 34 6 10 31 8 43 13 11 2 27 41 25 40 12 17 30 19 26 24 16 23 49 50 39 4 22 33 42 1 5 29 46 18 15 44 3 37 32 36 47 7 38 45 9 14 21 20 
50 14 34 46 11 18 10 29 4 16 5 12 20 2 17 40 23 8 15 39 32 48 35 24 26 3 36 45 31 33 43 38 21 27 50 25 7 49 41 42 22 28 19 6 30 9 44 37 1 47 13 
50 25 49 34 39 31 9 35 37 42 12 21 17 50 11 3 30 44 1 20 7 23 19 16 45 48 38 27 15 32 28 18 13 6 4 47 33 10 46 40 29 8 41 22 5 36 14 43 26 2 24 
50 24 31 1 34 33 49 22 18 38 11 43 40 17 15 37 50 16 8 26 48 27 45 23 35 6 2 44 36 46 42 39 14 29 19 4 30 25 20 41 28 13 3 5 21 12 47 10 9 32 7 
50 8 24 20 48 6 44 1 3 11 12 28 2 34 30 23 21 13 43 47 25 32 22 17 19 42 49 4 37 41 33 15 50 27 39 10 9 36 26 29 40 35 14 46 5 18 38 45 31 16 7 
50 40 28 24 30 46 22 45 23 35 15 39 36 7 27 4 44 9 5 41 21 3 33 2 8 1 25 49 13 29 11 34 26 47 31 14 38 42 19 10 37 17 43 16 20 6 50 32 18 12 48 
50 31 29 34 42 37 14 3 47 16 7 40 36 13 32 6 38 2 27 22 28 30 45 41 44 17 20 43 4 49 5 8 50 9 48 19 23 35 33 39 18 46 26 11 15 24 10 21 25 1 12 
50 28 36 15 45 6 21 12 7 27 29 48 20 22 19 9 41 14 50 38 47 31 8 37 26 40 16 1 30 43 39 17 2 18 3 24 5 46 4 34 23 42 33 25 11 10 13 44 49 35 32 
50 28 49 46 15 43 22 45 26 14 11 20 37 6 50 5 41 42 33 24 9 31 48 32 18 4 13 8 36 29 30 35 10 21 7 3 1 40 27 23 2 12 25 17 34 19 44 16 47 39 38 
50 5 22 1 14 40 7 31 30 42 49 36 47 45 32 38 35 23 44 27 21 29 8 41 18 6 19 9 43 17 37 26 39 10 28 48 34 12 15 4 2 46 50 13 11 24 33 16 20 25 3 
50 4 12 9 38 32 1 39 23 17 26 31 14 21 8 20 6 18 10 47 36 48 37 7 40 11 50 28 42 41 22 33 46 2 27 3 45 13 25 16 35 49 5 24 30 44 43 34 15 29 19 
50 36 48 1 27 49 4 42 44 25 18 9 15 40 28 10 33 14 21 16 31 43 11 34 41 6 20 7 26 24 50 22 32 35 47 39 37 30 45 8 2 46 29 12 5 23 13 19 38 17 3 
50 22 25 3 21 4 29 7 32 24 49 23 13 37 27 47 42 2 50 34 18 31 6 1 19 41 36 45 46 9 43 8 12 14 16 10 5 44 40 20 26 38 30 28 48 35 39 11 15 17 33 
50 31 9 12 39 40 2 20 49 25 36 11 14 33 6 19 16 3 46 45 41 32 50 37 44 10 8 24 18 47 5 26 28 7 22 48 43 4 13 42 34 29 15 38 23 30 1 17 21 27 35 
50 11 2 16 44 8 17 41 32 6 15 23 35 28 27 9 47 3 37 36 34 12 19 31 43 18 49 21 26 33 40 45 24 1 29 30 22 5 14 4 38 48 50 25 39 42 20 13 7 10 46 
50 41 9 13 5 14 27 6 8 7 28 38 19 10 24 11 15 42 40 33 16 20 48 43 22 34 50 45 36 4 3 2 26 23 30 1 29 17 47 31 44 49 25 46 39 32 18 21 35 12 37 
50 1 8 32 4 33 27 28 49 9 50 3 43 17 45 42 26 29 30 10 14 12 20 41 25 40 11 21 6 31 34 46 13 22 19 24 44 39 38 5 23 35 7 15 36 48 2 47 37 18 16 
50 49 4 29 3 24 39 9 30 15 32 20 43 18 46 40 48 28 21 19 16 2 10 25 23 36 5 7 6 47 33 37 50 26 45 38 8 34 12 17 22 1 44 35 13 27 11 31 42 41 14 
50 45 21 41 27 3 47 22 5 16 43 18 44 8 17 19 38 10 2 1 11 50 29 36 9 25 28 39 26 20 40 6 48 14 31 15 49 37 32 24 35 23 30 46 33 34 42 7 13 4 12 
50 43 47 21 45 4 9 31 2 48 36 25 23 26 17 5 12 1 40 29 33 10 41 34 16 42 18 32 27 35 30 46 37 49 39 6 24 14 50 44 13 22 28 38 19 15 7 11 20 8 3 
50 29 23 36 14 17 44 46 38 48 12 26 18 3 19 40 35 33 45 16 32 25 42 15 7 8 9 21 37 11 4 47 50 43 41 6 27 10 13 5 20 1 30 31 49 24 39 2 22 34 28 
50 47 12 34 3 42 41 21 35 46 16 43 40 26 14 1 45 49 25 48 39 32 10 24 17 44 7 38 4 19 50 5 22 2 8 33 27 36 23 37 11 20 9 31 15 29 28 13 30 6 18 
50 24 35 40 50 18 11 27 20 21 5 4 25 9 28 43 45 17 33 47 19 49 10 7 37 12 1 48 29 44 14 15 41 2 3 36 26 16 8 13 42 22 34 6 23 32 38 31 39 30 46 
50 23 8 4 32 38 35 41 15 2 44 7 37 12 19 43 31 20 45 18 29 25 50 42 46 6 26 48 30 9 21 17 16 47 28 33 13 5 40 11 10 24 3 49 14 34 36 1 39 27 22 
50 35 18 24 11 34 4 6 31 36 3 33 1 49 17 48 22 42 26 15 20 46 28 45 44 25 37 16 5 39 47 29 7 9 30 19 2 38 10 14 13 23 43 50 40 8 21 32 12 27 41 
50 39 3 1 28 42 50 5 37 34 45 17 21 46 47 2 44 36 20 26 43 13 14 6 19 7 27 15 35 10 49 4 40 38 8 48 11 41 16 22 18 9 32 12 24 30 29 31 25 23 33 
50 6 37 36 4 31 40 14 50 33 34 10 19 20 42 26 30 7 3 22 9 47 2 48 35 15 45 39 44 1 18 46 5 16 8 11 32 17 28 13 29 41 21 49 12 23 27 38 25 43 24 
50 30 39 42 13 25 21 46 33 34 4 28 9 15 49 44 24 31 10 14 29 3 8 35 47 20 6 1 23 36 18 41 7 26 48 32 17 40 37 22 19 43 5 38 12 11 45 27 50 2 16 
50 42 1 14 35 38 23 33 17 28 41 20 40 8 5 47 44 16 7 22 19 43 26 29 30 31 45 46 34 15 6 9 12 25 48 4 37 21 27 13 32 49 50 10 2 3 18 11 36 39 24 
50 24 41 16 19 25 43 40 37 49 38 30 13 17 12 21 31 36 45 33 11 18 42 4 27 26 46 29 39 32 23 35 1 44 34 15 6 22 14 2 7 3 48 50 5 47 9 20 8 10 28 
50 40 50 33 42 44 5 20 38 1 7 15 12 23 22 37 41 30 47 35 21 34 49 17 27 24 11 48 10 36 8 28 14 4 3 19 25 9 6 13 29 45 31 18 39 2 43 46 32 16 26 
50 4 5 14 47 38 34 50 17 15 29 20 32 35 27 25 23 36 3 33 48 6 46 1 44 13 31 9 43 30 42 24 49 8 18 19 7 10 41 12 16 28 2 22 37 26 11 21 39 45 40 
50 24 44 35 27 29 11 17 31 47 20 1 21 41 6 13 15 42 19 4 28 18 30 32 45 9 14 10 40 50 23 36 37 25 43 48 12 34 49 3 26 33 2 7 5 16 8 39 38 46 22 
50 50 43 32 20 49 40 4 17 12 38 39 27 48 1 28 22 44 24 45 10 21 5 18 30 2 23 25 47 35 15 11 36 19 34 31 29 6 16 13 14 46 37 8 33 26 9 7 3 42 41 
50 20 34 15 14 3 49 9 32 21 18 36 11 39 16 44 48 43 6 7 28 23 47 35 46 26 38 8 27 25 31 30 1 42 2 10 41 37 5 4 45 24 19 17 22 12 13 33 29 40 50 
50 18 28 32 15 42 38 26 24 14 47 37 40 11 48 10 8 41 9 16 1 3 36 45 49 6 34 35 20 21 31 43 27 44 13 50 33 19 22 23 25 5 2 46 4 17 12 7 30 39 29 
50 40 39 35 37 13 33 19 32 12 4 26 27 24 17 29 16 42 5 14 3 9 18 46 34 6 20 2 31 30 1 36 45 22 15 41 43 47 10 21 11 48 49 50 44 8 28 38 25 7 23 
50 21 23 15 43 46 6 8 9 2 36 26 44 27 39 45 33 49 29 47 14 31 30 5 19 17 25 41 24 16 4 11 20 1 35 32 28 22 48 13 34 10 12 18 40 42 38 50 3 37 7 
50 11 41 16 26 10 30 42 27 50 22 15 35 14 19 8 25 6 2 31 38 29 28 44 37 48 5 9 13 17 40 47 3 46 49 32 20 24 43 33 45 21 4 39 34 36 23 1 12 7 18 
50 10 17 1 30 31 27 11 25 39 24 6 45 12 49 19 40 26 3 34 15 16 46 2 32 41 4 22 21 43 44 47 42 13 33 50 28 36 35 29 38 18 37 14 20 9 5 23 7 48 8 
50 12 27 6 4 28 41 5 10 7 11 26 46 33 8 34 44 36 16 42 1 49 15 23 17 9 50 43 47 18 22 30 37 24 38 2 35 48 40 21 29 31 20 19 39 13 45 25 14 32 3 
50 38 25 45 44 35 39 33 9 15 46 22 8 16 1 47 29 20 18 6 21 24 34 4 50 28 41 2 12 3 26 5 19 49 7 27 23 32 36 13 11 30 42 43 40 48 14 37 31 10 17 
50 42 23 50 47 4 21 36 49 40 5 44 20 38 39 2 35 25 31 14 19 9 13 26 27 41 11 3 24 46 15 8 18 45 28 43 30 32 1 48 16 12 29 22 6 37 17 7 33 34 10 
50 28 16 45 23 50 8 31 48 29 30 9 26 5 6 27 20 4 40 39 18 22 33 17 43 47 36 42 19 21 38 7 11 41 1 12 49 34 25 44 3 37 13 10 35 15 32 46 2 14 24 
50 19 42 20 11 45 33 28 22 50 37 27 30 25 4 43 38 31 12 9 24 41 8 49 17 48 46 34 40 1 23 15 29 18 47 14 39 13 10 35 7 32 21 26 16 5 3 44 6 2 36 
50 36 16 49 40 21 42 26 14 29 8 27 20 35 4 2 28 13 18 33 5 44 25 1 10 22 41 11 15 45 19 50 7 43 48 46 12 30 31 6 47 17 34 32 39 23 38 9 3 24 37 
50 30 33 10 46 25 15 29 12 17 35 1 26 21 20 49 43 27 48 37 19 9 7 31 14 40 44 41 24 6 2 50 47 11 13 5 4 22 16 23 39 32 45 36 28 8 18 34 3 38 42 
50 44 25 47 22 9 48 46 28 5 3 29 36 12 32 8 4 19 18 24 50 23 35 13 2 39 42 1 6 45 37 30 10 20 27 15 33 17 38 34 14 31 43 49 16 26 7 40 21 41 11 
50 34 18 47 45 46 50 29 11 14 25 39 40 24 32 38 23 17 8 22 3 27 1 44 35 33 2 30 20 13 49 31 43 6 36 5 16 48 9 41 7 21 28 19 37 15 4 10 42 12 26 
50 10 27 47 35 19 2 43 33 48 37 13 1 5 45 20 42 23 36 29 31 9 8 22 7 12 16 32 3 28 26 4 46 21 6 49 39 41 34 44 18 50 14 25 24 30 17 11 38 40 15 
50 21 30 43 7 22 29 10 16 35 48 14 5 50 6 4 1 19 39 26 20 28 11 37 42 9 24 12 41 49 25 17 36 23 40 44 34 38 3 15 33 27 31 13 45 2 46 8 18 47 32 
50 4 2 25 46 24 20 39 5 10 35 19 7 29 50 27 37 34 8 40 18 23 31 26 13 47 17 14 36 15 48 3 28 30 49 43 33 6 12 1 21 38 32 45 41 22 44 9 16 42 11 
50 27 38 15 7 8 18 48 9 47 46 16 29 11 42 10 44 25 14 33 49 1 26 22 13 39 41 35 4 17 23 30 50 21 20 45 12 6 3 2 5 43 37 28 34 31 40 19 24 32 36 
