50
50 26 42 32 9 40 48 2 46 28 30 12 49 25 4 44 27 45 50 36 47 31 33 3 18 41 11 21 14 13 5 24 6 7 37 22 10 35 17 39 29 8 34 23 1 19 15 20 38 16 43 
50 15 43 23 34 8 13 46 26 42 3 5 11 21 24 14 6 2 50 10 20 44 47 37 36 33 28 22 27 49 19 7 32 40 30 4 25 48 39 1 9 31 35 18 12 45 29 38 16 41 17 
50 6 15 5 27 22 34 2 20 42 21 8 1 12 43 11 18 30 32 31 25 3 17 29 4 50 16 23 37 14 13 28 24 47 9 48 33 26 19 7 41 36 49 38 39 44 40 46 10 45 35 
50 17 47 13 43 30 37 36 20 46 31 41 50 5 34 14 32 7 24 6 49 26 8 27 28 22 25 23 45 42 3 1 48 33 15 16 2 4 21 18 38 35 10 40 19 44 39 11 29 12 9 
50 7 44 39 15 14 3 2 49 42 22 50 48 37 20 23 41 8 10 43 28 21 24 25 5 34 12 27 29 33 4 9 47 6 36 30 46 11 45 32 17 26 1 38 35 13 18 19 31 40 16 
50 26 40 3 42 21 31 9 27 29 28 2 11 35 8 30 22 7 13 12 36 4 37 10 45 48 23 15 39 49 50 34 6 32 16 5 41 25 38 43 46 20 1 14 19 24 33 18 17 47 44 
50 6 42 46 28 34 18 37 2 14 16 30 13 23 33 19 45 29 47 48 5 8 20 41 26 12 1 4 32 40 11 44 39 24 38 43 22 27 7 10 3 49 25 36 9 50 21 17 15 35 31 
50 38 2 1 45 47 32 37 19 6 5 9 25 16 31 18 35 27 28 26 33 49 34 44 29 8 43 40 17 13 15 21 48 10 46 11 30 39 41 3 50 23 22 36 4 24 7 42 14 12 20 
50 44 7 15 11 46 43 36 19 1 34 26 14 37 31 28 38 6 49 18 42 30 47 16 23 29 17 2 20 9 13 3 22 33 10 5 45 39 25 12 40 48 50 8 4 24 32 41 35 21 27 
50 46 26 14 23 48 22 30 12 3 25 8 28 5 44 50 43 10 16 15 49 45 24 19 18 7 27 29 11 21 34 4 17 42 35 39 6 31 9 47 2 38 32 13 41 20 40 1 36 37 33 
50 15 49 28 19 36 13 27 37 7 16 1 8 43 35 40 9 34 6 12 29 46 2 45 24 23 33 47 10 5 41 4 11 18 25 14 30 48 20 50 3 31 32 38 22 42 21 39 17 26 44 
50 38 7 36 39 31 34 37 29 35 25 47 48 44 24 4 26 42 18 10 22 12 13 50 3 27 46 17 40 20 8 14 15 43 9 19 1 32 23 45 21 30 41 28 6 33 11 49 2 16 5 
50 29 36 13 17 39 20 1 7 34 41 21 14 24 5 32 9 38 18 46 26 31 33 11 28 12 30 6 4 22 16 49 40 23 19 45 43 8 42 27 35 3 48 44 15 10 2 25 47 37 50 
50 38 43 20 40 37 46 19 7 1 33 49 4 45 16 36 50 14 8 35 30 34 27 23 24 5 11 9 31 25 13 48 3 10 28 12 47 6 39 41 21 32 2 18 26 17 15 42 22 29 44 
50 34 32 49 8 30 3 17 15 36 43 2 31 26 18 38 47 48 44 50 35 6 25 45 10 12 11 24 40 4 42 16 20 27 14 37 9 29 21 19 22 28 13 33 1 41 23 7 39 46 5 
50 47 11 42 37 25 23 10 49 30 50 9 24 21 15 2 32 7 22 19 8 36 20 43 34 13 18 16 28 41 17 31 35 4 5 6 27 1 38 45 14 29 12 44 40 33 46 48 26 3 39 
50 47 15 1 16 6 8 25 23 43 7 9 37 27 40 41 35 13 2 24 48 38 22 17 28 42 18 11 19 30 20 46 3 26 50 39 29 12 4 34 21 10 49 32 45 31 44 14 33 36 5 
50 40 41 31 5 17 44 7 46 15 11 42 18 29 30 9 48 10 43 24 36 2 16 19 33 28 1 26 47 39 3 45 32 49 23 35 22 20 34 4 25 14 27 38 50 8 13 21 37 6 12 
50 37 50 14 16 19 4 38 25 22 26 27 24 29 13 21 18 32 30 33 7 35 17 43 44 23 9 46 15 3 28 47 5 10 1 12 34 31 8 45 6 11 20 36 42 41 48 2 40 39 49 
50 33 47 9 34 20 22 7 45 44 25 39 42 29 4 17 40 21 11 48 2 13 37 31 12 30 26 28 5 32 27 10 35 36 8 38 18 50 3 24 46 1 23 16 6 41 14 49 43 15 19 
50 19 41 50 12 45 43 31 36 11 42 24 8 14 46 29 23 13 16 20 40 34 9 39 10 27 15 25 32 21 49 35 22 5 17 28 4 18 7 48 1 44 30 33 2 47 37 6 3 26 38 
50 28 44 3 24 10 25 13 50 18 11 49 43 26 12 1 29 30 46 45 6 20 16 34 7 39 22 40 42 35 31 33 5 32 2 48 19 37 23 17 27 36 41 9 14 4 15 8 47 21 38 
50 32 6 22 40 33 45 48 29 9 41 21 12 50 16 28 23 35 34 43 31 19 25 10 2 24 3 11 17 18 42 36 30 20 15 1 26 13 46 5 7 44 47 14 4 38 39 49 37 27 8 
50 42 36 13 9 23 49 3 34 1 46 35 7 14 2 24 20 15 30 39 29 28 27 6 11 38 37 43 47 32 45 31 22 16 17 19 12 8 5 25 18 26 41 44 50 4 48 21 10 40 33 
50 23 39 47 49 44 14 19 6 35 24 18 9 5 20 27 17 10 41 25 43 45 50 15 4 42 1 31 11 26 33 16 2 32 30 29 21 7 22 37 48 8 28 38 46 40 36 34 3 13 12 
50 22 32 18 21 10 47 33 12 39 43 15 11 3 28 17 19 48 1 29 16 26 7 50 38 2 44 14 49 37 5 25 24 20 6 23 36 27 4 46 42 13 34 35 8 30 31 45 41 40 9 
50 7 13 46 22 26 37 32 12 34 5 16 40 48 2 20 47 11 50 45 27 15 33 39 42 4 14 44 38 23 30 41 10 6 36 9 18 3 17 24 21 43 35 19 1 29 28 49 31 8 25 
50 22 7 37 35 10 47 50 38 32 6 24 40 43 11 20 4 25 1 48 19 39 2 9 23 44 46 3 33 26 15 41 45 36 12 13 14 28 18 17 27 34 30 29 5 49 8 16 42 21 31 
50 20 11 7 17 25 43 33 22 6 34 29 26 4 37 31 19 39 28 32 1 13 48 8 9 16 12 21 46 2 41 3 49 40 23 30 27 24 10 50 15 14 47 18 35 42 38 36 44 5 45 
50 24 13 18 43 44 37 40 2 26 42 34 16 3 21 12 19 7 4 39 29 36 15 14 48 28 30 23 47 9 27 49 22 25 8 6 17 35 46 10 45 50 1 33 41 11 20 32 38 31 5 
50 25 50 14 42 26 9 2 16 27 44 33 47 28 32 23 43 21 40 41 8 5 35 31 48 19 49 15 13 6 37 17 10 22 18 1 3 4 34 46 38 30 45 39 7 24 29 36 11 20 12 
50 45 27 50 2 41 31 9 33 17 4 39 22 21 36 10 25 37 38 1 13 30 46 11 24 32 48 29 42 6 3 15 23 44 40 35 19 28 14 34 47 43 20 49 8 16 26 7 5 12 18 
50 20 25 11 38 36 45 17 7 41 22 34 29 13 32 48 6 42 35 2 27 26 10 30 16 9 18 1 50 8 33 5 15 47 23 40 24 12 49 14 28 19 31 21 44 4 37 46 3 43 39 
50 18 5 40 34 12 32 33 49 42 27 16 36 46 19 21 20 39 8 30 6 37 13 2 28 50 43 22 48 7 41 9 44 29 17 11 1 35 38 26 24 15 45 25 3 23 4 31 14 10 47 
50 6 8 33 22 19 37 18 16 10 15 11 46 32 50 12 41 30 3 49 27 25 26 1 48 45 14 31 36 44 9 28 23 29 13 24 4 17 43 20 2 39 5 40 35 7 42 34 38 21 47 
50 2 15 46 31 40 41 50 39 32 22 7 20 4 12 13 43 25 5 18 48 35 49 10 23 14 17 37 24 19 27 45 3 6 42 36 16 47 21 38 8 9 44 1 11 28 30 26 33 34 29 
50 4 42 9 32 36 17 48 1 31 40 39 2 19 49 45 11 21 12 16 37 50 3 29 26 14 47 41 44 27 8 7 22 34 15 10 43 5 18 30 23 20 25 46 33 13 24 28 38 35 6 
50 30 42 20 21 29 25 37 47 2 32 3 38 36 43 9 7 18 40 1 33 44 50 5 13 8 41 35 6 28 14 45 16 10 11 15 4 26 34 49 31 12 46 24 48 23 22 39 17 19 27 
50 47 18 34 9 46 10 24 29 8 12 42 45 15 31 17 49 40 11 3 5 2 36 7 25 44 22 33 35 27 38 30 39 19 16 32 50 4 14 48 28 37 23 1 21 20 26 41 43 6 13 
50 25 10 18 30 39 27 41 8 20 36 45 4 49 23 26 37 28 15 33 3 46 12 5 9 14 32 38 43 11 29 48 34 42 44 47 7 40 17 6 2 19 50 31 1 24 16 22 35 21 13 
50 49 16 24 40 22 39 37 47 7 48 19 35 25 8 4 21 32 14 33 41 5 28 43 31 30 1 3 50 44 42 46 45 10 20 12 17 29 27 38 23 2 9 15 13 6 11 18 34 26 36 
50 47 27 18 42 1 7 36 46 43 14 20 50 16 31 30 29 26 28 45 8 11 2 12 33 40 3 19 15 5 39 49 44 37 34 24 13 48 25 32 41 22 17 21 6 35 10 38 9 4 23 
50 1 50 26 12 42 40 8 30 17 11 6 49 25 46 48 20 9 4 38 5 22 27 19 29 39 35 10 31 3 23 7 24 41 34 28 33 32 37 43 21 2 45 36 14 47 44 13 18 15 16 
50 2 32 5 1 39 27 50 15 26 8 4 25 48 18 33 35 28 13 12 24 45 10 20 46 44 6 19 16 14 34 47 23 22 7 43 41 3 37 29 40 49 11 9 31 36 38 17 30 21 42 
50 46 48 24 25 35 6 34 2 50 31 41 28 47 49 16 15 13 39 44 14 22 19 45 38 17 7 36 42 1 11 30 23 33 29 3 37 5 43 9 12 8 20 4 26 40 18 21 10 32 27 
50 6 36 22 1 18 38 24 39 17 37 47 9 27 48 43 31 49 3 23 41 5 20 8 10 42 45 14 33 28 11 25 30 19 40 13 34 15 7 21 46 29 26 35 12 32 44 2 4 50 16 
50 41 4 14 26 27 49 16 13 43 31 45 44 18 33 38 6 32 3 35 19 11 29 46 24 20 10 28 1 22 50 23 12 9 25 15 36 17 47 21 48 2 34 39 5 7 42 8 40 30 37 
50 19 48 47 43 21 29 50 27 1 25 15 46 39 37 32 26 23 24 28 13 7 45 6 33 36 40 20 42 41 3 16 17 8 49 38 18 10 34 12 4 30 5 11 31 44 22 9 14 35 2 
50 12 45 46 6 21 40 33 47 9 22 13 20 39 32 17 37 19 50 36 15 7 41 11 30 18 31 2 48 35 28 25 23 49 24 3 1 27 16 38 29 42 5 44 4 26 10 43 34 14 8 
50 32 34 30 8 29 1 15 19 47 43 36 5 11 24 45 10 21 31 3 20 42 26 17 4 49 37 40 48 2 33 50 27 9 25 13 18 44 12 23 6 28 41 7 16 39 35 22 46 14 38 
50 13 33 26 32 5 37 7 34 9 20 35 29 4 2 42 18 3 40 41 10 25 28 46 27 36 1 38 48 24 43 49 8 12 11 31 17 47 14 50 22 44 23 21 6 16 30 15 45 39 19 
50 42 32 11 50 12 21 30 36 41 3 45 47 1 28 9 24 19 15 46 25 18 39 8 23 49 34 7 48 37 40 6 29 31 17 27 38 26 43 33 22 5 20 2 35 16 10 14 13 44 4 
50 22 29 36 45 49 40 28 13 9 39 23 16 12 42 18 10 24 46 32 44 47 31 5 33 19 41 11 38 14 26 3 6 37 7 2 25 48 43 30 15 1 20 50 27 17 8 34 21 4 35 
50 16 7 46 15 27 30 47 29 35 21 24 2 48 26 42 20 6 13 18 17 5 9 44 1 45 34 8 50 41 39 4 3 33 10 43 12 28 14 19 25 22 37 23 36 49 31 11 38 40 32 
50 18 6 17 22 45 28 47 44 38 49 9 19 46 27 26 36 15 31 48 35 21 13 2 1 43 37 3 29 12 20 8 7 14 42 5 40 39 10 16 30 50 24 25 33 11 23 32 41 4 34 
50 34 5 4 29 6 38 3 19 10 9 1 31 37 8 43 16 18 23 22 2 11 15 49 32 50 48 21 17 39 14 12 42 26 28 45 35 40 25 33 47 24 27 36 41 13 44 30 46 7 20 
50 18 11 43 45 36 34 40 9 20 49 25 38 47 44 2 8 3 37 22 28 13 14 26 31 1 4 30 21 46 50 33 23 19 7 12 10 24 29 39 17 42 6 41 48 15 32 35 16 27 5 
50 6 26 21 49 17 29 36 13 24 27 10 34 23 16 31 3 22 32 5 2 19 7 20 37 28 50 11 1 12 14 39 4 38 41 30 46 48 44 42 33 25 47 35 8 18 9 43 15 45 40 
50 27 29 23 10 30 14 18 43 34 13 6 24 25 26 50 2 41 32 4 11 40 5 37 22 39 33 45 46 9 19 48 3 8 35 38 47 36 1 28 42 21 44 49 20 17 7 31 16 12 15 
50 30 31 37 14 44 12 20 27 2 43 7 25 16 28 39 45 5 19 8 29 32 22 4 15 17 26 9 24 47 49 35 10 6 23 34 46 41 36 3 18 48 13 40 50 38 1 33 21 11 42 
50 29 14 20 27 34 38 40 42 17 1 22 50 41 23 18 19 37 28 16 26 24 11 10 47 3 2 49 44 15 36 45 35 43 21 4 32 9 30 46 31 6 12 8 13 5 39 25 48 7 33 
50 37 32 34 20 42 44 6 7 25 13 1 23 29 8 4 16 24 33 49 21 40 28 31 14 15 26 45 17 5 36 3 2 27 19 22 47 12 9 18 38 30 48 11 43 46 10 41 39 35 50 
50 4 29 38 16 32 21 8 12 23 37 34 2 43 41 17 47 39 19 25 7 28 44 50 1 9 15 13 42 46 22 49 14 30 11 33 31 5 48 26 20 6 27 36 24 3 40 18 10 45 35 
50 43 10 33 27 30 16 35 31 14 46 38 18 44 47 23 4 34 32 5 15 3 22 2 49 1 13 29 21 24 45 7 17 19 25 50 9 36 6 39 8 37 28 40 11 41 48 12 26 20 42 
50 18 17 35 24 47 1 4 19 38 34 27 33 7 36 48 14 2 8 42 15 41 44 45 20 23 13 40 39 26 49 16 11 6 32 10 46 21 25 30 28 43 3 22 29 12 31 50 37 9 5 
50 43 8 7 12 32 34 44 23 20 27 13 10 22 30 36 49 16 45 40 3 6 41 18 17 19 26 33 46 5 15 21 25 4 50 35 38 47 42 29 11 2 24 14 1 9 39 28 48 31 37 
50 23 13 34 4 29 19 18 9 42 10 49 50 30 39 20 21 36 5 24 16 7 11 46 15 25 43 17 28 41 38 27 22 48 2 33 6 3 44 45 26 8 35 40 47 1 14 31 12 32 37 
50 3 33 18 43 23 30 25 27 20 50 19 15 41 14 9 35 32 45 13 36 42 34 11 4 10 8 24 17 46 1 47 2 37 26 44 40 39 21 22 29 12 38 6 16 31 49 7 5 28 48 
50 39 38 24 7 33 11 29 22 14 49 46 23 13 10 43 5 15 21 9 50 26 36 19 37 42 3 6 28 25 32 17 40 18 41 27 35 48 4 30 16 8 34 12 45 1 20 31 2 44 47 
50 38 31 19 28 9 44 50 7 4 25 43 6 10 3 34 20 21 33 8 17 36 23 40 13 49 35 42 46 37 15 18 22 5 39 32 14 11 1 30 24 27 29 12 45 48 26 41 2 47 16 
50 23 36 9 45 47 50 26 15 14 38 16 7 19 8 40 11 31 44 41 3 49 24 46 25 39 2 22 21 10 37 18 43 1 5 13 6 12 48 42 34 35 28 30 4 32 17 27 20 33 29 
50 46 22 18 29 9 39 35 2 14 28 34 11 17 19 25 37 47 43 6 42 4 16 21 12 45 3 41 13 1 10 15 32 23 26 5 7 50 8 36 44 30 40 49 33 24 20 38 27 48 31 
50 36 43 4 40 19 15 11 3 38 50 31 45 23 1 13 14 16 2 30 18 20 35 42 34 27 21 44 22 6 32 37 25 48 12 39 24 8 49 29 28 46 26 9 33 17 47 10 5 7 41 
50 11 30 38 37 24 49 19 6 17 28 26 41 16 50 5 23 10 15 27 18 44 25 36 12 4 14 33 1 35 45 46 3 13 43 20 8 34 42 39 29 32 22 2 31 48 9 21 7 47 40 
50 22 12 11 41 38 45 15 37 2 33 13 21 1 47 3 34 50 8 46 24 16 19 25 48 5 39 26 9 32 30 40 14 20 23 36 27 42 29 28 4 43 10 31 44 6 18 7 49 17 35 
50 18 44 40 23 2 20 13 14 49 45 1 26 37 35 25 32 7 24 31 29 33 4 17 16 47 34 39 50 43 27 9 46 8 22 10 11 28 36 3 19 41 42 5 30 48 12 38 15 21 6 
50 3 17 22 11 25 46 47 42 16 1 38 27 41 32 49 35 50 8 45 36 26 33 6 43 7 31 20 13 30 29 24 9 21 34 40 37 5 19 44 12 15 48 4 2 28 18 23 10 14 39 
50 44 18 31 36 27 46 33 41 34 25 20 10 38 17 28 16 3 24 50 39 7 21 15 8 5 23 45 48 43 47 19 37 42 49 32 2 12 1 22 6 13 29 14 11 9 4 35 30 40 26 
50 28 50 32 25 49 11 30 26 8 20 47 34 21 4 35 42 36 41 12 14 7 1 9 22 29 3 18 45 46 17 31 24 37 27 6 33 16 19 10 48 2 38 40 23 5 44 39 43 15 13 
50 9 34 38 26 39 24 4 14 40 10 27 42 13 25 35 18 17 5 19 11 30 36 6 22 12 8 37 32 7 48 21 23 47 20 3 49 45 15 43 29 31 41 2 16 28 1 46 44 33 50 
50 50 4 28 30 44 16 32 49 26 43 6 20 34 1 21 42 19 15 24 35 29 46 17 36 5 18 8 48 25 10 7 23 9 11 38 39 31 47 33 14 41 22 37 45 40 2 3 13 12 27 
50 4 50 13 7 24 8 16 20 3 32 27 43 2 29 23 5 45 28 9 10 37 25 14 17 33 48 30 41 12 39 18 36 21 40 31 47 19 34 26 38 1 22 15 49 35 6 44 11 46 42 
50 25 27 10 34 20 16 17 41 33 45 47 38 7 14 42 50 22 26 8 15 49 5 18 29 21 43 30 6 46 48 1 13 40 19 4 11 9 23 44 12 28 32 3 35 2 37 31 24 36 39 
50 17 23 38 35 21 5 26 20 30 7 8 50 33 49 45 15 16 27 14 31 19 24 43 10 18 22 42 12 47 1 11 6 28 29 41 4 48 40 46 3 37 25 34 13 36 32 39 9 44 2 
50 36 9 46 8 30 48 27 19 16 4 1 26 45 29 33 3 38 10 21 28 18 35 7 42 43 11 15 14 23 47 12 41 13 5 20 49 22 24 2 34 6 44 31 40 17 37 39 50 25 32 
50 38 28 7 29 9 25 40 36 3 26 30 21 32 35 17 50 23 1 42 49 46 6 20 43 13 44 48 18 15 37 10 19 16 2 11 31 22 5 47 41 33 4 8 39 34 12 27 45 14 24 
50 33 24 7 9 32 3 43 29 45 6 48 50 34 23 18 35 26 13 11 5 1 38 42 20 10 40 39 46 47 14 31 28 15 21 12 41 44 4 2 49 36 22 25 16 37 8 30 17 27 19 
50 34 30 11 49 1 45 13 33 17 26 39 8 21 46 22 40 18 16 12 14 2 29 24 50 36 6 37 35 15 7 4 38 9 48 43 10 20 19 31 25 5 23 47 42 28 32 44 3 27 41 
50 4 9 18 41 48 14 31 33 22 23 34 7 28 43 32 15 37 30 10 3 16 27 26 25 19 29 47 35 21 49 13 36 50 11 46 38 42 12 44 20 8 17 39 1 5 24 2 45 40 6 
50 46 34 3 24 41 15 44 2 22 50 29 4 14 45 20 40 28 27 5 49 7 16 9 47 36 31 12 10 32 35 8 25 26 23 42 48 30 1 39 17 6 38 21 33 11 43 19 13 37 18 
50 32 6 3 34 39 21 30 48 50 2 10 35 14 17 12 16 9 45 31 11 24 46 7 8 18 27 20 28 37 36 25 19 15 33 43 29 13 49 44 5 1 26 47 4 23 38 41 22 42 40 
50 42 22 25 11 23 50 18 33 30 5 2 12 4 45 28 7 14 16 48 29 46 19 49 39 31 1 34 9 3 24 10 36 38 6 13 17 40 35 37 20 26 43 32 15 44 27 41 8 47 21 
50 23 5 10 27 31 4 47 24 43 48 14 17 11 46 45 44 3 42 16 2 32 26 33 38 41 37 19 15 30 20 39 9 35 21 36 18 8 7 13 40 28 29 34 22 12 6 50 1 25 49 
50 13 31 30 29 39 5 22 17 11 32 26 42 41 34 36 9 45 38 28 24 35 21 6 15 10 16 27 50 48 1 25 20 7 18 19 49 46 44 23 37 12 40 14 47 2 33 43 8 3 4 
50 48 29 39 28 33 34 49 41 6 25 22 47 35 24 7 13 36 40 26 43 17 8 27 45 20 14 9 16 42 2 23 5 44 50 21 12 3 19 18 31 30 11 1 15 37 46 32 10 38 4 
50 5 40 16 26 28 24 2 1 15 33 30 6 27 48 46 38 45 25 43 21 20 18 50 39 36 42 32 22 4 31 37 49 47 13 14 7 44 23 12 3 8 29 9 41 35 11 34 17 10 19 
50 37 7 33 19 50 17 47 18 25 41 3 13 32 38 14 44 8 48 9 40 27 24 26 12 5 20 34 28 21 42 35 29 22 15 49 43 39 6 23 45 31 30 1 11 10 16 4 2 36 46 
50 23 26 18 39 48 7 42 13 28 33 24 20 40 47 19 49 9 44 31 16 43 35 1 5 29 46 10 8 14 4 17 2 21 27 37 25 38 36 15 3 50 12 11 22 34 30 41 6 32 45 
50 48 12 34 32 41 14 50 39 17 40 47 8 21 16 38 11 44 4 24 26 37 5 46 19 20 7 49 28 10 2 3 33 13 22 6 18 9 31 29 43 23 45 36 1 35 30 42 15 25 27 
50 15 13 10 16 42 8 9 24 21 26 19 20 33 23 44 4 29 37 36 6 45 35 47 5 3 48 25 34 31 18 1 39 11 32 7 12 50 40 22 17 41 14 27 28 2 38 30 49 46 43 
