50
50 7 20 38 10 40 1 29 37 24 18 4 13 17 27 48 32 25 21 14 41 35 47 44 39 36 6 9 45 33 28 26 34 50 49 42 11 16 15 12 8 3 46 5 19 2 22 31 43 23 30 
50 34 11 38 37 42 44 30 12 49 31 20 10 47 21 39 6 3 27 26 48 25 33 28 41 16 19 18 17 7 23 13 1 8 46 22 29 4 5 15 24 35 40 2 36 14 43 32 9 45 50 
50 47 43 42 19 8 5 37 48 3 9 44 24 31 28 34 49 21 40 20 50 6 45 30 38 17 7 27 1 14 26 46 33 16 10 4 12 25 29 11 32 39 41 13 23 15 36 2 35 18 22 
50 31 15 22 33 49 30 13 39 40 26 24 46 34 42 47 25 19 50 2 27 1 7 36 18 28 41 4 38 35 32 14 45 5 16 10 9 17 3 11 29 23 37 20 44 8 6 21 43 12 48 
50 22 4 32 37 9 38 29 46 28 31 43 21 24 1 40 19 11 12 26 13 42 7 33 49 27 6 41 44 2 30 45 50 14 36 10 39 34 15 16 5 47 48 3 35 25 23 17 18 8 20 
50 35 47 27 5 33 24 13 34 17 19 11 39 4 32 29 49 44 1 37 42 25 8 40 16 36 31 50 10 6 41 22 9 45 21 46 3 20 26 14 48 15 12 30 38 23 28 18 7 43 2 
50 28 15 4 25 41 44 45 39 31 24 38 11 1 48 23 17 22 33 36 42 21 27 49 2 18 32 26 6 30 35 7 16 13 3 10 50 40 19 34 20 12 47 29 43 5 14 9 37 8 46 
50 17 40 47 10 49 5 50 26 35 36 11 24 31 43 3 27 21 34 39 37 22 25 33 16 15 1 20 45 6 9 23 18 13 42 46 32 29 44 28 12 8 41 30 7 38 48 14 19 4 2 
50 44 46 31 36 18 42 6 23 8 3 13 45 21 10 28 17 25 40 22 38 43 49 37 4 34 5 48 11 30 24 35 32 7 50 15 1 26 2 47 19 14 16 29 27 9 12 39 33 20 41 
50 10 19 2 32 49 25 11 21 17 36 4 47 15 7 48 18 29 43 45 14 6 27 31 12 8 37 35 3 46 33 22 38 24 40 34 1 26 30 50 41 20 44 16 39 5 28 23 42 13 9 
50 23 11 15 10 44 28 36 19 7 43 25 21 35 39 13 49 3 45 17 40 41 1 33 2 32 5 47 38 14 16 46 12 6 27 26 8 9 30 48 50 37 18 20 29 31 4 42 22 24 34 
50 32 16 45 37 21 8 3 43 10 44 46 19 17 11 18 49 22 2 42 14 24 27 41 33 31 12 48 40 1 28 30 34 50 13 4 15 38 23 9 29 7 47 6 20 25 36 35 5 26 39 
50 38 41 2 21 32 6 9 16 36 39 49 25 5 46 22 34 14 13 3 24 29 35 10 1 19 48 12 45 47 8 28 7 17 33 26 18 50 31 37 20 43 27 44 15 40 23 4 42 30 11 
50 29 44 3 48 42 15 18 37 43 24 35 27 11 47 23 1 32 41 45 10 17 5 9 20 30 38 46 16 40 31 36 12 26 39 33 14 7 34 22 4 13 6 25 28 21 50 49 19 8 2 
50 40 36 12 35 9 6 27 15 29 13 39 30 33 44 23 43 49 5 50 20 37 22 38 34 2 4 42 28 8 24 18 16 14 1 32 26 10 7 48 11 17 25 3 21 41 31 47 45 46 19 
50 6 47 45 11 38 22 44 7 1 43 46 3 28 41 21 9 13 36 10 49 2 40 39 5 30 32 31 25 12 17 27 37 33 20 23 15 42 4 34 14 16 50 48 8 24 29 35 18 26 19 
50 16 20 1 9 33 32 13 30 21 28 49 45 38 10 29 40 37 2 5 27 46 18 36 7 19 43 26 42 12 6 41 8 35 14 25 44 50 4 3 15 24 39 23 34 31 48 47 11 17 22 
50 1 48 12 3 11 40 23 37 18 21 34 15 4 36 38 19 41 28 43 20 29 6 46 27 49 7 30 35 32 9 39 33 47 24 26 10 17 42 45 44 14 5 25 50 13 2 31 16 22 8 
50 36 16 22 21 11 49 43 30 24 3 26 27 10 32 17 48 19 40 18 50 20 14 35 46 29 33 31 13 44 7 41 6 9 4 28 34 8 15 5 1 12 39 37 23 47 25 38 42 45 2 
50 2 36 28 4 1 38 46 42 43 6 24 7 8 23 10 48 3 49 19 27 47 5 26 25 12 31 21 9 39 14 33 18 34 50 22 45 41 11 20 37 15 40 29 44 13 30 35 17 16 32 
50 22 44 6 10 7 41 39 1 18 2 26 8 16 48 29 19 50 49 43 27 42 17 11 34 47 4 37 31 12 5 28 3 23 32 30 25 15 40 24 38 36 9 46 14 21 33 35 45 13 20 
50 3 45 39 25 11 40 43 37 28 12 15 17 16 9 46 29 22 6 26 14 7 2 36 48 8 35 30 10 49 24 50 44 19 18 5 13 20 27 4 21 38 47 1 32 23 42 31 41 34 33 
50 22 3 46 15 44 12 7 41 35 1 48 26 25 5 47 42 20 49 11 31 37 27 14 21 23 16 29 4 18 9 33 17 39 19 13 8 10 40 28 45 50 24 32 2 34 30 36 6 43 38 
50 46 12 23 43 11 37 24 26 28 27 40 36 2 4 6 19 42 8 16 13 1 49 15 50 18 35 3 39 33 5 41 22 10 38 29 20 45 31 17 9 25 44 21 32 30 47 48 14 7 34 
50 46 17 39 14 3 1 35 25 43 19 15 31 37 5 10 16 36 2 34 29 33 27 40 26 41 12 38 47 45 22 44 42 21 28 50 20 18 4 13 48 49 32 24 9 11 8 6 23 7 30 
50 49 15 4 9 44 41 24 47 28 16 31 27 21 40 17 10 6 7 3 30 19 34 42 23 46 43 8 2 18 13 35 38 26 39 45 33 37 12 20 25 11 22 50 1 5 14 29 32 48 36 
50 48 23 29 39 36 13 30 5 27 3 18 20 45 10 25 46 9 37 17 1 16 49 11 4 21 12 24 7 8 47 19 43 42 35 50 41 38 15 40 14 31 34 2 28 44 26 32 22 33 6 
50 7 44 46 19 40 20 18 41 13 23 32 45 3 38 8 47 12 22 37 16 43 27 33 49 1 29 24 34 10 17 35 6 36 48 42 9 26 4 28 11 39 21 31 50 25 14 5 30 15 2 
50 49 21 16 15 17 18 4 32 23 41 1 35 6 47 14 7 40 34 46 25 5 42 31 29 10 50 28 26 13 39 3 9 36 8 48 43 22 33 45 12 19 44 20 24 37 27 38 30 11 2 
50 6 23 20 15 48 1 36 8 4 49 42 38 44 39 7 21 37 32 12 26 31 50 9 45 25 22 2 35 11 28 3 30 27 19 24 47 34 29 17 13 40 41 18 16 43 46 33 14 5 10 
50 35 2 1 9 32 33 23 40 11 27 36 30 25 15 3 41 12 4 6 22 48 46 34 50 16 13 49 42 21 10 14 38 18 19 8 24 28 37 20 26 17 31 7 44 45 47 29 39 5 43 
50 36 50 48 2 1 4 23 14 37 18 11 44 47 26 46 40 42 22 34 38 20 10 8 15 35 16 41 7 9 27 19 3 31 17 29 28 6 13 39 33 25 5 43 32 21 30 24 45 49 12 
50 22 41 11 38 44 33 28 35 12 39 13 10 21 45 19 30 31 50 18 27 7 43 48 23 29 46 8 24 40 6 5 42 17 26 2 3 25 20 37 34 1 4 36 15 32 47 14 9 49 16 
50 27 13 43 4 2 24 25 35 29 50 47 36 32 22 23 18 10 5 7 19 38 1 12 34 49 41 37 11 21 28 3 48 44 9 33 45 20 46 16 30 39 14 40 17 26 15 42 8 31 6 
50 39 5 16 46 36 23 37 50 30 45 24 21 40 25 1 26 49 48 7 29 15 33 35 31 8 10 27 42 19 34 20 3 6 22 32 2 13 11 18 4 28 12 41 17 47 43 14 9 44 38 
50 18 4 30 45 8 50 48 32 16 27 1 19 7 11 49 9 17 35 41 26 40 47 6 34 33 20 15 25 21 10 3 44 2 46 23 28 36 13 43 38 37 24 12 5 42 31 14 39 22 29 
50 6 49 24 14 42 36 1 50 17 38 33 37 44 4 22 30 43 20 12 15 7 9 11 3 31 34 29 19 23 48 46 27 35 10 45 18 5 25 16 41 8 26 28 39 2 40 21 47 13 32 
50 27 25 49 14 3 37 8 1 34 41 48 11 36 23 30 2 35 24 39 29 40 5 28 31 13 42 22 9 12 10 21 38 47 18 46 16 43 50 7 32 6 19 45 15 44 33 4 20 17 26 
50 14 8 27 18 41 15 42 44 23 40 34 47 19 26 36 6 9 25 39 20 46 29 38 11 50 24 4 33 17 22 21 1 31 30 7 43 28 45 37 12 5 13 48 32 16 2 10 49 3 35 
50 9 38 49 40 33 13 36 19 46 11 43 32 6 8 2 28 47 1 25 48 3 7 44 24 17 14 18 21 12 16 23 50 35 30 42 41 34 26 29 37 27 15 22 45 39 5 10 20 4 31 
50 2 31 8 45 15 32 48 36 28 34 24 17 33 16 9 6 12 44 37 26 47 21 43 49 30 29 18 20 42 7 40 5 35 39 4 3 19 11 22 41 23 27 46 14 1 10 25 50 13 38 
50 4 22 3 46 50 26 28 13 7 2 10 36 31 45 47 32 9 11 21 16 8 48 33 25 44 43 19 24 14 20 1 35 6 27 34 40 49 29 37 12 17 39 30 5 41 42 18 38 23 15 
50 36 5 47 14 1 8 17 21 19 4 38 49 46 43 10 32 44 2 29 34 28 13 33 18 9 50 3 20 15 12 37 25 42 11 26 35 22 16 48 24 23 6 30 41 40 31 39 7 45 27 
50 2 12 46 36 10 48 3 27 31 29 9 8 16 22 11 7 20 30 41 28 13 5 50 37 1 43 25 44 23 21 15 33 40 38 14 34 32 39 6 19 35 47 49 26 45 18 4 17 42 24 
50 43 42 12 47 36 1 15 6 4 46 23 37 35 19 44 50 49 38 18 27 22 21 2 13 14 11 3 31 17 41 20 39 28 16 7 5 30 45 24 9 29 10 34 25 33 8 48 40 32 26 
50 1 47 44 22 46 18 15 35 40 36 14 26 7 49 30 34 10 11 19 9 6 28 29 21 37 43 38 39 16 33 24 23 13 5 45 17 4 20 50 8 48 2 41 27 12 32 3 42 25 31 
50 49 34 25 3 33 4 45 38 48 23 21 30 26 20 1 24 2 40 14 10 15 6 12 11 22 9 46 19 43 29 5 32 7 44 39 31 37 16 36 13 50 27 28 8 18 42 35 17 47 41 
50 26 35 17 3 21 11 48 31 15 44 42 45 10 39 32 12 37 16 23 2 19 46 30 43 36 28 14 38 13 34 40 20 5 47 41 49 1 33 50 4 9 25 18 27 6 24 7 22 8 29 
50 6 18 28 12 46 33 10 27 43 13 4 16 42 36 40 5 9 48 41 30 50 35 34 21 26 11 44 49 38 15 31 17 24 23 39 2 37 19 1 45 47 22 14 8 3 20 7 32 29 25 
50 11 30 12 33 27 19 21 4 22 49 40 17 42 31 5 50 45 8 10 39 3 15 14 29 36 47 38 35 7 6 46 26 37 32 48 43 16 20 9 34 24 18 2 28 25 44 23 13 1 41 
50 12 39 5 28 21 41 6 1 46 30 7 36 48 24 49 13 37 14 22 27 3 43 47 20 10 25 18 34 50 23 11 2 19 17 42 8 44 9 32 40 31 26 33 35 29 4 45 38 16 15 
50 4 35 45 10 6 21 17 48 37 46 1 13 23 49 28 3 31 30 39 5 18 42 22 11 19 25 33 16 8 50 14 43 12 7 40 47 44 27 29 20 38 24 2 15 34 26 32 36 9 41 
50 8 18 26 14 38 19 31 10 42 46 5 33 50 49 2 30 13 40 20 16 28 9 36 12 23 15 7 17 43 22 11 1 25 27 29 48 47 35 32 41 44 24 39 45 37 3 21 4 34 6 
50 27 38 46 50 49 41 16 22 18 37 15 2 23 21 24 6 5 7 47 48 39 29 28 30 40 9 42 25 13 44 3 43 36 26 19 10 35 4 1 12 45 33 34 11 20 17 8 32 31 14 
50 23 34 26 38 1 21 6 30 36 8 42 29 32 46 27 44 33 12 28 15 25 17 48 49 5 39 35 18 40 43 31 3 2 41 20 45 37 24 4 9 50 7 16 14 13 10 47 11 19 22 
50 25 22 1 47 33 6 35 28 27 39 11 44 36 34 45 23 24 46 41 14 13 8 37 10 32 31 21 29 43 50 7 26 40 48 30 42 9 20 19 12 38 18 17 49 2 5 3 4 16 15 
50 33 15 1 48 23 50 47 37 21 39 27 31 34 7 42 16 2 8 28 35 12 41 24 13 29 25 46 11 19 14 36 3 6 38 43 4 45 10 44 5 40 20 17 26 9 49 18 30 22 32 
50 10 45 4 20 11 43 9 28 3 15 46 36 16 25 32 7 31 12 38 6 44 34 5 49 27 29 37 21 47 8 26 39 35 19 42 50 14 18 22 24 17 48 1 2 30 23 13 33 40 41 
50 13 41 22 11 8 5 15 14 9 39 33 4 27 38 10 6 46 7 17 21 32 20 34 3 43 36 31 48 2 37 30 50 18 16 40 42 25 1 12 44 29 28 19 26 45 35 49 23 47 24 
50 11 5 10 28 25 23 41 24 38 30 21 47 42 35 2 43 8 37 48 1 16 44 17 50 18 9 36 3 29 34 13 15 32 7 26 49 39 45 27 19 20 4 33 14 31 46 40 6 22 12 
50 44 16 46 13 33 8 50 24 39 47 4 40 37 18 36 41 21 7 49 38 12 2 14 5 48 34 10 43 3 6 27 35 31 42 26 15 30 45 22 9 17 25 11 20 19 32 23 28 1 29 
50 32 2 34 37 6 18 3 13 47 45 11 9 8 28 7 12 41 4 39 29 24 33 26 14 38 10 30 49 17 22 27 25 50 20 43 15 48 23 36 42 46 1 31 19 21 44 40 35 16 5 
50 40 1 25 47 10 43 5 18 17 9 15 8 30 45 41 2 23 39 37 21 38 11 33 27 19 20 36 22 7 13 29 34 16 46 48 44 4 42 6 14 3 32 24 50 26 35 28 49 12 31 
50 8 48 44 40 25 4 28 24 34 43 23 38 19 5 3 30 39 35 10 42 6 36 18 1 37 14 15 16 29 7 9 27 17 47 41 49 11 22 20 13 12 46 50 31 21 33 32 2 45 26 
50 6 30 9 21 26 7 28 5 16 23 35 4 11 25 39 20 42 50 34 32 13 8 33 36 12 49 14 19 18 47 22 3 29 48 44 41 38 2 15 45 27 10 43 17 24 40 46 31 37 1 
50 13 46 17 36 23 21 12 29 30 39 1 22 28 43 35 26 11 45 32 9 40 47 8 4 6 16 25 50 14 42 27 33 37 41 34 20 7 44 5 48 15 2 19 31 3 10 38 18 49 24 
50 46 27 35 2 42 31 49 26 14 17 21 43 39 5 38 41 10 23 22 36 8 12 16 47 1 24 15 44 50 13 40 37 3 34 19 20 28 48 7 29 45 32 6 18 25 11 33 9 4 30 
50 27 36 31 15 35 44 6 43 11 28 46 3 34 50 33 7 49 48 21 2 22 12 24 40 17 32 19 45 37 10 39 1 30 25 29 9 13 4 42 26 41 38 18 8 23 16 14 5 20 47 
50 37 35 30 42 38 12 20 4 50 19 27 22 21 41 34 29 14 32 36 33 2 23 5 1 39 17 11 15 45 44 26 43 47 9 8 10 16 18 46 25 13 6 48 3 28 40 49 7 24 31 
50 41 29 23 10 18 20 27 3 34 15 22 16 4 31 50 6 37 48 39 25 42 45 2 47 32 28 43 38 11 40 33 9 5 46 49 30 35 26 36 21 24 19 17 13 12 7 44 8 1 14 
50 22 50 28 6 13 8 18 49 21 16 43 46 4 27 1 9 32 30 33 45 5 20 15 3 11 35 24 48 38 19 26 25 12 42 41 36 17 44 47 7 29 10 14 37 31 34 2 40 23 39 
50 14 35 33 7 47 27 18 48 15 43 16 21 4 28 23 49 42 31 2 12 46 37 13 32 11 10 25 17 5 34 9 3 20 30 29 39 24 1 44 45 41 36 6 26 40 50 19 22 38 8 
50 38 2 20 12 26 39 21 17 49 32 23 9 28 1 50 41 5 33 11 29 15 47 35 19 24 16 34 31 18 10 8 4 3 40 6 36 30 25 27 45 14 43 37 42 48 7 46 44 13 22 
50 4 49 10 19 12 6 7 13 1 11 26 47 2 21 23 30 20 9 15 27 31 17 24 29 46 3 18 14 44 42 48 35 25 40 43 32 33 22 34 50 45 8 39 28 16 38 41 5 37 36 
50 45 43 13 48 22 35 49 42 11 46 41 5 47 4 23 24 21 36 7 44 15 37 50 1 3 17 8 27 39 25 32 34 38 16 18 33 10 12 26 14 19 29 20 28 9 40 31 6 30 2 
50 12 10 49 19 39 24 29 42 40 7 15 33 9 43 45 26 22 23 1 37 14 47 11 34 30 41 8 20 35 2 38 28 5 3 48 21 18 27 36 31 44 50 32 16 13 17 46 4 25 6 
50 34 38 8 48 36 7 43 6 21 22 45 49 12 39 2 20 5 44 27 4 31 32 25 40 13 41 47 16 35 19 50 14 24 15 9 33 30 18 37 11 23 17 46 1 42 3 28 10 26 29 
50 33 37 43 18 46 49 5 3 15 50 35 47 26 48 29 4 13 23 17 39 40 2 27 8 16 1 19 21 11 6 45 34 7 32 42 14 38 41 36 12 28 44 10 25 30 20 9 31 24 22 
50 26 10 35 24 29 28 20 4 6 44 19 25 31 43 45 27 7 46 42 12 41 33 39 8 1 47 30 13 37 23 18 21 36 3 14 34 50 40 9 49 16 48 17 5 32 38 11 22 15 2 
50 42 6 37 31 20 4 23 25 45 16 27 36 18 50 21 46 41 10 49 5 47 1 30 44 29 28 24 9 33 40 48 11 32 3 35 43 7 13 22 15 26 19 14 8 12 2 38 34 39 17 
50 35 24 40 47 10 38 11 46 3 20 27 50 16 43 37 30 14 26 33 7 42 17 28 9 41 21 6 5 34 39 15 19 18 45 22 49 32 12 31 36 25 4 48 23 29 13 1 8 44 2 
50 44 25 3 13 4 1 22 12 32 26 34 8 38 31 6 11 10 14 42 36 37 9 20 48 50 35 28 18 19 2 15 39 45 30 29 46 16 47 40 21 49 5 41 27 43 33 24 7 17 23 
50 12 17 35 10 14 11 9 4 41 30 50 47 23 37 20 45 29 46 5 43 38 39 21 19 25 7 33 44 15 6 16 32 1 26 24 34 42 2 49 27 18 13 31 3 28 8 40 22 48 36 
50 45 39 35 20 7 34 1 4 26 21 41 47 44 15 38 12 2 9 40 17 30 46 6 28 23 3 25 11 10 36 27 43 37 50 24 8 18 5 22 19 13 49 42 32 31 48 14 29 33 16 
50 2 43 42 36 19 32 4 14 34 22 41 23 25 28 35 5 37 1 9 6 8 24 21 10 27 17 39 16 29 7 15 26 18 50 30 48 12 40 46 13 45 31 20 49 11 3 44 33 47 38 
50 14 21 47 33 9 19 11 2 50 30 32 45 34 17 46 15 36 12 40 25 37 29 24 35 1 31 3 28 38 13 22 49 4 44 7 39 16 41 20 18 8 23 26 48 6 10 43 27 5 42 
50 49 19 33 20 26 36 24 44 41 40 30 6 45 15 50 43 9 46 5 10 2 17 7 42 29 32 1 3 28 37 23 22 18 12 39 14 27 35 11 48 31 47 8 16 13 38 25 21 34 4 
50 21 49 44 50 33 2 23 4 16 35 32 27 36 9 30 37 19 5 6 48 42 28 11 39 41 25 22 12 46 17 26 40 24 14 18 10 20 3 29 38 8 15 13 1 45 47 31 7 34 43 
50 27 31 28 44 8 25 50 23 20 17 42 36 40 47 7 3 15 32 4 43 13 24 16 26 49 34 6 30 45 18 2 9 29 48 14 46 19 12 37 21 41 38 22 1 33 10 11 35 39 5 
50 11 19 4 35 6 31 16 17 7 21 42 20 47 14 10 26 34 48 40 41 1 3 38 13 50 44 43 46 15 33 28 25 27 37 32 45 2 9 30 23 36 18 49 12 39 8 22 24 29 5 
50 21 18 19 31 36 1 8 43 6 30 2 15 26 50 4 11 38 23 47 32 45 27 22 35 39 24 25 42 12 20 28 37 40 13 34 46 16 49 9 17 7 3 48 41 33 5 14 44 29 10 
50 38 36 34 2 23 15 47 20 40 14 28 39 30 26 43 35 11 12 42 3 6 45 22 29 31 21 5 17 25 7 41 8 10 13 9 27 1 16 50 18 19 24 44 48 46 37 33 4 49 32 
50 3 14 30 7 45 39 27 8 31 10 40 11 41 4 9 13 15 33 44 24 2 22 46 32 16 36 34 47 26 38 43 37 5 17 6 12 23 21 49 48 28 25 50 35 29 42 18 1 19 20 
50 27 24 49 28 22 16 11 42 46 18 17 36 48 45 13 8 50 7 33 47 3 37 15 2 43 30 29 9 14 12 41 5 44 21 20 32 6 31 23 19 40 34 1 10 39 26 25 35 38 4 
50 3 29 13 16 6 23 31 12 50 39 25 28 36 2 20 35 33 47 44 9 45 17 21 24 40 27 15 32 5 10 11 34 41 30 19 38 4 42 7 37 43 22 18 14 8 46 49 48 1 26 
50 42 8 18 48 39 23 20 1 46 17 12 50 47 27 25 14 29 43 33 38 11 3 35 37 7 6 30 9 2 13 31 21 24 19 40 4 36 5 32 16 49 44 45 28 41 10 22 34 15 26 
50 48 28 31 2 41 34 49 4 9 26 22 7 33 19 43 47 13 46 37 40 8 38 25 1 27 18 24 15 10 17 14 44 3 39 12 35 21 36 5 32 42 30 20 50 11 6 16 45 29 23 
50 9 45 12 37 48 38 21 15 18 24 17 35 49 43 20 6 11 40 47 10 30 46 29 3 7 34 14 19 44 26 25 8 39 23 50 2 32 22 4 16 28 5 36 42 27 41 1 33 31 13 
50 25 1 40 28 36 39 22 42 10 45 15 50 19 34 32 26 2 44 13 30 7 24 31 47 41 17 4 20 48 49 11 3 18 46 23 5 12 9 16 14 21 6 27 37 35 43 29 33 38 8 
50 12 11 26 22 5 37 41 2 28 4 47 48 25 34 40 3 35 10 33 31 9 14 45 32 36 19 46 1 8 49 16 50 44 43 7 27 29 21 18 17 13 23 6 15 24 30 20 42 38 39 
