50
50 1 10 2 38 37 46 47 22 44 50 11 16 49 28 12 3 18 29 7 5 32 41 13 15 27 19 9 24 8 45 36 14 17 30 6 34 33 23 35 43 26 39 20 25 40 4 48 31 21 42 
50 25 4 12 38 20 42 46 18 36 45 22 19 31 8 11 48 47 35 41 17 13 34 29 15 21 44 27 28 5 50 26 37 43 23 39 9 24 33 30 32 7 2 49 14 3 6 40 1 16 10 
50 2 18 8 48 50 41 25 47 7 26 43 11 5 35 30 45 32 29 46 6 15 1 37 28 24 20 36 42 44 17 49 14 34 27 23 31 9 39 16 40 12 10 21 4 22 38 33 13 3 19 
50 17 5 34 38 42 14 26 41 39 15 1 20 25 27 23 6 11 36 35 3 37 18 40 30 45 12 31 49 29 43 46 32 24 16 48 44 8 19 28 21 10 13 7 4 9 33 2 50 22 47 
50 4 48 5 3 47 45 27 49 13 30 22 20 34 9 19 1 38 16 23 41 29 21 8 2 46 25 17 32 31 35 24 39 18 12 44 28 7 42 6 10 36 50 43 37 11 26 33 15 40 14 
50 17 20 50 38 48 19 30 21 22 18 25 42 31 28 1 26 27 3 41 14 6 16 40 12 15 5 37 39 4 8 2 32 29 13 47 36 11 33 10 7 44 35 34 24 23 46 9 49 45 43 
50 1 38 3 35 28 20 49 5 22 29 42 44 15 17 25 30 12 31 2 33 40 10 47 7 18 6 9 48 37 26 19 50 4 41 13 11 43 24 46 23 32 36 34 16 8 39 27 45 14 21 
50 5 32 26 15 47 3 10 9 28 37 20 17 4 35 6 27 49 11 48 2 44 23 12 25 41 30 29 13 40 46 22 1 21 8 34 43 19 45 24 31 14 50 42 33 18 36 7 16 39 38 
50 16 47 44 6 21 40 20 8 36 46 18 27 48 49 7 17 4 19 45 12 24 15 37 32 25 43 26 22 28 42 41 1 14 3 31 29 35 30 11 5 9 50 2 23 10 33 13 34 39 38 
50 13 15 36 20 30 4 39 2 41 10 14 33 11 45 42 18 43 17 29 16 35 28 44 32 24 7 19 46 12 26 9 25 1 3 40 22 8 5 23 27 50 21 49 37 31 6 34 48 38 47 
50 39 47 50 43 35 14 49 11 10 28 6 15 38 30 21 34 17 46 7 22 18 25 1 27 23 19 32 36 37 29 42 45 16 44 24 20 31 33 13 3 12 41 48 8 5 9 2 26 40 4 
50 7 11 28 9 31 13 10 49 32 42 26 45 48 12 47 15 6 35 33 14 5 24 23 16 4 46 38 29 22 27 37 17 30 39 20 36 25 34 43 40 21 3 1 41 8 50 44 19 2 18 
50 47 15 26 20 35 21 24 3 22 44 11 4 2 36 29 49 8 7 48 13 32 17 27 14 5 10 33 18 46 43 34 41 30 37 19 31 50 45 28 42 9 6 12 1 16 23 39 38 40 25 
50 25 17 34 18 43 16 9 46 40 13 33 24 45 35 1 42 12 15 8 44 11 22 26 29 50 6 20 5 31 38 4 30 28 49 47 3 48 10 2 39 27 37 32 19 14 41 7 23 36 21 
50 32 40 14 28 34 7 36 22 31 33 26 21 18 17 5 27 43 38 16 50 30 1 45 42 4 2 10 8 23 15 48 44 3 41 37 46 39 19 24 35 6 25 11 9 29 13 47 20 49 12 
50 22 15 43 29 13 9 6 8 47 3 50 48 10 45 32 1 49 24 42 20 33 19 7 2 14 35 21 37 18 25 30 12 4 31 46 38 44 39 16 23 36 26 40 41 5 11 17 34 27 28 
50 48 13 25 47 44 37 17 20 50 14 7 28 2 29 18 46 34 33 39 35 40 1 23 41 19 4 24 10 12 30 21 38 32 16 8 26 3 49 6 36 11 42 9 15 22 45 31 5 43 27 
50 50 48 20 23 27 49 41 18 28 43 44 9 47 17 24 6 33 19 2 36 37 29 7 1 32 34 11 4 45 13 22 10 16 46 39 5 35 21 38 30 14 42 3 40 12 15 8 26 31 25 
50 4 31 17 30 14 7 8 36 19 45 33 39 29 50 10 11 42 1 21 12 24 41 18 32 47 13 38 2 44 20 26 34 15 22 6 48 37 49 43 9 25 28 23 35 5 16 3 46 40 27 
50 30 46 21 36 28 44 33 29 24 22 9 26 8 18 50 42 39 4 5 34 6 47 48 13 38 49 25 3 17 10 1 37 31 32 16 14 19 2 35 41 11 20 40 27 15 23 45 43 12 7 
50 7 1 29 26 41 14 19 21 22 40 16 12 2 6 8 33 46 28 32 48 49 4 3 15 25 38 42 10 47 43 31 35 50 23 11 17 30 27 13 9 34 36 44 20 5 45 24 18 37 39 
50 25 31 29 45 41 8 34 28 24 23 19 16 36 3 4 6 43 46 37 11 20 2 40 1 21 47 13 44 17 35 32 50 12 18 22 26 7 5 42 9 33 48 49 14 30 39 27 15 38 10 
50 9 30 45 13 19 20 15 42 35 4 21 12 46 10 28 40 50 29 41 11 27 6 5 32 14 36 3 18 16 25 8 44 7 24 37 38 48 26 23 31 2 22 17 43 49 33 34 47 1 39 
50 13 47 2 10 34 27 24 3 14 32 33 29 49 11 28 43 16 31 50 48 42 22 46 37 23 4 17 36 21 30 45 12 5 20 9 44 26 25 40 18 7 41 35 8 15 39 6 1 19 38 
50 36 5 25 16 3 2 41 24 40 47 30 19 37 43 48 15 44 7 35 1 6 50 42 18 20 9 29 11 45 46 28 22 34 27 39 26 12 31 4 8 14 23 13 33 38 32 49 21 10 17 
50 37 32 40 39 47 43 49 7 20 35 6 15 26 42 8 23 1 27 31 16 19 13 46 24 48 3 5 45 9 12 34 14 17 4 11 44 41 21 33 38 29 25 22 28 36 10 50 30 18 2 
50 25 37 45 27 10 33 32 29 23 22 20 17 44 11 46 12 16 36 21 1 31 4 41 7 47 9 38 42 15 3 30 6 2 34 24 35 39 28 8 43 13 19 48 50 14 26 5 49 18 40 
50 15 30 32 41 33 12 31 27 9 26 21 5 48 22 28 24 16 39 11 10 23 17 38 40 43 37 1 35 20 25 7 4 2 42 34 29 13 19 18 49 50 14 8 44 47 45 3 46 6 36 
50 7 12 1 16 30 32 31 3 24 28 45 13 25 20 5 11 46 41 40 2 42 19 36 15 21 35 8 50 38 49 27 6 47 39 9 33 18 26 23 29 17 14 22 48 4 44 34 10 37 43 
50 50 29 22 1 23 14 36 26 16 21 43 2 13 8 3 10 39 44 7 34 35 40 6 27 38 25 20 32 41 45 18 12 42 4 47 24 30 37 31 28 33 48 15 9 11 5 19 46 17 49 
50 18 38 44 20 49 27 15 28 17 22 23 40 30 7 9 42 32 31 14 19 6 45 29 26 4 50 35 10 12 2 41 8 1 34 16 46 11 13 21 5 24 43 48 37 3 36 47 33 25 39 
50 4 20 36 7 39 42 37 32 24 29 18 35 6 43 8 21 23 41 34 47 45 12 31 14 1 44 9 50 27 22 17 30 10 19 25 40 28 16 11 2 26 13 48 49 33 3 46 38 5 15 
50 17 46 16 47 21 2 9 24 36 31 25 37 43 22 44 11 3 29 23 35 20 12 27 40 30 26 4 5 7 41 39 13 50 48 45 8 49 10 32 6 15 19 1 14 28 42 34 18 38 33 
50 6 8 36 37 48 19 26 10 9 11 40 5 33 46 39 15 34 22 3 27 21 4 2 12 20 38 42 14 47 7 1 23 13 16 17 32 50 28 29 45 44 30 43 24 25 41 49 18 31 35 
50 46 4 38 42 13 49 33 36 43 39 12 41 18 35 9 22 1 34 2 16 29 15 32 37 19 23 20 40 24 48 21 5 26 10 47 11 27 14 7 44 28 31 8 6 25 45 17 3 30 50 
50 19 46 44 14 42 23 26 15 20 38 39 11 1 27 2 47 22 5 9 18 3 29 4 34 37 6 17 35 50 33 21 48 10 30 40 7 24 28 12 25 49 36 31 16 41 13 43 8 32 45 
50 1 37 20 35 44 13 46 38 17 9 31 28 8 10 23 12 19 21 32 45 6 16 24 3 5 30 41 26 7 39 4 25 22 48 43 36 27 11 29 42 49 50 34 2 33 40 18 47 15 14 
50 32 34 27 31 5 43 42 15 48 22 23 28 13 18 8 29 9 37 47 40 50 19 21 41 17 11 12 1 6 46 10 35 49 36 24 30 39 16 38 7 2 33 20 14 26 4 45 3 44 25 
50 9 31 35 23 15 3 18 27 48 45 8 21 40 29 22 47 26 17 37 19 44 33 2 4 28 12 20 30 24 11 46 41 43 25 5 49 10 34 7 32 1 38 39 36 42 50 16 14 13 6 
50 50 10 36 29 38 49 7 25 30 15 48 9 22 14 20 41 27 24 33 42 35 31 16 13 43 47 11 28 4 21 44 34 26 12 39 17 8 1 40 46 23 5 45 32 6 3 37 19 18 2 
50 26 25 7 22 48 1 13 9 14 23 31 2 36 45 28 19 8 33 41 49 4 29 35 27 21 34 42 10 16 11 6 18 24 39 40 12 47 15 32 5 20 3 46 37 50 44 17 38 43 30 
50 26 49 23 5 45 22 39 33 27 42 2 12 31 24 47 20 10 21 37 13 32 6 19 3 43 16 48 34 50 1 36 28 30 7 8 41 40 29 35 18 15 9 17 11 38 4 46 44 25 14 
50 10 20 32 35 34 26 28 14 45 48 43 36 6 39 31 41 8 46 42 40 12 4 30 17 9 3 38 16 19 11 22 27 15 44 23 37 47 49 13 7 21 5 29 1 33 18 50 24 2 25 
50 49 20 23 8 29 45 41 30 38 40 3 21 9 1 7 28 19 11 10 48 36 34 44 14 39 15 16 17 47 2 35 24 26 12 4 25 50 43 33 5 6 46 13 32 37 31 22 27 42 18 
50 46 31 22 19 23 27 28 9 21 37 2 3 47 33 16 32 34 14 5 10 48 36 1 15 7 17 41 42 8 26 18 13 25 29 35 11 6 49 43 45 44 20 30 12 4 40 38 24 50 39 
50 3 32 8 38 11 15 44 9 23 37 41 16 49 42 30 12 19 6 50 4 26 31 21 34 5 47 48 39 17 27 18 33 35 1 36 40 28 45 43 10 14 2 46 22 13 20 24 7 29 25 
50 50 10 34 49 36 31 22 23 16 8 25 29 46 5 47 32 39 9 7 19 40 2 26 24 21 6 15 18 44 28 4 20 42 37 35 43 14 45 38 30 48 27 1 11 13 12 33 41 3 17 
50 39 47 33 15 14 12 42 3 37 25 31 7 32 22 29 13 20 27 41 26 40 24 35 9 38 19 2 45 8 10 6 23 36 30 21 43 5 18 50 1 48 34 49 17 4 46 16 44 11 28 
50 50 26 22 18 19 25 12 14 17 16 9 2 44 29 45 4 24 21 28 47 37 15 1 34 41 49 27 43 39 31 23 46 48 11 38 35 42 7 10 40 20 8 13 3 30 36 6 5 33 32 
50 44 16 50 30 32 31 21 7 5 22 6 9 3 36 4 11 29 48 34 40 37 26 27 15 20 13 33 49 28 1 41 8 38 35 24 10 23 19 45 2 14 25 43 42 46 12 47 18 39 17 
50 12 49 50 5 30 32 20 25 15 3 22 26 18 21 45 48 10 13 33 38 6 27 35 41 44 7 36 17 31 39 4 24 43 16 9 40 42 11 47 34 19 23 1 29 2 28 46 37 14 8 
50 32 3 34 43 48 41 9 22 49 39 35 46 10 15 23 42 16 17 37 13 45 5 1 8 31 30 19 7 18 4 33 20 40 28 27 44 24 11 6 36 47 25 26 21 29 50 14 12 38 2 
50 17 40 31 29 47 27 43 48 36 16 23 32 33 42 28 1 12 38 26 30 18 3 4 6 20 25 10 2 35 34 5 8 39 11 49 37 22 14 41 21 9 7 13 44 46 45 24 19 15 50 
50 38 4 7 28 32 29 33 1 45 9 11 26 8 35 17 31 44 25 27 19 46 16 23 47 18 22 42 34 6 43 36 15 50 37 40 3 10 14 20 2 13 21 5 30 39 49 24 41 12 48 
50 2 22 17 25 14 8 5 13 48 34 47 21 7 1 41 12 23 29 35 49 4 26 19 16 15 45 3 28 39 10 46 44 40 20 24 30 32 18 9 38 31 36 37 50 42 6 27 11 43 33 
50 25 12 10 35 28 2 20 27 17 8 1 16 48 13 45 21 26 6 31 37 4 11 38 46 18 7 44 33 36 47 30 24 9 19 15 14 22 49 34 42 50 29 23 43 40 5 41 3 32 39 
50 30 45 36 13 37 32 16 10 28 33 31 17 3 49 14 44 12 29 19 41 22 34 2 7 20 23 8 42 35 48 18 40 4 25 50 6 15 39 24 43 27 5 1 38 46 26 9 47 11 21 
50 20 9 28 35 30 12 11 16 46 8 34 36 27 5 48 21 50 44 14 22 37 47 24 13 19 18 29 6 32 4 31 39 43 42 17 3 26 33 45 2 15 41 23 10 1 40 38 25 7 49 
50 14 50 23 40 17 18 38 26 43 2 19 48 1 3 13 15 4 20 11 39 9 25 21 27 45 47 7 37 41 16 34 6 5 12 35 32 46 36 28 8 30 33 22 42 31 24 10 49 29 44 
50 17 23 26 3 38 47 2 9 39 12 36 27 31 49 33 34 8 24 14 42 19 10 37 21 48 5 22 46 16 29 7 15 45 1 41 4 25 11 43 18 6 28 40 44 35 20 13 50 30 32 
50 7 26 41 22 12 25 36 45 5 38 4 8 33 15 31 28 44 10 16 29 11 42 2 39 23 46 17 49 48 19 13 9 24 3 1 32 20 43 14 34 18 30 21 27 47 40 50 6 35 37 
50 26 25 44 3 14 2 36 50 30 34 16 41 45 49 43 12 7 15 6 32 17 21 24 22 9 5 39 38 23 20 40 18 37 31 48 19 27 28 4 47 29 35 11 33 42 10 8 13 46 1 
50 44 11 34 5 2 49 45 40 24 1 47 19 37 22 35 16 9 25 4 50 36 46 17 23 8 15 29 10 42 30 6 26 48 21 31 20 28 13 18 32 7 39 38 41 3 27 14 12 43 33 
50 43 17 30 27 1 34 41 13 24 29 11 4 23 7 6 42 21 18 12 25 3 39 5 40 28 20 38 35 46 19 37 2 10 26 8 48 14 15 32 45 31 50 49 33 9 44 16 22 36 47 
50 6 27 42 14 23 11 5 40 31 32 26 4 38 39 18 1 45 25 20 15 48 12 46 16 19 37 47 33 10 30 22 50 13 35 9 28 36 2 21 7 34 43 49 41 44 17 24 8 29 3 
50 6 47 18 13 30 28 31 12 39 45 1 8 11 40 41 24 27 38 43 10 36 17 4 19 48 29 32 37 9 50 21 26 5 3 33 46 15 16 22 35 7 49 20 2 34 23 14 44 42 25 
50 32 27 17 18 26 5 11 3 33 39 34 50 8 7 35 9 24 4 1 29 41 12 21 13 47 23 10 43 2 31 14 30 15 16 6 20 44 37 45 40 49 42 22 25 46 38 19 48 36 28 
50 15 27 42 22 39 30 3 17 28 19 36 50 38 6 26 11 7 5 32 35 1 9 18 31 25 41 34 47 2 20 46 40 21 29 13 8 33 4 48 23 16 12 24 49 43 37 45 10 44 14 
50 43 25 48 17 12 36 24 33 29 31 44 1 22 38 2 4 13 42 11 30 5 27 15 47 40 39 26 20 8 37 9 32 10 19 35 23 49 50 7 28 45 34 41 16 46 14 6 21 3 18 
50 4 12 31 14 36 25 20 21 41 3 38 8 43 44 46 42 6 16 40 26 15 29 22 47 19 33 17 35 37 34 10 23 39 11 7 27 18 50 24 32 30 2 45 48 5 13 49 28 1 9 
50 10 14 1 35 48 38 21 39 6 41 47 19 8 7 17 20 24 4 25 45 29 44 9 27 23 43 46 37 13 18 15 49 50 33 34 2 40 11 5 36 26 42 3 16 31 28 12 32 30 22 
50 48 25 8 30 7 28 19 47 22 10 24 44 41 49 50 23 45 40 14 31 26 17 5 21 39 27 15 43 29 46 13 38 33 35 16 11 12 36 4 6 18 2 1 42 3 32 9 20 37 34 
50 31 26 29 27 35 25 38 6 14 34 37 45 8 48 20 18 19 22 49 5 43 44 40 23 2 11 9 28 21 1 47 41 17 3 4 24 16 42 39 15 32 50 36 30 33 13 46 10 7 12 
50 4 18 36 22 26 48 21 49 19 28 42 38 50 17 14 5 11 46 10 47 2 25 29 8 45 39 43 35 44 13 1 3 6 30 41 12 7 20 16 23 31 40 34 9 37 15 32 24 27 33 
50 32 35 30 17 46 44 29 13 15 1 8 49 36 31 37 20 22 6 43 2 14 41 39 21 5 23 18 10 24 47 33 34 27 38 48 40 26 9 28 12 45 7 42 16 4 11 50 19 3 25 
50 10 50 28 12 13 30 3 41 21 38 1 39 43 19 18 36 25 44 15 40 26 16 33 31 14 49 2 5 32 27 7 9 42 46 24 22 47 29 37 34 11 8 6 20 45 35 48 4 23 17 
50 16 9 24 48 18 8 45 17 4 11 38 41 6 50 12 44 30 37 1 32 33 39 19 35 21 7 25 14 36 34 29 22 28 40 31 27 15 20 43 10 23 47 3 5 49 13 26 42 46 2 
50 46 41 23 6 49 35 43 39 2 32 36 10 31 25 20 17 13 37 42 1 40 22 7 27 34 29 26 15 28 24 30 50 11 21 9 33 19 44 8 48 5 16 12 3 4 14 47 45 18 38 
50 19 38 22 27 2 45 36 35 39 3 17 41 21 46 37 9 47 30 29 40 31 42 23 50 26 24 15 14 34 32 11 25 6 4 5 13 33 28 1 48 43 8 7 49 44 18 16 12 20 10 
50 22 15 14 44 42 2 6 39 7 28 24 23 37 12 5 34 27 40 16 9 41 49 32 18 48 50 45 38 10 20 43 8 47 17 31 46 36 1 19 26 30 13 33 25 21 35 4 3 11 29 
50 41 36 8 37 48 20 43 27 31 21 30 39 24 25 23 16 40 29 9 14 19 10 7 45 49 3 13 15 38 33 34 18 35 17 5 28 46 42 2 32 50 22 12 1 47 11 6 4 44 26 
50 9 34 28 21 22 36 26 10 19 25 40 11 48 2 1 42 27 38 13 33 17 20 46 6 30 39 44 41 14 23 47 31 43 12 29 32 49 5 24 16 4 45 8 7 50 18 3 35 37 15 
50 21 36 29 47 19 18 34 10 30 1 4 44 7 23 2 43 26 48 35 9 32 46 49 50 25 37 8 31 33 5 15 41 38 17 27 13 42 12 14 39 11 3 20 16 45 22 6 40 28 24 
50 33 36 2 25 41 4 46 40 48 9 15 19 6 49 28 22 34 35 30 32 47 3 23 16 21 26 11 45 38 20 13 17 18 12 50 29 7 8 14 5 43 39 31 24 42 37 1 10 44 27 
50 47 46 16 5 15 20 30 22 49 42 6 21 45 17 40 7 38 1 48 4 35 18 11 28 44 14 13 8 37 34 32 19 24 23 27 26 10 43 41 31 33 36 39 3 9 2 25 50 12 29 
50 10 28 32 47 43 5 27 50 3 18 13 44 4 30 8 31 49 24 7 36 21 46 6 42 16 41 37 29 48 9 45 15 33 26 25 12 2 17 11 35 23 22 1 34 40 19 20 14 38 39 
50 7 25 24 46 43 19 3 14 38 5 36 9 16 1 4 11 17 41 2 30 37 22 15 33 21 32 47 18 44 39 8 48 23 29 34 35 12 31 10 45 27 49 13 20 6 26 28 50 42 40 
50 43 26 35 20 47 29 25 41 45 3 12 32 50 11 40 6 37 7 5 4 23 42 2 9 31 22 46 14 30 21 17 48 34 8 10 28 33 13 49 36 44 19 18 39 38 1 16 24 27 15 
50 3 11 35 29 19 17 27 46 2 45 16 4 44 32 23 21 49 26 25 7 47 37 22 13 41 31 42 6 15 30 28 18 33 14 43 48 8 12 10 24 50 34 9 36 40 1 38 20 39 5 
50 38 46 2 34 23 10 16 48 18 29 40 45 50 42 49 37 31 25 27 3 14 47 20 6 9 33 41 32 21 5 1 30 11 15 17 39 13 36 7 22 12 4 43 8 26 24 44 28 35 19 
50 41 35 13 49 34 26 23 36 17 39 27 2 18 43 38 7 48 29 30 11 19 9 1 45 42 40 5 20 10 44 8 15 25 50 12 24 6 3 46 33 37 22 21 4 14 16 47 32 28 31 
50 25 5 44 18 20 19 41 9 23 48 28 13 46 14 40 26 12 11 21 34 35 50 31 1 22 27 2 6 29 47 38 17 4 32 30 49 37 10 24 33 16 39 8 7 42 43 15 3 45 36 
50 19 48 29 23 7 30 20 1 22 16 27 50 14 36 33 44 5 37 41 34 11 6 40 21 45 25 49 28 12 32 42 26 18 38 10 3 24 15 43 47 35 46 17 39 8 31 4 13 2 9 
50 32 41 20 3 38 6 12 46 47 50 37 48 15 43 49 36 39 34 11 5 2 28 17 16 26 40 24 19 27 10 42 13 29 45 30 8 4 18 14 44 7 33 23 25 1 9 21 35 22 31 
50 30 31 50 25 37 8 14 13 15 1 41 44 34 24 19 22 12 36 39 3 49 10 18 20 48 46 33 6 5 35 4 28 23 38 11 26 17 43 2 7 32 16 9 40 42 27 47 45 21 29 
50 46 38 18 27 26 43 33 3 24 14 42 16 32 1 30 39 40 35 2 9 48 44 22 21 31 12 45 50 13 34 28 25 11 47 20 19 41 7 36 8 15 17 49 4 29 5 37 6 10 23 
50 34 8 7 40 36 11 12 22 45 23 41 24 31 32 17 15 9 21 14 26 3 27 6 2 46 35 49 29 19 33 47 44 1 42 16 5 25 43 10 30 28 39 4 48 20 13 50 37 38 18 
50 26 28 44 48 12 1 42 4 33 45 10 9 29 15 39 43 27 49 2 36 30 14 23 25 5 18 47 22 31 19 17 21 46 8 32 6 13 11 3 41 34 50 7 35 16 37 24 20 38 40 
50 4 33 31 11 45 25 47 16 27 28 18 35 32 23 38 50 24 7 8 21 36 14 26 40 19 15 9 5 6 42 49 17 30 2 29 1 44 48 39 22 41 43 20 37 13 46 10 34 12 3 
50 35 9 8 14 21 33 44 24 49 45 13 47 22 19 43 41 16 50 25 7 30 34 10 37 39 12 11 31 29 6 5 3 15 2 1 38 20 36 27 23 4 18 48 42 32 28 17 40 26 46 
