0 670
1 516
2 818
3 827
4 853
5 538
6 749
7 679
8 962
9 740
10 572
11 928
12 603
13 952
14 648
15 583
16 580
17 803
18 735
19 966
20 993
21 597
22 967
23 851
24 588
25 927
26 805
27 937
28 794
29 925
30 973
31 555
32 688
33 888
34 979
35 640
36 793
37 779
38 647
39 943
40 598
41 687
42 974
43 903
44 637
45 770
46 521
47 813
48 896
49 984
50 829
51 563
52 517
53 885
54 668
55 886
56 786
57 965
58 684
59 848
60 682
61 996
62 859
63 512
64 606
65 882
66 728
67 762
68 532
69 712
70 628
71 918
72 662
73 584
74 784
75 714
76 834
77 594
78 700
79 734
80 904
81 791
82 575
83 877
84 513
85 581
86 787
87 681
88 623
89 624
90 981
91 755
92 910
93 673
94 780
95 518
96 893
97 908
98 795
99 548
100 599
101 635
102 676
103 959
104 569
105 509
106 997
107 709
108 732
109 701
110 589
111 650
112 792
113 511
114 577
115 699
116 824
117 695
118 971
119 816
120 554
121 620
122 630
123 753
124 798
125 702
126 828
127 860
128 616
129 585
130 621
131 703
132 970
133 609
134 790
135 820
136 608
137 556
138 863
139 646
140 625
141 865
142 875
143 822
144 568
145 718
146 697
147 736
148 846
149 804
150 934
151 915
152 812
153 643
154 533
155 590
156 924
157 788
158 926
159 655
160 537
161 776
162 552
163 879
164 830
165 808
166 951
167 990
168 724
169 726
170 947
171 543
172 946
173 847
174 629
175 802
176 839
177 619
178 707
179 607
180 953
181 930
182 774
183 756
184 678
185 666
186 514
187 907
188 782
189 948
190 765
191 547
192 504
193 841
194 929
195 825
196 923
197 727
198 716
199 685
200 683
201 505
202 526
203 633
204 587
205 549
206 849
207 561
208 759
209 644
210 968
211 939
212 921
213 567
214 940
215 891
216 775
217 855
218 570
219 898
220 975
221 850
222 636
223 920
224 905
225 844
226 500
227 797
228 748
229 602
230 715
231 992
232 799
233 767
234 982
235 614
236 582
237 815
238 564
239 783
240 972
241 601
242 652
243 558
244 706
245 559
246 919
247 705
248 677
249 634
250 901
251 960
252 745
253 985
254 595
255 909
256 954
257 945
258 796
259 857
260 551
261 977
262 764
263 976
264 731
265 842
266 746
267 852
268 725
269 694
270 627
271 994
272 649
273 864
274 641
275 618
276 936
277 917
278 897
279 593
280 544
281 838
282 856
283 807
284 626
285 503
286 969
287 750
288 645
289 843
290 922
291 810
292 861
293 674
294 720
295 751
296 665
297 955
298 785
299 944
300 991
301 638
302 988
303 866
304 591
305 958
306 539
307 667
308 902
309 545
310 515
311 867
312 631
313 989
314 710
315 942
316 956
317 914
318 693
319 689
320 540
321 617
322 692
323 528
324 950
325 651
326 878
327 884
328 524
329 743
330 530
331 719
332 604
333 632
334 963
335 773
336 721
337 757
338 669
339 506
340 612
341 789
342 833
343 858
344 704
345 831
346 742
347 931
348 613
349 912
350 642
351 913
352 876
353 656
354 519
355 811
356 573
357 781
358 744
359 800
360 778
361 675
362 520
363 961
364 664
365 872
366 508
367 899
368 868
369 610
370 949
371 722
372 883
373 999
374 657
375 890
376 501
377 987
378 874
379 502
380 733
381 527
382 708
383 895
384 832
385 869
386 806
387 932
388 730
389 880
390 836
391 777
392 639
393 672
394 935
395 933
396 696
397 600
398 522
399 653
400 713
401 819
402 941
403 578
404 761
405 739
406 605
407 574
408 737
409 771
410 615
411 596
412 553
413 592
414 881
415 823
416 835
417 576
418 729
419 658
420 536
421 622
422 766
423 894
424 845
425 758
426 887
427 717
428 586
429 873
430 911
431 980
432 550
433 611
434 821
435 752
436 557
437 741
438 900
439 663
440 906
441 680
442 565
443 535
444 542
445 659
446 690
447 772
448 660
449 840
450 510
451 571
452 754
453 723
454 769
455 983
456 809
457 531
458 826
459 986
460 763
461 691
462 698
463 525
464 562
465 892
466 814
467 523
468 801
469 889
470 916
471 579
472 566
473 978
474 837
475 686
476 747
477 661
478 529
479 671
480 995
481 541
482 654
483 957
484 964
485 817
486 738
487 998
488 854
489 711
490 560
491 938
492 534
493 871
494 507
495 760
496 546
497 870
498 768
499 862
