10
10 1 5 10 6 3 7 2 9 8 4 
10 3 10 2 7 4 8 9 5 6 1 
10 4 9 2 7 8 3 6 5 10 1 
10 7 8 10 5 4 1 2 6 9 3 
10 10 5 3 1 8 7 9 4 6 2 
10 10 9 5 1 8 2 6 3 4 7 
10 10 2 7 1 6 8 3 9 5 4 
10 10 6 2 8 9 1 5 7 4 3 
10 4 10 3 7 6 2 5 9 1 8 
10 1 4 6 9 10 5 7 3 8 2 
10 4 6 10 5 3 1 7 9 8 2 
10 3 4 9 5 6 1 7 2 10 8 
10 4 7 9 3 10 6 2 1 5 8 
10 9 10 1 5 3 4 8 2 6 7 
10 9 1 8 4 10 3 2 6 5 7 
10 8 7 3 4 6 10 1 5 2 9 
10 1 8 4 3 2 9 5 7 6 10 
10 1 9 6 8 7 4 5 2 3 10 
10 4 7 8 6 3 2 5 1 9 10 
10 4 10 5 1 6 2 9 3 8 7 
