10
10 5 4 1 6 3 7 9 10 2 8 
10 3 2 8 1 5 10 7 9 4 6 
10 5 9 1 10 8 3 4 6 2 7 
10 6 1 7 4 10 9 8 5 3 2 
10 5 6 1 10 3 4 7 9 8 2 
10 5 2 7 9 1 6 4 8 3 10 
10 6 7 4 1 5 2 10 3 9 8 
10 9 1 7 2 6 3 10 8 4 5 
10 1 3 9 6 7 5 8 2 4 10 
10 9 1 3 10 6 8 7 2 4 5 
10 7 9 5 6 2 4 8 10 3 1 
10 3 2 7 10 9 6 8 4 1 5 
10 1 8 7 4 3 6 9 5 2 10 
10 10 4 9 6 7 5 3 1 8 2 
10 7 3 10 9 8 4 5 6 1 2 
10 1 10 3 5 2 4 9 6 8 7 
10 4 8 9 6 10 7 1 5 2 3 
10 8 3 4 2 1 9 7 10 5 6 
10 1 3 7 10 9 6 4 5 8 2 
10 5 9 7 1 10 3 4 6 8 2 
