10
10 9 2 4 10 3 1 8 7 6 5 
10 10 2 6 4 5 7 1 3 9 8 
10 8 3 1 4 7 2 5 6 9 10 
10 4 7 10 3 1 6 5 9 2 8 
10 5 3 2 9 10 7 1 8 6 4 
10 10 1 6 4 3 5 9 2 7 8 
10 5 8 9 4 1 6 10 3 2 7 
10 9 3 1 4 6 2 10 7 5 8 
10 3 2 9 5 8 4 10 6 7 1 
10 9 3 1 6 5 4 10 8 7 2 
10 2 8 10 6 9 5 1 7 4 3 
10 3 8 5 4 7 6 2 1 10 9 
10 8 9 3 7 1 6 5 2 4 10 
10 5 6 1 7 3 2 9 8 4 10 
10 9 4 8 6 3 7 5 10 1 2 
10 10 2 4 6 3 7 9 8 5 1 
10 5 7 6 10 9 4 2 3 1 8 
10 3 5 2 10 8 4 1 7 9 6 
10 6 10 8 7 4 9 5 3 2 1 
10 5 7 8 1 9 4 3 2 10 6 
