10
10 4 2 5 9 3 6 8 1 7 10 
10 10 6 3 2 1 8 9 4 7 5 
10 2 10 8 3 7 5 6 1 4 9 
10 3 8 4 1 2 6 10 5 9 7 
10 6 9 1 5 10 7 3 8 2 4 
10 3 2 1 6 7 4 9 10 5 8 
10 5 9 6 3 8 7 4 1 2 10 
10 3 4 6 8 10 7 5 2 1 9 
10 10 5 4 2 8 1 7 6 3 9 
10 6 10 8 5 1 9 3 2 4 7 
10 3 1 4 8 5 6 7 9 10 2 
10 5 4 7 8 10 6 9 1 2 3 
10 4 10 6 7 8 2 3 9 1 5 
10 9 6 4 1 3 7 2 5 10 8 
10 1 2 3 7 6 8 9 5 10 4 
10 7 1 2 4 9 8 10 6 3 5 
10 2 7 10 8 3 6 4 9 1 5 
10 4 5 2 10 6 7 1 3 8 9 
10 5 6 1 7 3 8 9 2 10 4 
10 9 7 2 4 6 10 5 3 1 8 
